0.0000, 0.7201
0.0043, 0.7244
0.0128, 0.7244
0.0171, 0.7244
0.0214, 0.7286
0.0299, 0.7286
0.0342, 0.7329
0.0385, 0.7329
0.0470, 0.7329
0.0556, 0.7372
0.0598, 0.7415
0.0684, 0.7415
0.0769, 0.7415
0.0855, 0.7500
0.0940, 0.7500
0.1026, 0.7543
0.1111, 0.7543
0.1197, 0.7543
0.1282, 0.7585
0.1325, 0.7585
0.1410, 0.7585
0.1538, 0.7585
0.1624, 0.7585
0.1709, 0.7585
0.1795, 0.7585
0.1923, 0.7585
0.2008, 0.7585
0.2094, 0.7585
0.2180, 0.7543
0.2308, 0.7457
0.2350, 0.7457
0.2393, 0.7415
0.2479, 0.7372
0.2521, 0.7329
0.2521, 0.7286
0.2650, 0.7244
0.2650, 0.7158
0.2692, 0.7073
0.2735, 0.7030
0.2820, 0.6945
0.2820, 0.6902
0.2863, 0.6816
0.2949, 0.6731
0.2991, 0.6645
0.3077, 0.6560
0.3120, 0.6474
0.3162, 0.6346
0.3205, 0.6218
0.3291, 0.6133
0.3333, 0.5962
0.3376, 0.5833
0.3419, 0.5748
0.3462, 0.5620
0.3504, 0.5491
0.3547, 0.5321
0.3590, 0.5235
0.3590, 0.5150
0.3675, 0.4979
0.3675, 0.4893
0.3718, 0.4808
0.3761, 0.4722
0.3761, 0.4594
0.3761, 0.4509
0.3761, 0.4423
0.3803, 0.4338
0.3803, 0.4209
0.3803, 0.4124
0.3803, 0.4039
0.3846, 0.3910
0.3846, 0.3825
0.3846, 0.3739
0.3846, 0.3654
0.3889, 0.3526
0.3932, 0.3440
0.3932, 0.3355
0.3932, 0.3227
0.3932, 0.3141
0.4017, 0.3056
0.4017, 0.2970
0.4060, 0.2927
0.4060, 0.2799
0.4103, 0.2714
0.4103, 0.2671
0.4145, 0.2628
0.4145, 0.2585
0.4145, 0.2500
0.4188, 0.2500
0.4188, 0.2457
0.4231, 0.2457
0.4274, 0.2457
0.4359, 0.2415
0.4402, 0.2415
0.4487, 0.2415
0.4615, 0.2415
0.4786, 0.2415
0.4872, 0.2415
0.5000, 0.2415
0.5128, 0.2415
0.5214, 0.2415
0.5299, 0.2415
0.5470, 0.2457
0.5556, 0.2543
0.5684, 0.2543
0.5812, 0.2585
0.5897, 0.2628
0.5983, 0.2671
0.6068, 0.2714
0.6154, 0.2714
0.6239, 0.2757
0.6282, 0.2799
0.6325, 0.2885
0.6410, 0.2927
0.6538, 0.2970
0.6624, 0.3056
0.6709, 0.3141
0.6838, 0.3269
0.6880, 0.3312
0.6966, 0.3397
0.7008, 0.3440
0.7051, 0.3611
0.7180, 0.3697
0.7265, 0.3782
0.7308, 0.3953
0.7350, 0.4039
0.7436, 0.4209
0.7479, 0.4380
0.7564, 0.4509
0.7607, 0.4680
0.7650, 0.4765
0.7692, 0.4893
0.7735, 0.5021
0.7778, 0.5107
0.7820, 0.5192
0.7906, 0.5363
0.7949, 0.5449
0.7991, 0.5534
0.8034, 0.5620
0.8077, 0.5705
0.8162, 0.5748
0.8248, 0.5833
0.8291, 0.5876
0.8333, 0.5919
0.8419, 0.5962
0.8462, 0.6090
0.8590, 0.6090
0.8632, 0.6133
0.8718, 0.6175
0.8761, 0.6175
0.8803, 0.6175
0.8846, 0.6218
0.8974, 0.6218
0.9017, 0.6218
0.9103, 0.6261
0.9145, 0.6261
0.9231, 0.6261
0.9316, 0.6303
0.9402, 0.6303
0.9487, 0.6303
0.9573, 0.6303
0.9658, 0.6303
0.9744, 0.6303
0.9786, 0.6303
0.9829, 0.6303
0.9872, 0.6303
0.9914, 0.6303
1.0000, 0.6303

0.4872, 0.7415
0.4701, 0.7415
0.4658, 0.7415
0.4615, 0.7415
0.4530, 0.7415
0.4444, 0.7415
0.4402, 0.7372
0.4274, 0.7372
0.4188, 0.7329
0.4103, 0.7286
0.3932, 0.7201
0.3846, 0.7073
0.3761, 0.7030
0.3590, 0.6945
0.3462, 0.6859
0.3376, 0.6731
0.3205, 0.6688
0.3120, 0.6645
0.3077, 0.6603
0.2991, 0.6560
0.2863, 0.6517
0.2820, 0.6474
0.2778, 0.6474
0.2692, 0.6389
0.2650, 0.6346
0.2564, 0.6346
0.2521, 0.6303

0.3462, 0.6175
0.3462, 0.6047
0.3419, 0.6004
0.3376, 0.5919
0.3333, 0.5919
0.3205, 0.5833
0.3120, 0.5791
0.3034, 0.5748
0.2906, 0.5662
0.2820, 0.5662
0.2735, 0.5620
0.2650, 0.5577
0.2564, 0.5577
0.2521, 0.5534
0.2479, 0.5534
0.2479, 0.5491
