0.0000, 0.7585
0.0048, 0.7585
0.0145, 0.7585
0.0193, 0.7633
0.0242, 0.7633
0.0290, 0.7681
0.0338, 0.7681
0.0386, 0.7681
0.0483, 0.7729
0.0676, 0.7778
0.0773, 0.7778
0.0870, 0.7826
0.1014, 0.7923
0.1159, 0.7923
0.1256, 0.7923
0.1353, 0.7971
0.1401, 0.7971
0.1449, 0.7971
0.1498, 0.7971
0.1546, 0.7971
0.1594, 0.7971
0.1642, 0.7971
0.1739, 0.7971
0.1787, 0.8019
0.1836, 0.8019
0.1884, 0.8019
0.1932, 0.8019
0.1981, 0.8019
0.2029, 0.8019
0.2174, 0.7971
0.2222, 0.7874
0.2270, 0.7778
0.2319, 0.7729
0.2367, 0.7681
0.2415, 0.7633
0.2464, 0.7585
0.2560, 0.7488
0.2657, 0.7440
0.2705, 0.7343
0.2754, 0.7295
0.2802, 0.7246
0.2850, 0.7198
0.2947, 0.7150
0.2995, 0.7053
0.3043, 0.7005
0.3092, 0.6956
0.3140, 0.6908
0.3140, 0.6860
0.3188, 0.6812
0.3188, 0.6763
0.3237, 0.6667
0.3237, 0.6618
0.3333, 0.6570
0.3333, 0.6473
0.3382, 0.6425
0.3382, 0.6280
0.3382, 0.6232
0.3382, 0.6184
0.3382, 0.6087
0.3382, 0.6039
0.3430, 0.5894
0.3430, 0.5797
0.3430, 0.5749
0.3430, 0.5652
0.3430, 0.5556
0.3430, 0.5411
0.3430, 0.5314
0.3430, 0.5266
0.3430, 0.5169
0.3382, 0.5024
0.3382, 0.4928
0.3382, 0.4831
0.3382, 0.4686
0.3382, 0.4589
0.3382, 0.4444
0.3382, 0.4300
0.3382, 0.4203
0.3382, 0.4106
0.3382, 0.4010
0.3382, 0.3865
0.3382, 0.3768
0.3382, 0.3672
0.3430, 0.3575
0.3430, 0.3430
0.3478, 0.3382
0.3478, 0.3285
0.3526, 0.3237
0.3575, 0.3188
0.3575, 0.3043
0.3623, 0.2995
0.3623, 0.2947
0.3671, 0.2850
0.3768, 0.2802
0.3768, 0.2657
0.3816, 0.2609
0.3865, 0.2560
0.3913, 0.2464
0.3961, 0.2464
0.3961, 0.2415
0.3961, 0.2367
0.4010, 0.2271
0.4058, 0.2271
0.4058, 0.2222
0.4155, 0.2174
0.4203, 0.2126
0.4203, 0.2077
0.4251, 0.2077
0.4251, 0.2029
0.4299, 0.2029
0.4299, 0.1981
0.4348, 0.1981
0.4396, 0.1981
0.4541, 0.1981
0.4686, 0.2029
0.4831, 0.2126
0.5024, 0.2174
0.5169, 0.2319
0.5266, 0.2367
0.5362, 0.2415
0.5459, 0.2464
0.5507, 0.2512
0.5604, 0.2560
0.5652, 0.2609
0.5797, 0.2657
0.5845, 0.2754
0.5894, 0.2802
0.5990, 0.2850
0.6039, 0.2899
0.6135, 0.2947
0.6183, 0.2995
0.6232, 0.3043
0.6280, 0.3140
0.6329, 0.3188
0.6377, 0.3285
0.6425, 0.3333
0.6522, 0.3382
0.6570, 0.3527
0.6618, 0.3623
0.6667, 0.3672
0.6667, 0.3768
0.6715, 0.3913
0.6763, 0.3961
0.6811, 0.4058
0.6811, 0.4155
0.6860, 0.4251
0.6957, 0.4396
0.7005, 0.4493
0.7053, 0.4589
0.7101, 0.4734
0.7101, 0.4831
0.7150, 0.4928
0.7198, 0.5024
0.7198, 0.5169
0.7246, 0.5266
0.7343, 0.5362
0.7391, 0.5411
0.7439, 0.5556
0.7439, 0.5652
0.7488, 0.5700
0.7536, 0.5749
0.7536, 0.5797
0.7585, 0.5845
0.7633, 0.5942
0.7729, 0.5990
0.7729, 0.6039
0.7778, 0.6087
0.7826, 0.6087
0.7923, 0.6135
0.7971, 0.6184
0.8019, 0.6232
0.8164, 0.6232
0.8213, 0.6328
0.8309, 0.6377
0.8406, 0.6377
0.8454, 0.6425
0.8647, 0.6473
0.8744, 0.6522
0.8841, 0.6522
0.8985, 0.6570
0.9034, 0.6570
0.9130, 0.6618
0.9179, 0.6715
0.9324, 0.6715
0.9372, 0.6715
0.9469, 0.6763
0.9517, 0.6812
0.9565, 0.6812
0.9613, 0.6812
0.9710, 0.6812
0.9758, 0.6812
0.9807, 0.6860
0.9855, 0.6860
0.9903, 0.6860
0.9903, 0.6812
0.9952, 0.6667
0.9952, 0.6618
1.0000, 0.6570
1.0000, 0.6522
1.0000, 0.6473
1.0000, 0.6425
1.0000, 0.6377
1.0000, 0.6280
1.0000, 0.6232
1.0000, 0.6184
1.0000, 0.6135
1.0000, 0.6087
1.0000, 0.6039
1.0000, 0.5990
1.0000, 0.5894
1.0000, 0.5845
1.0000, 0.5797

0.3961, 0.6812
0.3961, 0.6860
0.3913, 0.6860
0.3768, 0.6860
0.3575, 0.6860
0.3382, 0.6763
0.3140, 0.6667
0.2898, 0.6570
0.2609, 0.6522
0.2367, 0.6473
0.2222, 0.6425
0.2077, 0.6377
0.1932, 0.6377
0.1884, 0.6280
0.1836, 0.6280
0.1884, 0.6280

0.3478, 0.6280
0.3478, 0.6232
0.3430, 0.6184
0.3382, 0.6087
0.3333, 0.6039
0.3285, 0.5990
0.3188, 0.5894
0.3140, 0.5845
0.3140, 0.5797
0.3092, 0.5797
0.3092, 0.5749
0.3043, 0.5700
0.2995, 0.5652
0.2995, 0.5604
0.2947, 0.5556
0.2898, 0.5459
0.2802, 0.5411
0.2754, 0.5362
