1.0000, 0.4321
1.0000, 0.4366
1.0000, 0.4457
0.9955, 0.4502
0.9910, 0.4547
0.9819, 0.4638
0.9774, 0.4683
0.9729, 0.4728
0.9683, 0.4774
0.9638, 0.4819
0.9547, 0.4864
0.9502, 0.4864
0.9412, 0.4910
0.9366, 0.5000
0.9276, 0.5000
0.9231, 0.5045
0.9050, 0.5091
0.8959, 0.5091
0.8824, 0.5136
0.8643, 0.5136
0.8507, 0.5136
0.8416, 0.5136
0.8235, 0.5136
0.8100, 0.5181
0.7919, 0.5181
0.7783, 0.5181
0.7692, 0.5181
0.7511, 0.5181
0.7376, 0.5181
0.7285, 0.5181
0.7149, 0.5136
0.7059, 0.5136
0.6968, 0.5091
0.6923, 0.5091
0.6787, 0.5045
0.6742, 0.5045
0.6697, 0.4955
0.6652, 0.4910
0.6606, 0.4864
0.6516, 0.4819
0.6516, 0.4774
0.6425, 0.4683
0.6380, 0.4683
0.6380, 0.4547
0.6290, 0.4502
0.6290, 0.4412
0.6244, 0.4366
0.6199, 0.4231
0.6199, 0.4140
0.6154, 0.4050
0.6154, 0.4005
0.6063, 0.3869
0.6063, 0.3824
0.6063, 0.3733
0.6018, 0.3688
0.5973, 0.3643
0.5973, 0.3552
0.5928, 0.3416
0.5928, 0.3371
0.5882, 0.3281
0.5837, 0.3190
0.5792, 0.3054
0.5701, 0.3009
0.5656, 0.2919
0.5611, 0.2828
0.5566, 0.2692
0.5520, 0.2647
0.5475, 0.2557
0.5475, 0.2511
0.5430, 0.2466
0.5339, 0.2330
0.5294, 0.2285
0.5249, 0.2240
0.5204, 0.2195
0.5158, 0.2149
0.5113, 0.2104
0.5068, 0.2059
0.5023, 0.2059
0.4932, 0.1968
0.4887, 0.1968
0.4842, 0.1923
0.4796, 0.1923
0.4751, 0.1878
0.4706, 0.1878
0.4661, 0.1878
0.4570, 0.1878
0.4525, 0.1878
0.4480, 0.1878
0.4389, 0.1878
0.4344, 0.1878
0.4163, 0.1923
0.4027, 0.2059
0.3801, 0.2149
0.3710, 0.2240
0.3620, 0.2330
0.3439, 0.2466
0.3348, 0.2557
0.3258, 0.2647
0.3168, 0.2783
0.3032, 0.2873
0.2987, 0.2919
0.2896, 0.3009
0.2851, 0.3190
0.2715, 0.3281
0.2670, 0.3371
0.2579, 0.3507
0.2534, 0.3597
0.2489, 0.3688
0.2443, 0.3778
0.2398, 0.3914
0.2398, 0.4005
0.2308, 0.4095
0.2262, 0.4186
0.2217, 0.4321
0.2217, 0.4412
0.2172, 0.4502
0.2172, 0.4683
0.2127, 0.4774
0.2127, 0.4864
0.2127, 0.5000
0.2081, 0.5091
0.2081, 0.5226
0.2081, 0.5317
0.2081, 0.5453
0.2081, 0.5588
0.2081, 0.5679
0.2081, 0.5814
0.2081, 0.5905
0.2081, 0.5995
0.2081, 0.6176
0.2081, 0.6267
0.2081, 0.6357
0.2127, 0.6539
0.2127, 0.6629
0.2172, 0.6720
0.2217, 0.6810
0.2217, 0.6901
0.2353, 0.7036
0.2353, 0.7081
0.2398, 0.7172
0.2443, 0.7308
0.2489, 0.7353
0.2534, 0.7443
0.2579, 0.7489
0.2624, 0.7534
0.2670, 0.7624
0.2760, 0.7670
0.2760, 0.7715
0.2806, 0.7760
0.2851, 0.7805
0.2851, 0.7851
0.2851, 0.7896
0.2670, 0.7896
0.2534, 0.7941
0.2308, 0.7941
0.2081, 0.7941
0.1855, 0.8032
0.1584, 0.8077
0.1403, 0.8077
0.1312, 0.8077
0.1177, 0.8122
0.1131, 0.8122
0.1086, 0.8122
0.1041, 0.8122
0.0995, 0.8122
0.0950, 0.8122
0.0905, 0.8122
0.0814, 0.8122
0.0769, 0.8122
0.0724, 0.8122
0.0679, 0.8122
0.0634, 0.8122
0.0588, 0.8122
0.0543, 0.8122
0.0453, 0.8122
0.0453, 0.8077
0.0407, 0.8077
0.0362, 0.7986
0.0317, 0.7941
0.0272, 0.7941
0.0226, 0.7851
0.0181, 0.7805
0.0091, 0.7760
0.0045, 0.7715
0.0045, 0.7579
0.0045, 0.7534
0.0000, 0.7443
0.0000, 0.7353
0.0000, 0.7217
0.0000, 0.7172
0.0000, 0.7081
0.0000, 0.6991
0.0000, 0.6946

0.3620, 0.6629
0.3575, 0.6629
0.3394, 0.6493
0.3258, 0.6448
0.3077, 0.6357
0.2941, 0.6312
0.2715, 0.6222
0.2579, 0.6086
0.2398, 0.6041
0.2217, 0.5950
0.2127, 0.5905
0.2036, 0.5860
0.1901, 0.5814
0.1855, 0.5814
0.1810, 0.5724
0.1765, 0.5679
0.1720, 0.5634
0.1674, 0.5634
0.1674, 0.5588
0.1584, 0.5543
