0.0000, 0.7050
0.0000, 0.7092
0.0042, 0.7092
0.0167, 0.7134
0.0293, 0.7176
0.0418, 0.7218
0.0544, 0.7259
0.0711, 0.7301
0.0879, 0.7385
0.1046, 0.7427
0.1213, 0.7469
0.1423, 0.7510
0.1548, 0.7552
0.1715, 0.7552
0.1841, 0.7552
0.1925, 0.7594
0.2050, 0.7594
0.2134, 0.7594
0.2218, 0.7594
0.2343, 0.7594
0.2427, 0.7594
0.2510, 0.7594
0.2678, 0.7594
0.2803, 0.7594
0.2929, 0.7552
0.3054, 0.7510
0.3138, 0.7510
0.3222, 0.7469
0.3347, 0.7427
0.3389, 0.7301
0.3473, 0.7259
0.3515, 0.7176
0.3556, 0.7134
0.3682, 0.7008
0.3724, 0.6925
0.3766, 0.6841
0.3807, 0.6757
0.3891, 0.6632
0.3891, 0.6548
0.4017, 0.6464
0.4017, 0.6297
0.4017, 0.6213
0.4059, 0.6130
0.4059, 0.5962
0.4100, 0.5837
0.4100, 0.5711
0.4100, 0.5586
0.4100, 0.5460
0.4100, 0.5377
0.4100, 0.5209
0.4100, 0.5084
0.4100, 0.5000
0.4100, 0.4874
0.4100, 0.4749
0.4100, 0.4665
0.4100, 0.4540
0.4100, 0.4456
0.4100, 0.4372
0.4100, 0.4247
0.4100, 0.4163
0.4100, 0.4038
0.4100, 0.3912
0.4100, 0.3828
0.4100, 0.3745
0.4142, 0.3661
0.4142, 0.3536
0.4184, 0.3452
0.4184, 0.3368
0.4226, 0.3285
0.4268, 0.3159
0.4310, 0.3117
0.4393, 0.3033
0.4393, 0.2992
0.4435, 0.2866
0.4477, 0.2866
0.4519, 0.2824
0.4561, 0.2782
0.4602, 0.2741
0.4644, 0.2699
0.4728, 0.2657
0.4770, 0.2615
0.4812, 0.2615
0.4854, 0.2531
0.4895, 0.2490
0.4937, 0.2490
0.5063, 0.2490
0.5146, 0.2448
0.5272, 0.2448
0.5439, 0.2448
0.5523, 0.2406
0.5649, 0.2406
0.5816, 0.2406
0.5983, 0.2406
0.6151, 0.2406
0.6276, 0.2406
0.6360, 0.2406
0.6527, 0.2406
0.6653, 0.2406
0.6778, 0.2406
0.6904, 0.2448
0.7029, 0.2490
0.7155, 0.2573
0.7280, 0.2615
0.7364, 0.2699
0.7489, 0.2699
0.7573, 0.2782
0.7741, 0.2908
0.7866, 0.3033
0.7950, 0.3117
0.8075, 0.3243
0.8201, 0.3326
0.8285, 0.3452
0.8368, 0.3619
0.8535, 0.3745
0.8619, 0.3870
0.8661, 0.3996
0.8745, 0.4121
0.8870, 0.4205
0.8912, 0.4289
0.8954, 0.4372
0.8996, 0.4414
0.9079, 0.4456
0.9121, 0.4498
0.9205, 0.4498
0.9247, 0.4624
0.9289, 0.4624
0.9330, 0.4624
0.9372, 0.4665
0.9414, 0.4665
0.9456, 0.4707
0.9498, 0.4707
0.9582, 0.4707
0.9623, 0.4707
0.9665, 0.4707
0.9707, 0.4665
0.9791, 0.4540
0.9833, 0.4498
0.9916, 0.4456
0.9916, 0.4414
0.9958, 0.4414
0.9958, 0.4372
1.0000, 0.4372

0.4435, 0.6674
0.4268, 0.6632
0.4100, 0.6590
0.3975, 0.6506
0.3724, 0.6423
0.3515, 0.6297
0.3347, 0.6213
0.3138, 0.6130
0.2971, 0.6088
0.2803, 0.6004
0.2761, 0.5962
0.2720, 0.5921
0.2678, 0.5921
0.2720, 0.5921
0.2761, 0.5921

0.4435, 0.5921
0.4393, 0.5879
0.4351, 0.5837
0.4310, 0.5795
0.4268, 0.5753
0.4142, 0.5669
0.4059, 0.5628
0.3975, 0.5586
0.3933, 0.5544
0.3766, 0.5544
0.3724, 0.5544
0.3682, 0.5502
0.3640, 0.5502
