0.0000, 0.8097
0.0064, 0.8097
0.0387, 0.8097
0.0516, 0.8097
0.0645, 0.8097
0.0774, 0.8097
0.0903, 0.8097
0.0968, 0.8097
0.1032, 0.8097
0.1097, 0.8097
0.1161, 0.8097
0.1290, 0.8097
0.1355, 0.8097
0.1419, 0.8097
0.1484, 0.8097
0.1548, 0.8097
0.1613, 0.8032
0.1806, 0.7774
0.2000, 0.7516
0.2129, 0.7129
0.2193, 0.6806
0.2323, 0.6484
0.2387, 0.6161
0.2387, 0.5774
0.2387, 0.5516
0.2387, 0.5129
0.2452, 0.4936
0.2452, 0.4678
0.2516, 0.4484
0.2516, 0.4290
0.2581, 0.4032
0.2645, 0.3774
0.2710, 0.3516
0.2710, 0.3387
0.2774, 0.3129
0.2903, 0.3000
0.2903, 0.2871
0.2968, 0.2806
0.3032, 0.2548
0.3032, 0.2419
0.3097, 0.2355
0.3097, 0.2226
0.3161, 0.2161
0.3161, 0.2032
0.3226, 0.1968
0.3226, 0.1903
0.3290, 0.1903
0.3548, 0.2097
0.3742, 0.2226
0.3935, 0.2290
0.4129, 0.2419
0.4258, 0.2484
0.4516, 0.2677
0.4645, 0.2742
0.4774, 0.2806
0.4903, 0.2871
0.5032, 0.2936
0.5097, 0.3000
0.5161, 0.3064
0.5226, 0.3064
0.5290, 0.3194
0.5419, 0.3258
0.5548, 0.3322
0.5613, 0.3387
0.5677, 0.3387
0.5742, 0.3387
0.5871, 0.3452
0.6065, 0.3516
0.6193, 0.3581
0.6323, 0.3710
0.6645, 0.3839
0.6968, 0.4032
0.7290, 0.4290
0.7548, 0.4548
0.7871, 0.4806
0.8258, 0.5129
0.8516, 0.5452
0.8839, 0.5645
0.9032, 0.5903
0.9161, 0.6097
0.9355, 0.6161
0.9419, 0.6355
0.9548, 0.6355
0.9613, 0.6419
0.9807, 0.6484
0.9871, 0.6484
0.9935, 0.6484
1.0000, 0.6484

0.2516, 0.6806
0.2452, 0.6806
0.2129, 0.6806
0.1871, 0.6678
0.1548, 0.6548
0.1226, 0.6484
0.0968, 0.6419
0.0839, 0.6290
0.0710, 0.6290

0.3484, 0.6032
0.3355, 0.5968
0.3226, 0.5968
0.3161, 0.5903
0.3032, 0.5774
0.2839, 0.5710
0.2645, 0.5645
0.2452, 0.5516
0.2193, 0.5452
0.1871, 0.5387
0.1613, 0.5258
0.1419, 0.5194
0.1226, 0.5194
0.1097, 0.5129
0.0968, 0.5129
0.0903, 0.5129
0.0903, 0.5064
