0.0000, 0.7608
0.0048, 0.7655
0.0143, 0.7703
0.0287, 0.7703
0.0383, 0.7703
0.0479, 0.7751
0.0670, 0.7799
0.0766, 0.7799
0.0861, 0.7799
0.1005, 0.7799
0.1100, 0.7799
0.1244, 0.7799
0.1435, 0.7799
0.1579, 0.7799
0.1722, 0.7799
0.1914, 0.7799
0.2057, 0.7799
0.2201, 0.7799
0.2297, 0.7751
0.2440, 0.7703
0.2488, 0.7655
0.2632, 0.7608
0.2727, 0.7464
0.2823, 0.7416
0.3014, 0.7321
0.3110, 0.7225
0.3206, 0.7177
0.3254, 0.7033
0.3397, 0.6938
0.3445, 0.6842
0.3493, 0.6746
0.3541, 0.6603
0.3588, 0.6507
0.3636, 0.6411
0.3684, 0.6268
0.3780, 0.6172
0.3780, 0.6077
0.3828, 0.5885
0.3876, 0.5789
0.3876, 0.5694
0.3876, 0.5502
0.3923, 0.5311
0.3923, 0.5215
0.3971, 0.5024
0.3971, 0.4928
0.3971, 0.4785
0.4019, 0.4593
0.4019, 0.4498
0.4019, 0.4402
0.4019, 0.4258
0.4067, 0.4210
0.4067, 0.4067
0.4067, 0.4019
0.4115, 0.3876
0.4115, 0.3780
0.4115, 0.3684
0.4211, 0.3588
0.4258, 0.3445
0.4258, 0.3349
0.4306, 0.3254
0.4306, 0.3062
0.4402, 0.2966
0.4402, 0.2919
0.4450, 0.2823
0.4498, 0.2679
0.4593, 0.2632
0.4641, 0.2584
0.4641, 0.2536
0.4737, 0.2488
0.4737, 0.2440
0.4785, 0.2344
0.4833, 0.2344
0.4833, 0.2297
0.4880, 0.2297
0.4880, 0.2249
0.4976, 0.2249
0.5024, 0.2249
0.5072, 0.2201
0.5120, 0.2201
0.5215, 0.2201
0.5359, 0.2201
0.5502, 0.2201
0.5598, 0.2201
0.5694, 0.2249
0.5837, 0.2297
0.5933, 0.2392
0.6077, 0.2440
0.6220, 0.2488
0.6316, 0.2536
0.6411, 0.2584
0.6555, 0.2584
0.6603, 0.2679
0.6699, 0.2679
0.6794, 0.2823
0.6842, 0.2871
0.6938, 0.2919
0.7033, 0.2966
0.7081, 0.3062
0.7177, 0.3206
0.7225, 0.3301
0.7368, 0.3349
0.7416, 0.3445
0.7464, 0.3588
0.7512, 0.3636
0.7560, 0.3732
0.7608, 0.3828
0.7656, 0.3971
0.7751, 0.4067
0.7847, 0.4210
0.7847, 0.4354
0.7895, 0.4498
0.7943, 0.4593
0.8038, 0.4785
0.8134, 0.4928
0.8182, 0.5024
0.8230, 0.5167
0.8278, 0.5263
0.8325, 0.5407
0.8373, 0.5550
0.8517, 0.5646
0.8564, 0.5742
0.8612, 0.5789
0.8660, 0.5837
0.8708, 0.5837
0.8756, 0.5933
0.8852, 0.5981
0.8947, 0.5981
0.8995, 0.6029
0.9091, 0.6029
0.9186, 0.6077
0.9234, 0.6077
0.9330, 0.6077
0.9426, 0.6077
0.9474, 0.6077
0.9569, 0.6124
0.9617, 0.6124
0.9713, 0.6124
0.9761, 0.6124
0.9809, 0.6124
0.9856, 0.6029
0.9904, 0.5981
0.9904, 0.5885
0.9952, 0.5837
0.9952, 0.5789
1.0000, 0.5742
1.0000, 0.5694
1.0000, 0.5646

0.3780, 0.7464
0.3732, 0.7464
0.3684, 0.7464
0.3636, 0.7464
0.3588, 0.7464
0.3541, 0.7464
0.3445, 0.7416
0.3349, 0.7368
0.3254, 0.7273
0.3158, 0.7177
0.3014, 0.7081
0.2871, 0.7033
0.2775, 0.6938
0.2632, 0.6842
0.2536, 0.6746
0.2440, 0.6699
0.2392, 0.6603
0.2249, 0.6555
0.2201, 0.6459
0.2153, 0.6411
0.2105, 0.6411
0.2105, 0.6364

0.4067, 0.6364
0.4067, 0.6316
0.4019, 0.6268
0.3971, 0.6172
0.3923, 0.6172
0.3828, 0.6077
0.3780, 0.6029
0.3684, 0.5933
0.3636, 0.5933
0.3588, 0.5885
0.3541, 0.5837
0.3445, 0.5837
0.3445, 0.5789
0.3397, 0.5789
0.3349, 0.5694
0.3301, 0.5694
0.3254, 0.5646
0.3206, 0.5598
0.3158, 0.5598
