0.1589, 0.4392
0.1589, 0.4392
0.1589, 0.4392
0.1589, 0.4392
0.1589, 0.4392
0.1589, 0.4392
0.1589, 0.4392
0.1589, 0.4392
0.1589, 0.4392
0.1589, 0.4392
0.1589, 0.4392
0.1589, 0.4392
0.1589, 0.4392
0.1589, 0.4392
0.1589, 0.4392
0.1589, 0.4392
0.1589, 0.4392
0.1589, 0.4392
0.1589, 0.4392
0.1589, 0.4392
0.1589, 0.4392
0.1589, 0.4392
0.1589, 0.4392
0.1589, 0.4392
0.1589, 0.4392
0.1589, 0.4392
0.1589, 0.4392
0.1589, 0.4392
0.1589, 0.4392
0.1589, 0.4392
0.1589, 0.4392
0.1589, 0.4392
0.1589, 0.4392
0.1589, 0.4392
0.1589, 0.4392
0.1589, 0.4392
0.1589, 0.4392
0.1629, 0.4392
0.1629, 0.4392
0.1629, 0.4392
0.1629, 0.4392
0.1629, 0.4392
0.1629, 0.4392
0.1629, 0.4392
0.1629, 0.4392
0.1629, 0.4392
0.1629, 0.4392
0.1629, 0.4392
0.1629, 0.4392
0.1629, 0.4392
0.1629, 0.4392
0.1629, 0.4392
0.1629, 0.4392
0.1629, 0.4392
0.1629, 0.4392
0.1629, 0.4392
0.1629, 0.4392
0.1629, 0.4392
0.1629, 0.4392
0.1629, 0.4392
0.1629, 0.4392
0.1629, 0.4392
0.1629, 0.4392
0.1629, 0.4392
0.1629, 0.4392
0.1629, 0.4392
0.1629, 0.4392
0.1629, 0.4392
0.1629, 0.4392
0.1629, 0.4392
0.1629, 0.4392
0.1629, 0.4392
0.1629, 0.4392
0.1629, 0.4392
0.1629, 0.4392
0.1629, 0.4392
0.1629, 0.4392
0.1629, 0.4392
0.1629, 0.4392
0.1629, 0.4392
0.1629, 0.4392
0.1629, 0.4392
0.1629, 0.4392
0.1629, 0.4392
0.1629, 0.4392
0.1629, 0.4392
0.1629, 0.4392
0.1629, 0.4392
0.1629, 0.4392
0.1629, 0.4392
0.1629, 0.4392
0.1668, 0.4392
0.1668, 0.4392
0.1668, 0.4392
0.1668, 0.4392
0.1668, 0.4392
0.1668, 0.4392
0.1668, 0.4392
0.1668, 0.4392
0.1668, 0.4392
0.1668, 0.4392
0.1668, 0.4392
0.1668, 0.4392
0.1668, 0.4392
0.1668, 0.4392
0.1668, 0.4392
0.1668, 0.4392
0.1668, 0.4392
0.1668, 0.4392
0.1668, 0.4392
0.1668, 0.4392
0.1668, 0.4392
0.1668, 0.4392
0.1668, 0.4392
0.1707, 0.4392
0.1707, 0.4392
0.1707, 0.4392
0.1707, 0.4392
0.1707, 0.4392
0.1707, 0.4392
0.1707, 0.4392
0.1707, 0.4392
0.1707, 0.4392
0.1747, 0.4392
0.1747, 0.4392
0.1747, 0.4392
0.1747, 0.4392
0.1747, 0.4365
0.1747, 0.4365
0.1747, 0.4365
0.1747, 0.4365
0.1786, 0.4365
0.1786, 0.4365
0.1786, 0.4365
0.1786, 0.4365
0.1826, 0.4365
0.1826, 0.4365
0.1826, 0.4365
0.1826, 0.4365
0.1826, 0.4365
0.1826, 0.4365
0.1826, 0.4365
0.1826, 0.4365
0.1866, 0.4365
0.1866, 0.4365
0.1866, 0.4365
0.1866, 0.4365
0.1866, 0.4365
0.1866, 0.4339
0.1866, 0.4339
0.1866, 0.4339
0.1866, 0.4339
0.1866, 0.4339
0.1866, 0.4339
0.1866, 0.4339
0.1866, 0.4339
0.1866, 0.4339
0.1866, 0.4339
0.1866, 0.4339
0.1866, 0.4339
0.1866, 0.4339
0.1904, 0.4339
0.1904, 0.4339
0.1904, 0.4339
0.1904, 0.4339
0.1904, 0.4339
0.1904, 0.4339
0.1904, 0.4339
0.1904, 0.4339
0.1944, 0.4339
0.1944, 0.4339
0.1944, 0.4339
0.1944, 0.4339
0.1944, 0.4339
0.1944, 0.4339
0.1944, 0.4339
0.1944, 0.4339
0.1944, 0.4339
0.1944, 0.4339
0.1944, 0.4339
0.1944, 0.4339
0.1944, 0.4339
0.1944, 0.4339
0.1944, 0.4339
0.1944, 0.4339
0.1944, 0.4339
0.1944, 0.4339
0.1944, 0.4339
0.1944, 0.4339
0.1944, 0.4339
0.1944, 0.4339
0.1944, 0.4339
0.1944, 0.4339
0.1944, 0.4339
0.1944, 0.4339
0.1944, 0.4339
0.1983, 0.4339
0.1983, 0.4339
0.1983, 0.4339
0.1983, 0.4339
0.1983, 0.4339
0.1983, 0.4339
0.1983, 0.4339
0.1983, 0.4339
0.1983, 0.4339
0.2023, 0.4339
0.2023, 0.4339
0.2023, 0.4339
0.2023, 0.4339
0.2023, 0.4339
0.2023, 0.4339
0.2023, 0.4339
0.2023, 0.4339
0.2063, 0.4339
0.2063, 0.4339
0.2063, 0.4339
0.2063, 0.4339
0.2063, 0.4312
0.2063, 0.4312
0.2063, 0.4312
0.2063, 0.4312
0.2063, 0.4312
0.2063, 0.4312
0.2063, 0.4312
0.2063, 0.4312
0.2102, 0.4312
0.2102, 0.4312
0.2102, 0.4312
0.2102, 0.4312
0.2102, 0.4312
0.2102, 0.4312
0.2102, 0.4312
0.2102, 0.4312
0.2102, 0.4312
0.2142, 0.4312
0.2142, 0.4312
0.2142, 0.4312
0.2142, 0.4312
0.2142, 0.4286
0.2142, 0.4286
0.2142, 0.4286
0.2142, 0.4286
0.2142, 0.4286
0.2142, 0.4286
0.2142, 0.4286
0.2142, 0.4286
0.2142, 0.4286
0.2142, 0.4286
0.2142, 0.4286
0.2142, 0.4286
0.2142, 0.4286
0.2142, 0.4286
0.2142, 0.4286
0.2180, 0.4286
0.2180, 0.4286
0.2180, 0.4286
0.2180, 0.4286
0.2180, 0.4286
0.2180, 0.4286
0.2180, 0.4286
0.2180, 0.4286
0.2220, 0.4286
0.2220, 0.4286
0.2220, 0.4286
0.2220, 0.4286
0.2220, 0.4286
0.2220, 0.4286
0.2220, 0.4286
0.2220, 0.4286
0.2220, 0.4286
0.2220, 0.4286
0.2220, 0.4286
0.2220, 0.4286
0.2220, 0.4286
0.2220, 0.4286
0.2220, 0.4286
0.2220, 0.4286
0.2220, 0.4286
0.2259, 0.4286
0.2259, 0.4286
0.2259, 0.4286
0.2259, 0.4286
0.2259, 0.4259
0.2259, 0.4259
0.2259, 0.4259
0.2259, 0.4259
0.2299, 0.4259
0.2299, 0.4259
0.2299, 0.4259
0.2339, 0.4259
0.2339, 0.4259
0.2339, 0.4259
0.2339, 0.4259
0.2339, 0.4233
0.2339, 0.4233
0.2339, 0.4233
0.2339, 0.4233
0.2339, 0.4233
0.2339, 0.4233
0.2339, 0.4233
0.2339, 0.4233
0.2378, 0.4233
0.2378, 0.4233
0.2378, 0.4233
0.2417, 0.4233
0.2417, 0.4233
0.2417, 0.4233
0.2417, 0.4233
0.2417, 0.4206
0.2417, 0.4206
0.2417, 0.4206
0.2417, 0.4206
0.2417, 0.4206
0.2417, 0.4206
0.2417, 0.4206
0.2417, 0.4206
0.2417, 0.4206
0.2417, 0.4206
0.2417, 0.4206
0.2417, 0.4206
0.2417, 0.4206
0.2417, 0.4206
0.2456, 0.4206
0.2456, 0.4206
0.2456, 0.4206
0.2456, 0.4206
0.2456, 0.4206
0.2456, 0.4206
0.2456, 0.4206
0.2456, 0.4206
0.2496, 0.4206
0.2496, 0.4206
0.2496, 0.4206
0.2496, 0.4206
0.2496, 0.4206
0.2496, 0.4206
0.2496, 0.4206
0.2496, 0.4206
0.2536, 0.4206
0.2536, 0.4206
0.2536, 0.4206
0.2536, 0.4206
0.2536, 0.4206
0.2536, 0.4206
0.2536, 0.4206
0.2536, 0.4206
0.2536, 0.4206
0.2536, 0.4206
0.2536, 0.4206
0.2536, 0.4206
0.2536, 0.4206
0.2536, 0.4180
0.2536, 0.4180
0.2536, 0.4180
0.2536, 0.4180
0.2536, 0.4180
0.2536, 0.4180
0.2536, 0.4180
0.2536, 0.4180
0.2536, 0.4180
0.2536, 0.4180
0.2536, 0.4180
0.2536, 0.4180
0.2536, 0.4180
0.2536, 0.4180
0.2536, 0.4180
0.2536, 0.4180
0.2575, 0.4180
0.2575, 0.4180
0.2575, 0.4180
0.2575, 0.4180
0.2575, 0.4180
0.2575, 0.4180
0.2575, 0.4180
0.2575, 0.4180
0.2575, 0.4180
0.2575, 0.4153
0.2575, 0.4153
0.2575, 0.4153
0.2615, 0.4153
0.2615, 0.4153
0.2615, 0.4153
0.2615, 0.4153
0.2615, 0.4153
0.2615, 0.4153
0.2615, 0.4153
0.2615, 0.4153
0.2615, 0.4153
0.2615, 0.4153
0.2615, 0.4153
0.2615, 0.4153
0.2615, 0.4153
0.2615, 0.4153
0.2615, 0.4153
0.2615, 0.4153
0.2615, 0.4153
0.2615, 0.4153
0.2615, 0.4153
0.2615, 0.4153
0.2615, 0.4153
0.2653, 0.4153
0.2653, 0.4153
0.2653, 0.4153
0.2653, 0.4127
0.2653, 0.4127
0.2653, 0.4127
0.2653, 0.4127
0.2653, 0.4127
0.2653, 0.4127
0.2653, 0.4127
0.2653, 0.4127
0.2653, 0.4127
0.2653, 0.4127
0.2653, 0.4127
0.2653, 0.4127
0.2653, 0.4127
0.2693, 0.4127
0.2693, 0.4127
0.2693, 0.4127
0.2693, 0.4127
0.2693, 0.4127
0.2693, 0.4127
0.2693, 0.4127
0.2693, 0.4127
0.2693, 0.4127
0.2693, 0.4127
0.2693, 0.4127
0.2693, 0.4127
0.2693, 0.4127
0.2693, 0.4127
0.2693, 0.4127
0.2693, 0.4127
0.2693, 0.4127
0.2693, 0.4127
0.2693, 0.4127
0.2693, 0.4127
0.2693, 0.4127
0.2693, 0.4101
0.2693, 0.4101
0.2693, 0.4101
0.2693, 0.4101
0.2693, 0.4101
0.2693, 0.4101
0.2693, 0.4101
0.2733, 0.4101
0.2733, 0.4101
0.2733, 0.4101
0.2733, 0.4101
0.2733, 0.4101
0.2733, 0.4101
0.2733, 0.4101
0.2733, 0.4101
0.2733, 0.4074
0.2733, 0.4074
0.2733, 0.4074
0.2733, 0.4074
0.2733, 0.4074
0.2733, 0.4074
0.2733, 0.4074
0.2733, 0.4074
0.2733, 0.4074
0.2733, 0.4074
0.2733, 0.4074
0.2733, 0.4074
0.2733, 0.4074
0.2733, 0.4074
0.2733, 0.4074
0.2733, 0.4074
0.2733, 0.4074
0.2733, 0.4074
0.2733, 0.4074
0.2733, 0.4074
0.2733, 0.4074
0.2733, 0.4074
0.2733, 0.4074
0.2733, 0.4074
0.2772, 0.4074
0.2772, 0.4074
0.2772, 0.4074
0.2772, 0.4074
0.2772, 0.4074
0.2772, 0.4074
0.2772, 0.4074
0.2772, 0.4074
0.2772, 0.4074
0.2772, 0.4074
0.2772, 0.4074
0.2772, 0.4074
0.2772, 0.4074
0.2772, 0.4074
0.2772, 0.4074
0.2772, 0.4074
0.2772, 0.4074
0.2772, 0.4048
0.2772, 0.4048
0.2772, 0.4048
0.2812, 0.4048
0.2812, 0.4048
0.2812, 0.4048
0.2812, 0.4048
0.2812, 0.4048
0.2812, 0.4048
0.2812, 0.4048
0.2812, 0.4048
0.2812, 0.4048
0.2812, 0.4048
0.2812, 0.4048
0.2812, 0.4048
0.2812, 0.4021
0.2812, 0.4021
0.2812, 0.4021
0.2812, 0.4021
0.2812, 0.4021
0.2812, 0.4021
0.2812, 0.4021
0.2812, 0.4021
0.2812, 0.4021
0.2812, 0.4021
0.2812, 0.4021
0.2812, 0.4021
0.2812, 0.4021
0.2812, 0.4021
0.2812, 0.4021
0.2812, 0.4021
0.2812, 0.4021
0.2812, 0.4021
0.2812, 0.4021
0.2812, 0.4021
0.2812, 0.4021
0.2812, 0.4021
0.2812, 0.4021
0.2812, 0.4021
0.2812, 0.4021
0.2851, 0.4021
0.2851, 0.4021
0.2851, 0.4021
0.2851, 0.4021
0.2851, 0.4021
0.2851, 0.4021
0.2851, 0.4021
0.2851, 0.4021
0.2851, 0.3995
0.2851, 0.3995
0.2851, 0.3995
0.2851, 0.3995
0.2851, 0.3995
0.2851, 0.3995
0.2851, 0.3995
0.2891, 0.3968
0.2891, 0.3968
0.2891, 0.3968
0.2891, 0.3968
0.2891, 0.3968
0.2891, 0.3968
0.2891, 0.3968
0.2891, 0.3968
0.2891, 0.3968
0.2891, 0.3968
0.2891, 0.3968
0.2891, 0.3968
0.2930, 0.3968
0.2930, 0.3968
0.2930, 0.3968
0.2930, 0.3968
0.2930, 0.3968
0.2930, 0.3968
0.2930, 0.3968
0.2930, 0.3968
0.2930, 0.3968
0.2930, 0.3968
0.2930, 0.3968
0.2930, 0.3968
0.2930, 0.3942
0.2930, 0.3942
0.2930, 0.3942
0.2930, 0.3942
0.2930, 0.3942
0.2930, 0.3942
0.2930, 0.3942
0.2930, 0.3915
0.2930, 0.3915
0.2930, 0.3915
0.2930, 0.3915
0.2930, 0.3915
0.2930, 0.3915
0.2930, 0.3915
0.2930, 0.3915
0.2930, 0.3915
0.2930, 0.3915
0.2930, 0.3915
0.2930, 0.3915
0.2930, 0.3915
0.2969, 0.3889
0.2969, 0.3889
0.2969, 0.3889
0.2969, 0.3889
0.2969, 0.3889
0.2969, 0.3889
0.2969, 0.3889
0.2969, 0.3889
0.2969, 0.3889
0.2969, 0.3889
0.2969, 0.3889
0.2969, 0.3889
0.2969, 0.3889
0.2969, 0.3889
0.2969, 0.3889
0.2969, 0.3889
0.2969, 0.3889
0.2969, 0.3889
0.2969, 0.3889
0.3009, 0.3889
0.3009, 0.3889
0.3009, 0.3889
0.3009, 0.3889
0.3009, 0.3862
0.3009, 0.3862
0.3009, 0.3862
0.3009, 0.3862
0.3009, 0.3862
0.3009, 0.3862
0.3009, 0.3862
0.3009, 0.3836
0.3009, 0.3836
0.3009, 0.3836
0.3009, 0.3836
0.3009, 0.3836
0.3009, 0.3836
0.3009, 0.3836
0.3009, 0.3836
0.3009, 0.3836
0.3009, 0.3836
0.3009, 0.3836
0.3009, 0.3836
0.3009, 0.3836
0.3009, 0.3836
0.3009, 0.3836
0.3009, 0.3836
0.3009, 0.3810
0.3009, 0.3810
0.3009, 0.3810
0.3009, 0.3810
0.3009, 0.3810
0.3009, 0.3810
0.3009, 0.3810
0.3009, 0.3810
0.3009, 0.3783
0.3009, 0.3783
0.3009, 0.3783
0.3048, 0.3783
0.3048, 0.3783
0.3048, 0.3783
0.3048, 0.3783
0.3048, 0.3757
0.3048, 0.3757
0.3048, 0.3757
0.3048, 0.3757
0.3048, 0.3757
0.3048, 0.3757
0.3048, 0.3757
0.3048, 0.3757
0.3048, 0.3757
0.3048, 0.3757
0.3048, 0.3757
0.3048, 0.3757
0.3048, 0.3757
0.3048, 0.3757
0.3048, 0.3757
0.3048, 0.3757
0.3048, 0.3757
0.3048, 0.3757
0.3048, 0.3757
0.3048, 0.3757
0.3048, 0.3757
0.3048, 0.3757
0.3048, 0.3730
0.3048, 0.3730
0.3048, 0.3730
0.3048, 0.3730
0.3088, 0.3730
0.3088, 0.3730
0.3088, 0.3730
0.3088, 0.3730
0.3088, 0.3730
0.3088, 0.3730
0.3088, 0.3730
0.3088, 0.3704
0.3088, 0.3704
0.3088, 0.3704
0.3088, 0.3704
0.3088, 0.3704
0.3088, 0.3704
0.3088, 0.3704
0.3088, 0.3704
0.3127, 0.3704
0.3127, 0.3704
0.3127, 0.3704
0.3127, 0.3704
0.3127, 0.3704
0.3127, 0.3704
0.3127, 0.3704
0.3127, 0.3677
0.3127, 0.3677
0.3127, 0.3677
0.3127, 0.3677
0.3127, 0.3677
0.3127, 0.3677
0.3127, 0.3677
0.3127, 0.3677
0.3127, 0.3651
0.3127, 0.3651
0.3127, 0.3651
0.3127, 0.3651
0.3127, 0.3651
0.3127, 0.3651
0.3127, 0.3651
0.3127, 0.3651
0.3127, 0.3624
0.3127, 0.3624
0.3127, 0.3624
0.3127, 0.3624
0.3127, 0.3624
0.3127, 0.3624
0.3127, 0.3624
0.3127, 0.3624
0.3127, 0.3624
0.3127, 0.3624
0.3127, 0.3624
0.3127, 0.3624
0.3127, 0.3624
0.3127, 0.3624
0.3127, 0.3624
0.3127, 0.3624
0.3127, 0.3624
0.3127, 0.3624
0.3127, 0.3624
0.3127, 0.3598
0.3127, 0.3598
0.3127, 0.3598
0.3127, 0.3598
0.3127, 0.3598
0.3127, 0.3598
0.3127, 0.3598
0.3127, 0.3598
0.3127, 0.3598
0.3127, 0.3598
0.3127, 0.3598
0.3127, 0.3571
0.3127, 0.3571
0.3127, 0.3571
0.3127, 0.3571
0.3127, 0.3571
0.3127, 0.3571
0.3127, 0.3571
0.3127, 0.3571
0.3127, 0.3571
0.3127, 0.3571
0.3127, 0.3571
0.3127, 0.3571
0.3127, 0.3571
0.3127, 0.3571
0.3127, 0.3571
0.3127, 0.3571
0.3127, 0.3571
0.3127, 0.3571
0.3127, 0.3571
0.3127, 0.3571
0.3127, 0.3571
0.3127, 0.3545
0.3127, 0.3545
0.3127, 0.3545
0.3127, 0.3545
0.3127, 0.3519
0.3127, 0.3519
0.3127, 0.3519
0.3127, 0.3519
0.3127, 0.3519
0.3127, 0.3519
0.3127, 0.3519
0.3127, 0.3519
0.3127, 0.3519
0.3127, 0.3519
0.3127, 0.3519
0.3127, 0.3492
0.3127, 0.3492
0.3127, 0.3492
0.3127, 0.3492
0.3127, 0.3492
0.3127, 0.3492
0.3127, 0.3492
0.3127, 0.3492
0.3127, 0.3492
0.3127, 0.3492
0.3127, 0.3492
0.3127, 0.3492
0.3127, 0.3492
0.3127, 0.3466
0.3127, 0.3466
0.3127, 0.3466
0.3127, 0.3466
0.3127, 0.3466
0.3127, 0.3466
0.3127, 0.3466
0.3127, 0.3466
0.3166, 0.3466
0.3166, 0.3466
0.3166, 0.3466
0.3166, 0.3439
0.3166, 0.3439
0.3166, 0.3439
0.3166, 0.3439
0.3166, 0.3439
0.3166, 0.3439
0.3166, 0.3439
0.3166, 0.3439
0.3166, 0.3439
0.3166, 0.3439
0.3166, 0.3439
0.3166, 0.3439
0.3166, 0.3439
0.3166, 0.3439
0.3166, 0.3439
0.3166, 0.3413
0.3166, 0.3413
0.3166, 0.3413
0.3166, 0.3413
0.3166, 0.3386
0.3166, 0.3386
0.3166, 0.3386
0.3166, 0.3386
0.3166, 0.3386
0.3166, 0.3386
0.3166, 0.3386
0.3166, 0.3360
0.3166, 0.3360
0.3166, 0.3360
0.3166, 0.3360
0.3166, 0.3360
0.3166, 0.3360
0.3166, 0.3360
0.3166, 0.3360
0.3166, 0.3360
0.3166, 0.3360
0.3166, 0.3360
0.3166, 0.3333
0.3166, 0.3333
0.3166, 0.3333
0.3166, 0.3333
0.3166, 0.3333
0.3166, 0.3333
0.3166, 0.3333
0.3166, 0.3307
0.3166, 0.3307
0.3166, 0.3307
0.3166, 0.3307
0.3166, 0.3307
0.3166, 0.3307
0.3166, 0.3307
0.3166, 0.3307
0.3166, 0.3307
0.3166, 0.3307
0.3166, 0.3307
0.3166, 0.3307
0.3166, 0.3307
0.3166, 0.3307
0.3166, 0.3307
0.3166, 0.3280
0.3166, 0.3280
0.3166, 0.3280
0.3166, 0.3280
0.3166, 0.3254
0.3166, 0.3254
0.3166, 0.3254
0.3166, 0.3254
0.3166, 0.3254
0.3166, 0.3254
0.3166, 0.3228
0.3166, 0.3228
0.3166, 0.3228
0.3166, 0.3228
0.3166, 0.3228
0.3166, 0.3228
0.3166, 0.3228
0.3166, 0.3228
0.3166, 0.3201
0.3166, 0.3201
0.3166, 0.3201
0.3166, 0.3201
0.3166, 0.3201
0.3166, 0.3201
0.3166, 0.3201
0.3166, 0.3175
0.3166, 0.3175
0.3166, 0.3175
0.3166, 0.3175
0.3166, 0.3175
0.3166, 0.3175
0.3166, 0.3175
0.3166, 0.3175
0.3166, 0.3175
0.3166, 0.3175
0.3166, 0.3175
0.3166, 0.3148
0.3166, 0.3148
0.3166, 0.3148
0.3166, 0.3148
0.3166, 0.3148
0.3166, 0.3148
0.3166, 0.3148
0.3166, 0.3122
0.3166, 0.3122
0.3166, 0.3122
0.3166, 0.3122
0.3166, 0.3122
0.3166, 0.3122
0.3166, 0.3122
0.3166, 0.3122
0.3166, 0.3122
0.3166, 0.3122
0.3166, 0.3122
0.3166, 0.3122
0.3166, 0.3122
0.3166, 0.3122
0.3166, 0.3095
0.3166, 0.3095
0.3166, 0.3095
0.3166, 0.3095
0.3166, 0.3069
0.3166, 0.3069
0.3166, 0.3069
0.3166, 0.3069
0.3166, 0.3069
0.3166, 0.3069
0.3166, 0.3069
0.3166, 0.3042
0.3166, 0.3042
0.3166, 0.3042
0.3166, 0.3042
0.3166, 0.3042
0.3166, 0.3042
0.3166, 0.3042
0.3166, 0.3042
0.3166, 0.3042
0.3166, 0.3042
0.3166, 0.3016
0.3166, 0.3016
0.3166, 0.3016
0.3166, 0.3016
0.3166, 0.3016
0.3166, 0.3016
0.3166, 0.2989
0.3166, 0.2989
0.3166, 0.2989
0.3166, 0.2989
0.3166, 0.2989
0.3166, 0.2989
0.3166, 0.2963
0.3166, 0.2963
0.3166, 0.2963
0.3166, 0.2963
0.3166, 0.2963
0.3166, 0.2963
0.3166, 0.2937
0.3166, 0.2937
0.3166, 0.2937
0.3166, 0.2937
0.3166, 0.2937
0.3166, 0.2937
0.3166, 0.2937
0.3166, 0.2910
0.3166, 0.2910
0.3166, 0.2910
0.3166, 0.2910
0.3166, 0.2910
0.3166, 0.2910
0.3166, 0.2910
0.3166, 0.2910
0.3166, 0.2910
0.3166, 0.2910
0.3166, 0.2910
0.3166, 0.2910
0.3166, 0.2910
0.3166, 0.2910
0.3166, 0.2884
0.3166, 0.2884
0.3166, 0.2884
0.3166, 0.2884
0.3166, 0.2884
0.3166, 0.2884
0.3166, 0.2884
0.3166, 0.2857
0.3166, 0.2857
0.3166, 0.2857
0.3166, 0.2857
0.3166, 0.2857
0.3166, 0.2857
0.3166, 0.2857
0.3166, 0.2857
0.3166, 0.2857
0.3166, 0.2857
0.3166, 0.2857
0.3166, 0.2857
0.3166, 0.2857
0.3166, 0.2857
0.3166, 0.2857
0.3166, 0.2857
0.3166, 0.2857
0.3166, 0.2857
0.3166, 0.2831
0.3166, 0.2831
0.3166, 0.2831
0.3166, 0.2831
0.3166, 0.2831
0.3166, 0.2831
0.3166, 0.2831
0.3166, 0.2804
0.3166, 0.2804
0.3166, 0.2804
0.3166, 0.2804
0.3166, 0.2804
0.3166, 0.2804
0.3166, 0.2804
0.3166, 0.2778
0.3166, 0.2778
0.3166, 0.2778
0.3166, 0.2778
0.3166, 0.2778
0.3166, 0.2778
0.3166, 0.2778
0.3166, 0.2778
0.3166, 0.2778
0.3166, 0.2778
0.3166, 0.2778
0.3127, 0.2778
0.3127, 0.2778
0.3127, 0.2778
0.3127, 0.2778
0.3127, 0.2778
0.3127, 0.2778
0.3127, 0.2778
0.3127, 0.2778
0.3127, 0.2778
0.3127, 0.2778
0.3127, 0.2778
0.3127, 0.2751
0.3127, 0.2751
0.3127, 0.2751
0.3127, 0.2751
0.3127, 0.2751
0.3127, 0.2751
0.3127, 0.2751
0.3127, 0.2725
0.3127, 0.2725
0.3127, 0.2725
0.3127, 0.2725
0.3127, 0.2725
0.3127, 0.2725
0.3127, 0.2725
0.3127, 0.2725
0.3127, 0.2725
0.3127, 0.2725
0.3127, 0.2725
0.3127, 0.2725
0.3127, 0.2725
0.3127, 0.2725
0.3127, 0.2725
0.3127, 0.2725
0.3127, 0.2725
0.3127, 0.2698
0.3127, 0.2698
0.3127, 0.2698
0.3127, 0.2698
0.3127, 0.2698
0.3127, 0.2698
0.3127, 0.2698
0.3127, 0.2672
0.3127, 0.2672
0.3127, 0.2672
0.3127, 0.2672
0.3127, 0.2672
0.3127, 0.2672
0.3127, 0.2672
0.3127, 0.2672
0.3127, 0.2672
0.3127, 0.2672
0.3127, 0.2672
0.3127, 0.2646
0.3127, 0.2646
0.3127, 0.2646
0.3127, 0.2646
0.3127, 0.2646
0.3127, 0.2646
0.3127, 0.2646
0.3127, 0.2646
0.3127, 0.2646
0.3127, 0.2646
0.3127, 0.2646
0.3127, 0.2646
0.3127, 0.2646
0.3127, 0.2646
0.3127, 0.2619
0.3127, 0.2619
0.3127, 0.2619
0.3127, 0.2619
0.3127, 0.2619
0.3127, 0.2619
0.3127, 0.2619
0.3127, 0.2619
0.3127, 0.2619
0.3127, 0.2619
0.3127, 0.2593
0.3127, 0.2593
0.3127, 0.2593
0.3127, 0.2593
0.3127, 0.2593
0.3127, 0.2593
0.3127, 0.2593
0.3088, 0.2593
0.3088, 0.2593
0.3088, 0.2593
0.3088, 0.2593
0.3088, 0.2593
0.3088, 0.2593
0.3088, 0.2593
0.3088, 0.2593
0.3088, 0.2593
0.3088, 0.2593
0.3088, 0.2566
0.3088, 0.2566
0.3088, 0.2566
0.3088, 0.2566
0.3088, 0.2566
0.3088, 0.2566
0.3088, 0.2566
0.3088, 0.2540
0.3088, 0.2540
0.3088, 0.2540
0.3088, 0.2540
0.3088, 0.2540
0.3088, 0.2540
0.3088, 0.2540
0.3088, 0.2513
0.3088, 0.2513
0.3088, 0.2513
0.3088, 0.2513
0.3088, 0.2513
0.3088, 0.2513
0.3088, 0.2513
0.3088, 0.2513
0.3088, 0.2513
0.3088, 0.2513
0.3088, 0.2513
0.3088, 0.2513
0.3088, 0.2513
0.3088, 0.2513
0.3088, 0.2487
0.3088, 0.2487
0.3088, 0.2487
0.3088, 0.2487
0.3088, 0.2487
0.3088, 0.2487
0.3088, 0.2460
0.3088, 0.2460
0.3088, 0.2460
0.3088, 0.2460
0.3088, 0.2460
0.3088, 0.2460
0.3088, 0.2460
0.3088, 0.2460
0.3088, 0.2460
0.3088, 0.2460
0.3088, 0.2434
0.3088, 0.2434
0.3088, 0.2434
0.3088, 0.2434
0.3088, 0.2434
0.3088, 0.2434
0.3088, 0.2407
0.3088, 0.2407
0.3088, 0.2407
0.3088, 0.2407
0.3088, 0.2407
0.3088, 0.2407
0.3088, 0.2407
0.3088, 0.2381
0.3088, 0.2381
0.3088, 0.2381
0.3088, 0.2381
0.3088, 0.2381
0.3088, 0.2381
0.3088, 0.2381
0.3088, 0.2381
0.3088, 0.2381
0.3088, 0.2381
0.3088, 0.2381
0.3088, 0.2381
0.3088, 0.2381
0.3088, 0.2381
0.3088, 0.2381
0.3088, 0.2381
0.3088, 0.2381
0.3088, 0.2354
0.3088, 0.2354
0.3088, 0.2354
0.3088, 0.2354
0.3088, 0.2354
0.3088, 0.2354
0.3088, 0.2354
0.3088, 0.2328
0.3088, 0.2328
0.3088, 0.2328
0.3088, 0.2328
0.3088, 0.2328
0.3088, 0.2328
0.3088, 0.2328
0.3088, 0.2328
0.3088, 0.2328
0.3088, 0.2328
0.3088, 0.2328
0.3088, 0.2328
0.3088, 0.2328
0.3088, 0.2302
0.3088, 0.2302
0.3088, 0.2302
0.3088, 0.2302
0.3088, 0.2302
0.3088, 0.2302
0.3088, 0.2302
0.3088, 0.2275
0.3088, 0.2275
0.3088, 0.2275
0.3088, 0.2275
0.3088, 0.2275
0.3088, 0.2275
0.3088, 0.2275
0.3088, 0.2275
0.3088, 0.2275
0.3088, 0.2275
0.3088, 0.2275
0.3088, 0.2275
0.3088, 0.2275
0.3088, 0.2275
0.3088, 0.2275
0.3088, 0.2275
0.3088, 0.2275
0.3088, 0.2249
0.3088, 0.2249
0.3088, 0.2249
0.3088, 0.2249
0.3088, 0.2249
0.3088, 0.2249
0.3088, 0.2222
0.3088, 0.2222
0.3088, 0.2222
0.3088, 0.2196
0.3088, 0.2196
0.3088, 0.2196
0.3088, 0.2196
0.3088, 0.2196
0.3088, 0.2196
0.3088, 0.2196
0.3088, 0.2196
0.3088, 0.2196
0.3088, 0.2196
0.3088, 0.2196
0.3088, 0.2196
0.3088, 0.2196
0.3088, 0.2196
0.3088, 0.2196
0.3088, 0.2196
0.3088, 0.2196
0.3088, 0.2196
0.3088, 0.2196
0.3088, 0.2196
0.3088, 0.2196
0.3088, 0.2196
0.3088, 0.2196
0.3088, 0.2196
0.3088, 0.2196
0.3088, 0.2196
0.3088, 0.2196
0.3088, 0.2196
0.3088, 0.2196
0.3088, 0.2196
0.3088, 0.2196
0.3088, 0.2196
0.3088, 0.2196
0.3088, 0.2196
0.3088, 0.2196
0.3088, 0.2196
0.3088, 0.2196
0.3088, 0.2196
0.3088, 0.2196
0.3088, 0.2196
0.3088, 0.2196
0.3088, 0.2196
0.3088, 0.2196
0.3088, 0.2196
0.3088, 0.2196
0.3088, 0.2196
0.3088, 0.2196
0.3088, 0.2196
0.3088, 0.2196
0.3088, 0.2196
0.3088, 0.2196
0.3088, 0.2196
0.3088, 0.2196
0.3088, 0.2169
0.3088, 0.2169
0.3088, 0.2169
0.3088, 0.2169
0.3088, 0.2169
0.3088, 0.2169
0.3088, 0.2143
0.3088, 0.2143
0.3088, 0.2143
0.3088, 0.2143
0.3088, 0.2143
0.3088, 0.2143
0.3088, 0.2143
0.3088, 0.2143
0.3088, 0.2143
0.3088, 0.2143
0.3088, 0.2143
0.3088, 0.2143
0.3088, 0.2143
0.3088, 0.2143
0.3088, 0.2143
0.3088, 0.2143
0.3088, 0.2143
0.3088, 0.2116
0.3088, 0.2116
0.3088, 0.2116
0.3088, 0.2116
0.3088, 0.2116
0.3088, 0.2116
0.3088, 0.2116
0.3088, 0.2090
0.3088, 0.2090
0.3088, 0.2090
0.3088, 0.2090
0.3088, 0.2090
0.3088, 0.2090
0.3088, 0.2063
0.3088, 0.2063
0.3088, 0.2063
0.3088, 0.2063
0.3088, 0.2063
0.3088, 0.2063
0.3088, 0.2063
0.3088, 0.2063
0.3088, 0.2063
0.3048, 0.2063
0.3048, 0.2063
0.3048, 0.2063
0.3048, 0.2037
0.3048, 0.2037
0.3048, 0.2037
0.3048, 0.2037
0.3048, 0.2037
0.3048, 0.2037
0.3048, 0.2011
0.3048, 0.2011
0.3048, 0.2011
0.3048, 0.2011
0.3048, 0.2011
0.3048, 0.2011
0.3048, 0.2011
0.3048, 0.2011
0.3048, 0.2011
0.3048, 0.2011
0.3048, 0.1984
0.3048, 0.1984
0.3048, 0.1984
0.3048, 0.1984
0.3048, 0.1984
0.3048, 0.1984
0.3048, 0.1984
0.3048, 0.1958
0.3048, 0.1958
0.3048, 0.1958
0.3048, 0.1958
0.3048, 0.1958
0.3048, 0.1958
0.3048, 0.1931
0.3048, 0.1931
0.3048, 0.1931
0.3048, 0.1931
0.3048, 0.1931
0.3048, 0.1931
0.3048, 0.1931
0.3048, 0.1931
0.3048, 0.1931
0.3048, 0.1931
0.3048, 0.1931
0.3048, 0.1931
0.3048, 0.1931
0.3048, 0.1931
0.3048, 0.1931
0.3048, 0.1931
0.3048, 0.1931
0.3048, 0.1905
0.3048, 0.1905
0.3048, 0.1905
0.3009, 0.1905
0.3009, 0.1905
0.3009, 0.1905
0.3009, 0.1878
0.3009, 0.1878
0.3009, 0.1878
0.3009, 0.1878
0.3009, 0.1878
0.3009, 0.1878
0.3009, 0.1878
0.3009, 0.1878
0.3009, 0.1878
0.3009, 0.1878
0.3009, 0.1878
0.3009, 0.1878
0.3009, 0.1878
0.3009, 0.1852
0.3009, 0.1852
0.3009, 0.1852
0.3009, 0.1852
0.3009, 0.1852
0.3009, 0.1852
0.3009, 0.1852
0.3009, 0.1825
0.3009, 0.1825
0.3009, 0.1825
0.3009, 0.1825
0.3009, 0.1825
0.3009, 0.1825
0.3009, 0.1799
0.3009, 0.1799
0.3009, 0.1799
0.2969, 0.1799
0.2969, 0.1799
0.2969, 0.1799
0.2969, 0.1799
0.2969, 0.1799
0.2969, 0.1799
0.2969, 0.1799
0.2969, 0.1799
0.2969, 0.1799
0.2969, 0.1799
0.2969, 0.1799
0.2969, 0.1799
0.2969, 0.1799
0.2969, 0.1799
0.2969, 0.1799
0.2969, 0.1799
0.2969, 0.1799
0.2969, 0.1772
0.2969, 0.1772
0.2969, 0.1772
0.2969, 0.1772
0.2969, 0.1772
0.2969, 0.1772
0.2969, 0.1746
0.2969, 0.1746
0.2969, 0.1746
0.2969, 0.1746
0.2969, 0.1746
0.2969, 0.1746
0.2969, 0.1746
0.2969, 0.1746
0.2969, 0.1746
0.2969, 0.1746
0.2969, 0.1746
0.2969, 0.1746
0.2969, 0.1746
0.2969, 0.1720
0.2969, 0.1720
0.2969, 0.1720
0.2969, 0.1720
0.2969, 0.1720
0.2969, 0.1720
0.2969, 0.1720
0.2969, 0.1720
0.2969, 0.1720
0.2969, 0.1720
0.2969, 0.1693
0.2969, 0.1693
0.2969, 0.1693
0.2969, 0.1693
0.2969, 0.1693
0.2969, 0.1693
0.2969, 0.1693
0.2969, 0.1667
0.2969, 0.1667
0.2969, 0.1667
0.2969, 0.1667
0.2969, 0.1667
0.2969, 0.1667
0.2969, 0.1667
0.2969, 0.1667
0.2969, 0.1667
0.2969, 0.1667
0.2969, 0.1667
0.2969, 0.1667
0.2969, 0.1667
0.2969, 0.1667
0.2969, 0.1667
0.2969, 0.1667
0.2969, 0.1640
0.2969, 0.1640
0.2969, 0.1640
0.2969, 0.1614
0.2969, 0.1614
0.2969, 0.1614
0.2969, 0.1614
0.2969, 0.1614
0.2969, 0.1614
0.2969, 0.1614
0.2969, 0.1614
0.2969, 0.1614
0.2969, 0.1614
0.2969, 0.1614
0.2969, 0.1614
0.2969, 0.1614
0.2969, 0.1587
0.2969, 0.1587
0.2969, 0.1587
0.2969, 0.1561
0.2969, 0.1561
0.2969, 0.1561
0.2969, 0.1561
0.2969, 0.1561
0.2969, 0.1561
0.2969, 0.1534
0.2969, 0.1534
0.2969, 0.1534
0.2969, 0.1534
0.2969, 0.1534
0.2969, 0.1534
0.2969, 0.1534
0.2969, 0.1534
0.2969, 0.1534
0.2969, 0.1534
0.2969, 0.1534
0.2969, 0.1534
0.2969, 0.1534
0.2969, 0.1508
0.2969, 0.1508
0.2969, 0.1508
0.2930, 0.1508
0.2930, 0.1508
0.2930, 0.1508
0.2930, 0.1481
0.2930, 0.1481
0.2930, 0.1481
0.2930, 0.1481
0.2930, 0.1481
0.2930, 0.1481
0.2930, 0.1481
0.2930, 0.1481
0.2930, 0.1481
0.2930, 0.1455
0.2930, 0.1455
0.2930, 0.1455
0.2930, 0.1429
0.2930, 0.1429
0.2930, 0.1429
0.2930, 0.1429
0.2930, 0.1429
0.2930, 0.1429
0.2891, 0.1429
0.2891, 0.1429
0.2891, 0.1429
0.2891, 0.1402
0.2891, 0.1402
0.2891, 0.1402
0.2891, 0.1376
0.2891, 0.1376
0.2891, 0.1376
0.2891, 0.1376
0.2891, 0.1376
0.2891, 0.1376
0.2891, 0.1376
0.2891, 0.1349
0.2891, 0.1349
0.2891, 0.1349
0.2891, 0.1349
0.2891, 0.1349
0.2891, 0.1349
0.2891, 0.1349
0.2891, 0.1349
0.2891, 0.1349
0.2851, 0.1323
0.2851, 0.1323
0.2851, 0.1323
0.2851, 0.1323
0.2851, 0.1323
0.2851, 0.1323
0.2851, 0.1296
0.2851, 0.1296
0.2851, 0.1296
0.2851, 0.1296
0.2851, 0.1296
0.2851, 0.1296
0.2851, 0.1296
0.2851, 0.1296
0.2851, 0.1296
0.2851, 0.1296
0.2851, 0.1296
0.2851, 0.1296
0.2851, 0.1270
0.2851, 0.1270
0.2851, 0.1270
0.2851, 0.1270
0.2851, 0.1270
0.2851, 0.1270
0.2851, 0.1270
0.2851, 0.1243
0.2851, 0.1243
0.2851, 0.1243
0.2851, 0.1217
0.2851, 0.1217
0.2851, 0.1217
0.2851, 0.1217
0.2851, 0.1190
0.2851, 0.1190
0.2851, 0.1190
0.2812, 0.1164
0.2812, 0.1164
0.2812, 0.1164
0.2812, 0.1164
0.2812, 0.1164
0.2812, 0.1164
0.2812, 0.1164
0.2812, 0.1138
0.2812, 0.1138
0.2812, 0.1138
0.2812, 0.1138
0.2812, 0.1138
0.2812, 0.1138
0.2812, 0.1111
0.2812, 0.1111
0.2812, 0.1111
0.2812, 0.1111
0.2812, 0.1111
0.2812, 0.1111
0.2812, 0.1111
0.2812, 0.1111
0.2812, 0.1111
0.2812, 0.1085
0.2812, 0.1085
0.2812, 0.1085
0.2812, 0.1085
0.2812, 0.1085
0.2812, 0.1085
0.2812, 0.1085
0.2812, 0.1085
0.2812, 0.1085
0.2812, 0.1085
0.2812, 0.1085
0.2812, 0.1085
0.2812, 0.1085
0.2812, 0.1085
0.2812, 0.1058
0.2812, 0.1058
0.2812, 0.1058
0.2812, 0.1058
0.2812, 0.1058
0.2812, 0.1032
0.2812, 0.1032
0.2812, 0.1032
0.2812, 0.1032
0.2812, 0.1032
0.2812, 0.1032
0.2812, 0.1032
0.2812, 0.1032
0.2812, 0.1032
0.2812, 0.1005
0.2812, 0.1005
0.2812, 0.0979
0.2812, 0.0979
0.2812, 0.0979
0.2812, 0.0979
0.2812, 0.0979
0.2812, 0.0979
0.2812, 0.0952
0.2812, 0.0952
0.2812, 0.0952
0.2812, 0.0952
0.2812, 0.0952
0.2812, 0.0952
0.2812, 0.0952
0.2812, 0.0952
0.2812, 0.0952
0.2812, 0.0952
0.2812, 0.0952
0.2812, 0.0926
0.2812, 0.0926
0.2812, 0.0926
0.2812, 0.0899
0.2812, 0.0899
0.2812, 0.0899
0.2812, 0.0899
0.2812, 0.0899
0.2812, 0.0899
0.2812, 0.0899
0.2812, 0.0899
0.2812, 0.0899
0.2812, 0.0873
0.2812, 0.0873
0.2812, 0.0847
0.2812, 0.0847
0.2812, 0.0847
0.2812, 0.0820
0.2812, 0.0820
0.2812, 0.0820
0.2812, 0.0820
0.2812, 0.0820
0.2812, 0.0820
0.2812, 0.0820
0.2812, 0.0820
0.2812, 0.0820
0.2812, 0.0794
0.2812, 0.0794
0.2812, 0.0794
0.2812, 0.0794
0.2812, 0.0794
0.2812, 0.0767
0.2812, 0.0767
0.2812, 0.0767
0.2812, 0.0767
0.2812, 0.0767
0.2812, 0.0767
0.2812, 0.0767
0.2812, 0.0767
0.2812, 0.0767
0.2812, 0.0741
0.2812, 0.0741
0.2812, 0.0714
0.2812, 0.0714
0.2812, 0.0714
0.2812, 0.0714
0.2812, 0.0714
0.2812, 0.0714
0.2812, 0.0688
0.2812, 0.0688
0.2812, 0.0688
0.2812, 0.0688
0.2812, 0.0688
0.2812, 0.0688
0.2812, 0.0688
0.2812, 0.0688
0.2812, 0.0688
0.2812, 0.0661
0.2812, 0.0661
0.2812, 0.0661
0.2812, 0.0661
0.2812, 0.0661
0.2812, 0.0635
0.2812, 0.0635
0.2812, 0.0635
0.2812, 0.0635
0.2812, 0.0635
0.2812, 0.0635
0.2812, 0.0635
0.2812, 0.0635
0.2812, 0.0635
0.2812, 0.0635
0.2812, 0.0635
0.2812, 0.0608
0.2812, 0.0608
0.2812, 0.0608
0.2812, 0.0608
0.2812, 0.0582
0.2812, 0.0582
0.2812, 0.0582
0.2812, 0.0582
0.2812, 0.0582
0.2812, 0.0582
0.2812, 0.0582
0.2812, 0.0582
0.2812, 0.0582
0.2812, 0.0582
0.2812, 0.0556
0.2812, 0.0556
0.2812, 0.0556
0.2812, 0.0556
0.2812, 0.0556
0.2812, 0.0556
0.2851, 0.0529
0.2851, 0.0529
0.2851, 0.0529
0.2851, 0.0529
0.2851, 0.0529
0.2851, 0.0529
0.2851, 0.0503
0.2851, 0.0503
0.2851, 0.0503
0.2851, 0.0503
0.2851, 0.0503
0.2851, 0.0503
0.2851, 0.0503
0.2851, 0.0503
0.2851, 0.0503
0.2851, 0.0503
0.2851, 0.0503
0.2851, 0.0503
0.2851, 0.0476
0.2851, 0.0476
0.2851, 0.0476
0.2891, 0.0476
0.2891, 0.0476
0.2891, 0.0476
0.2891, 0.0450
0.2891, 0.0450
0.2891, 0.0450
0.2891, 0.0450
0.2891, 0.0450
0.2891, 0.0450
0.2891, 0.0450
0.2891, 0.0450
0.2891, 0.0450
0.2891, 0.0450
0.2891, 0.0450
0.2891, 0.0450
0.2930, 0.0423
0.2930, 0.0423
0.2930, 0.0423
0.2930, 0.0423
0.2930, 0.0423
0.2930, 0.0423
0.2930, 0.0397
0.2930, 0.0397
0.2930, 0.0397
0.2930, 0.0397
0.2930, 0.0397
0.2930, 0.0397
0.2930, 0.0370
0.2930, 0.0370
0.2930, 0.0370
0.2930, 0.0370
0.2930, 0.0370
0.2930, 0.0370
0.2930, 0.0370
0.2930, 0.0370
0.2930, 0.0370
0.2930, 0.0370
0.2930, 0.0370
0.2930, 0.0370
0.2930, 0.0370
0.2930, 0.0370
0.2930, 0.0370
0.2930, 0.0370
0.2930, 0.0370
0.2930, 0.0370
0.2930, 0.0344
0.2930, 0.0344
0.2930, 0.0344
0.2969, 0.0344
0.2969, 0.0344
0.2969, 0.0344
0.2969, 0.0344
0.2969, 0.0344
0.2969, 0.0344
0.2969, 0.0317
0.2969, 0.0317
0.2969, 0.0317
0.2969, 0.0317
0.2969, 0.0317
0.2969, 0.0317
0.2969, 0.0317
0.2969, 0.0317
0.2969, 0.0317
0.3009, 0.0317
0.3009, 0.0317
0.3009, 0.0317
0.3009, 0.0317
0.3009, 0.0317
0.3009, 0.0317
0.3009, 0.0317
0.3009, 0.0317
0.3009, 0.0317
0.3009, 0.0291
0.3009, 0.0291
0.3009, 0.0291
0.3009, 0.0291
0.3009, 0.0291
0.3009, 0.0291
0.3009, 0.0291
0.3009, 0.0291
0.3009, 0.0291
0.3009, 0.0265
0.3009, 0.0265
0.3009, 0.0265
0.3009, 0.0265
0.3009, 0.0265
0.3009, 0.0265
0.3048, 0.0265
0.3048, 0.0265
0.3048, 0.0265
0.3048, 0.0238
0.3048, 0.0238
0.3048, 0.0238
0.3048, 0.0238
0.3048, 0.0238
0.3048, 0.0238
0.3048, 0.0238
0.3048, 0.0238
0.3048, 0.0238
0.3048, 0.0238
0.3048, 0.0238
0.3088, 0.0238
0.3088, 0.0238
0.3088, 0.0238
0.3088, 0.0238
0.3088, 0.0238
0.3088, 0.0238
0.3088, 0.0238
0.3088, 0.0212
0.3088, 0.0212
0.3088, 0.0212
0.3088, 0.0212
0.3088, 0.0212
0.3088, 0.0212
0.3127, 0.0212
0.3127, 0.0212
0.3127, 0.0212
0.3127, 0.0212
0.3127, 0.0212
0.3127, 0.0185
0.3127, 0.0185
0.3127, 0.0185
0.3127, 0.0185
0.3127, 0.0185
0.3127, 0.0185
0.3127, 0.0185
0.3127, 0.0185
0.3127, 0.0185
0.3127, 0.0185
0.3127, 0.0185
0.3127, 0.0185
0.3127, 0.0185
0.3127, 0.0185
0.3127, 0.0185
0.3127, 0.0185
0.3127, 0.0185
0.3127, 0.0185
0.3166, 0.0185
0.3166, 0.0185
0.3166, 0.0185
0.3166, 0.0185
0.3166, 0.0185
0.3166, 0.0185
0.3166, 0.0159
0.3166, 0.0159
0.3166, 0.0159
0.3166, 0.0159
0.3166, 0.0159
0.3166, 0.0159
0.3206, 0.0159
0.3206, 0.0159
0.3206, 0.0159
0.3206, 0.0159
0.3206, 0.0159
0.3206, 0.0159
0.3206, 0.0132
0.3206, 0.0132
0.3206, 0.0132
0.3206, 0.0132
0.3206, 0.0132
0.3206, 0.0132
0.3206, 0.0132
0.3206, 0.0132
0.3206, 0.0132
0.3206, 0.0106
0.3206, 0.0106
0.3206, 0.0106
0.3206, 0.0106
0.3206, 0.0106
0.3245, 0.0106
0.3245, 0.0106
0.3245, 0.0106
0.3245, 0.0106
0.3245, 0.0106
0.3245, 0.0106
0.3245, 0.0106
0.3245, 0.0106
0.3245, 0.0106
0.3245, 0.0106
0.3245, 0.0106
0.3245, 0.0106
0.3245, 0.0106
0.3245, 0.0106
0.3245, 0.0106
0.3245, 0.0106
0.3245, 0.0106
0.3285, 0.0106
0.3285, 0.0106
0.3285, 0.0106
0.3285, 0.0106
0.3285, 0.0106
0.3285, 0.0106
0.3285, 0.0106
0.3285, 0.0106
0.3285, 0.0079
0.3285, 0.0079
0.3285, 0.0079
0.3324, 0.0079
0.3324, 0.0079
0.3324, 0.0079
0.3324, 0.0079
0.3324, 0.0079
0.3324, 0.0079
0.3324, 0.0079
0.3324, 0.0079
0.3324, 0.0053
0.3324, 0.0053
0.3324, 0.0053
0.3324, 0.0053
0.3324, 0.0053
0.3324, 0.0053
0.3324, 0.0053
0.3324, 0.0053
0.3324, 0.0053
0.3324, 0.0053
0.3324, 0.0053
0.3324, 0.0053
0.3364, 0.0053
0.3364, 0.0053
0.3364, 0.0053
0.3364, 0.0053
0.3364, 0.0053
0.3364, 0.0053
0.3364, 0.0053
0.3364, 0.0053
0.3364, 0.0053
0.3364, 0.0053
0.3364, 0.0053
0.3364, 0.0053
0.3364, 0.0053
0.3364, 0.0053
0.3364, 0.0053
0.3364, 0.0053
0.3403, 0.0053
0.3403, 0.0053
0.3403, 0.0053
0.3403, 0.0053
0.3403, 0.0053
0.3403, 0.0053
0.3403, 0.0053
0.3403, 0.0053
0.3403, 0.0053
0.3403, 0.0053
0.3403, 0.0053
0.3403, 0.0053
0.3403, 0.0053
0.3403, 0.0053
0.3403, 0.0053
0.3403, 0.0026
0.3403, 0.0026
0.3442, 0.0026
0.3442, 0.0026
0.3442, 0.0026
0.3442, 0.0026
0.3442, 0.0026
0.3442, 0.0026
0.3442, 0.0026
0.3442, 0.0026
0.3442, 0.0026
0.3442, 0.0026
0.3442, 0.0026
0.3442, 0.0026
0.3482, 0.0026
0.3482, 0.0026
0.3482, 0.0026
0.3482, 0.0026
0.3482, 0.0026
0.3482, 0.0026
0.3482, 0.0026
0.3482, 0.0026
0.3482, 0.0026
0.3482, 0.0026
0.3482, 0.0026
0.3482, 0.0026
0.3482, 0.0026
0.3482, 0.0026
0.3482, 0.0026
0.3482, 0.0026
0.3482, 0.0026
0.3521, 0.0026
0.3521, 0.0026
0.3521, 0.0026
0.3521, 0.0026
0.3521, 0.0026
0.3561, 0.0026
0.3561, 0.0026
0.3561, 0.0026
0.3561, 0.0026
0.3561, 0.0026
0.3561, 0.0026
0.3601, 0.0026
0.3601, 0.0026
0.3601, 0.0026
0.3601, 0.0026
0.3601, 0.0026
0.3601, 0.0026
0.3601, 0.0026
0.3601, 0.0026
0.3601, 0.0026
0.3601, 0.0026
0.3601, 0.0026
0.3601, 0.0026
0.3601, 0.0026
0.3601, 0.0026
0.3601, 0.0026
0.3601, 0.0026
0.3601, 0.0026
0.3601, 0.0026
0.3639, 0.0026
0.3639, 0.0026
0.3639, 0.0026
0.3639, 0.0000
0.3639, 0.0000
0.3639, 0.0000
0.3639, 0.0000
0.3639, 0.0000
0.3679, 0.0000
0.3679, 0.0000
0.3679, 0.0000
0.3679, 0.0000
0.3679, 0.0000
0.3679, 0.0000
0.3679, 0.0000
0.3679, 0.0000
0.3679, 0.0000
0.3679, 0.0000
0.3679, 0.0000
0.3679, 0.0000
0.3679, 0.0000
0.3679, 0.0000
0.3679, 0.0000
0.3679, 0.0000
0.3679, 0.0000
0.3679, 0.0000
0.3718, 0.0000
0.3718, 0.0000
0.3718, 0.0000
0.3718, 0.0000
0.3718, 0.0000
0.3758, 0.0000
0.3758, 0.0000
0.3758, 0.0000
0.3758, 0.0000
0.3758, 0.0000
0.3758, 0.0000
0.3758, 0.0000
0.3758, 0.0000
0.3758, 0.0000
0.3758, 0.0000
0.3758, 0.0000
0.3758, 0.0000
0.3797, 0.0000
0.3797, 0.0000
0.3797, 0.0000
0.3797, 0.0000
0.3797, 0.0000
0.3797, 0.0000
0.3797, 0.0000
0.3797, 0.0000
0.3797, 0.0000
0.3797, 0.0000
0.3797, 0.0000
0.3797, 0.0000
0.3837, 0.0000
0.3837, 0.0000
0.3837, 0.0000
0.3837, 0.0000
0.3837, 0.0000
0.3877, 0.0000
0.3877, 0.0000
0.3877, 0.0000
0.3877, 0.0000
0.3877, 0.0000
0.3877, 0.0000
0.3877, 0.0000
0.3877, 0.0000
0.3877, 0.0000
0.3877, 0.0000
0.3877, 0.0000
0.3877, 0.0000
0.3877, 0.0000
0.3877, 0.0000
0.3877, 0.0000
0.3915, 0.0000
0.3915, 0.0000
0.3915, 0.0000
0.3915, 0.0000
0.3915, 0.0000
0.3955, 0.0026
0.3955, 0.0026
0.3955, 0.0026
0.3955, 0.0026
0.3955, 0.0026
0.3955, 0.0026
0.3994, 0.0026
0.3994, 0.0026
0.3994, 0.0026
0.3994, 0.0026
0.3994, 0.0026
0.3994, 0.0026
0.3994, 0.0026
0.3994, 0.0026
0.3994, 0.0026
0.4034, 0.0026
0.4034, 0.0026
0.4034, 0.0026
0.4034, 0.0026
0.4034, 0.0026
0.4034, 0.0026
0.4034, 0.0026
0.4034, 0.0026
0.4034, 0.0026
0.4074, 0.0026
0.4074, 0.0026
0.4074, 0.0026
0.4074, 0.0026
0.4074, 0.0026
0.4074, 0.0053
0.4074, 0.0053
0.4074, 0.0053
0.4074, 0.0053
0.4074, 0.0053
0.4074, 0.0053
0.4074, 0.0053
0.4074, 0.0053
0.4113, 0.0079
0.4113, 0.0079
0.4113, 0.0079
0.4113, 0.0079
0.4113, 0.0079
0.4113, 0.0079
0.4152, 0.0079
0.4152, 0.0079
0.4152, 0.0079
0.4152, 0.0079
0.4152, 0.0079
0.4191, 0.0079
0.4191, 0.0079
0.4191, 0.0079
0.4191, 0.0079
0.4191, 0.0079
0.4191, 0.0079
0.4191, 0.0079
0.4191, 0.0079
0.4191, 0.0079
0.4191, 0.0106
0.4191, 0.0106
0.4191, 0.0106
0.4191, 0.0106
0.4191, 0.0106
0.4191, 0.0106
0.4191, 0.0106
0.4191, 0.0106
0.4231, 0.0132
0.4231, 0.0132
0.4231, 0.0132
0.4231, 0.0132
0.4231, 0.0132
0.4231, 0.0132
0.4271, 0.0159
0.4271, 0.0159
0.4271, 0.0159
0.4271, 0.0159
0.4271, 0.0159
0.4271, 0.0159
0.4271, 0.0159
0.4271, 0.0159
0.4271, 0.0159
0.4271, 0.0159
0.4271, 0.0159
0.4310, 0.0159
0.4310, 0.0159
0.4310, 0.0159
0.4310, 0.0185
0.4310, 0.0185
0.4310, 0.0185
0.4310, 0.0185
0.4310, 0.0185
0.4350, 0.0212
0.4350, 0.0212
0.4350, 0.0212
0.4388, 0.0212
0.4388, 0.0212
0.4388, 0.0212
0.4388, 0.0212
0.4388, 0.0212
0.4388, 0.0212
0.4388, 0.0212
0.4388, 0.0212
0.4388, 0.0212
0.4388, 0.0212
0.4388, 0.0212
0.4388, 0.0238
0.4388, 0.0238
0.4428, 0.0238
0.4428, 0.0238
0.4428, 0.0238
0.4428, 0.0238
0.4428, 0.0238
0.4428, 0.0238
0.4428, 0.0238
0.4428, 0.0238
0.4428, 0.0238
0.4468, 0.0265
0.4468, 0.0265
0.4468, 0.0265
0.4468, 0.0265
0.4468, 0.0265
0.4468, 0.0265
0.4468, 0.0265
0.4468, 0.0265
0.4468, 0.0291
0.4468, 0.0291
0.4468, 0.0291
0.4507, 0.0291
0.4507, 0.0291
0.4507, 0.0291
0.4507, 0.0291
0.4507, 0.0291
0.4547, 0.0291
0.4547, 0.0291
0.4547, 0.0291
0.4547, 0.0291
0.4547, 0.0291
0.4547, 0.0291
0.4586, 0.0291
0.4586, 0.0291
0.4586, 0.0317
0.4586, 0.0317
0.4586, 0.0317
0.4586, 0.0317
0.4586, 0.0317
0.4586, 0.0317
0.4586, 0.0317
0.4586, 0.0317
0.4586, 0.0317
0.4586, 0.0317
0.4626, 0.0344
0.4626, 0.0344
0.4626, 0.0344
0.4626, 0.0344
0.4626, 0.0344
0.4626, 0.0344
0.4665, 0.0344
0.4665, 0.0344
0.4665, 0.0344
0.4665, 0.0344
0.4665, 0.0344
0.4665, 0.0344
0.4665, 0.0344
0.4665, 0.0344
0.4665, 0.0370
0.4665, 0.0370
0.4665, 0.0370
0.4704, 0.0370
0.4704, 0.0370
0.4704, 0.0397
0.4704, 0.0397
0.4704, 0.0397
0.4744, 0.0397
0.4744, 0.0397
0.4744, 0.0397
0.4744, 0.0397
0.4744, 0.0397
0.4744, 0.0423
0.4744, 0.0423
0.4744, 0.0423
0.4744, 0.0423
0.4744, 0.0423
0.4744, 0.0423
0.4744, 0.0423
0.4744, 0.0423
0.4783, 0.0423
0.4783, 0.0423
0.4783, 0.0423
0.4783, 0.0450
0.4783, 0.0450
0.4783, 0.0450
0.4823, 0.0450
0.4823, 0.0450
0.4862, 0.0476
0.4862, 0.0476
0.4862, 0.0476
0.4862, 0.0476
0.4862, 0.0476
0.4862, 0.0476
0.4862, 0.0476
0.4862, 0.0476
0.4862, 0.0476
0.4901, 0.0503
0.4901, 0.0503
0.4901, 0.0529
0.4901, 0.0529
0.4901, 0.0529
0.4941, 0.0529
0.4941, 0.0529
0.4941, 0.0556
0.4941, 0.0556
0.4941, 0.0556
0.4941, 0.0556
0.4941, 0.0556
0.4941, 0.0556
0.4941, 0.0556
0.4941, 0.0556
0.4941, 0.0556
0.4941, 0.0556
0.4941, 0.0556
0.4941, 0.0556
0.4980, 0.0582
0.4980, 0.0582
0.4980, 0.0582
0.4980, 0.0582
0.4980, 0.0582
0.5020, 0.0608
0.5020, 0.0608
0.5020, 0.0608
0.5020, 0.0608
0.5020, 0.0608
0.5020, 0.0608
0.5059, 0.0608
0.5059, 0.0608
0.5059, 0.0608
0.5059, 0.0608
0.5059, 0.0635
0.5059, 0.0635
0.5059, 0.0635
0.5059, 0.0635
0.5059, 0.0635
0.5059, 0.0661
0.5059, 0.0661
0.5099, 0.0661
0.5099, 0.0661
0.5099, 0.0661
0.5099, 0.0661
0.5138, 0.0661
0.5138, 0.0661
0.5138, 0.0661
0.5138, 0.0661
0.5138, 0.0661
0.5138, 0.0688
0.5138, 0.0688
0.5138, 0.0688
0.5138, 0.0688
0.5138, 0.0688
0.5138, 0.0688
0.5138, 0.0688
0.5138, 0.0714
0.5138, 0.0714
0.5177, 0.0714
0.5177, 0.0714
0.5177, 0.0741
0.5177, 0.0741
0.5177, 0.0741
0.5177, 0.0741
0.5217, 0.0741
0.5217, 0.0741
0.5217, 0.0741
0.5217, 0.0741
0.5217, 0.0741
0.5256, 0.0767
0.5256, 0.0767
0.5256, 0.0767
0.5256, 0.0767
0.5256, 0.0767
0.5256, 0.0767
0.5256, 0.0794
0.5256, 0.0794
0.5256, 0.0794
0.5256, 0.0794
0.5256, 0.0794
0.5296, 0.0794
0.5296, 0.0794
0.5296, 0.0794
0.5296, 0.0794
0.5335, 0.0820
0.5335, 0.0820
0.5335, 0.0820
0.5335, 0.0847
0.5335, 0.0847
0.5335, 0.0847
0.5335, 0.0847
0.5335, 0.0847
0.5335, 0.0847
0.5335, 0.0873
0.5335, 0.0873
0.5374, 0.0873
0.5374, 0.0873
0.5374, 0.0873
0.5374, 0.0873
0.5374, 0.0873
0.5374, 0.0873
0.5374, 0.0873
0.5414, 0.0899
0.5414, 0.0899
0.5414, 0.0899
0.5414, 0.0899
0.5453, 0.0926
0.5453, 0.0926
0.5453, 0.0926
0.5453, 0.0926
0.5453, 0.0926
0.5453, 0.0926
0.5453, 0.0926
0.5453, 0.0952
0.5453, 0.0952
0.5493, 0.0979
0.5493, 0.0979
0.5493, 0.0979
0.5493, 0.0979
0.5493, 0.1005
0.5493, 0.1005
0.5532, 0.1005
0.5532, 0.1005
0.5532, 0.1005
0.5532, 0.1005
0.5532, 0.1005
0.5532, 0.1005
0.5532, 0.1005
0.5532, 0.1032
0.5532, 0.1032
0.5532, 0.1032
0.5532, 0.1032
0.5532, 0.1032
0.5572, 0.1058
0.5572, 0.1058
0.5572, 0.1058
0.5572, 0.1058
0.5572, 0.1058
0.5572, 0.1058
0.5612, 0.1058
0.5612, 0.1058
0.5612, 0.1085
0.5612, 0.1085
0.5650, 0.1085
0.5650, 0.1085
0.5650, 0.1085
0.5650, 0.1111
0.5650, 0.1111
0.5650, 0.1111
0.5650, 0.1111
0.5650, 0.1138
0.5650, 0.1138
0.5650, 0.1138
0.5650, 0.1138
0.5650, 0.1138
0.5650, 0.1138
0.5690, 0.1138
0.5690, 0.1138
0.5690, 0.1138
0.5690, 0.1164
0.5690, 0.1164
0.5690, 0.1164
0.5690, 0.1164
0.5729, 0.1164
0.5729, 0.1164
0.5729, 0.1190
0.5729, 0.1190
0.5729, 0.1190
0.5729, 0.1190
0.5729, 0.1190
0.5729, 0.1190
0.5729, 0.1190
0.5729, 0.1217
0.5729, 0.1217
0.5729, 0.1217
0.5729, 0.1217
0.5769, 0.1243
0.5769, 0.1243
0.5769, 0.1243
0.5769, 0.1243
0.5809, 0.1270
0.5809, 0.1270
0.5809, 0.1270
0.5809, 0.1270
0.5809, 0.1270
0.5809, 0.1270
0.5809, 0.1270
0.5848, 0.1270
0.5848, 0.1270
0.5848, 0.1296
0.5848, 0.1296
0.5848, 0.1296
0.5848, 0.1296
0.5848, 0.1323
0.5848, 0.1323
0.5848, 0.1323
0.5848, 0.1323
0.5848, 0.1323
0.5848, 0.1323
0.5848, 0.1323
0.5887, 0.1323
0.5887, 0.1323
0.5887, 0.1349
0.5887, 0.1349
0.5926, 0.1349
0.5926, 0.1349
0.5926, 0.1376
0.5926, 0.1376
0.5926, 0.1402
0.5926, 0.1402
0.5966, 0.1402
0.5966, 0.1402
0.5966, 0.1402
0.5966, 0.1402
0.5966, 0.1402
0.6006, 0.1429
0.6006, 0.1429
0.6006, 0.1429
0.6006, 0.1429
0.6006, 0.1455
0.6006, 0.1455
0.6006, 0.1455
0.6006, 0.1455
0.6045, 0.1455
0.6045, 0.1455
0.6045, 0.1481
0.6045, 0.1481
0.6045, 0.1481
0.6045, 0.1481
0.6045, 0.1481
0.6085, 0.1508
0.6085, 0.1508
0.6085, 0.1508
0.6085, 0.1508
0.6085, 0.1508
0.6085, 0.1508
0.6123, 0.1534
0.6123, 0.1534
0.6123, 0.1534
0.6123, 0.1534
0.6123, 0.1561
0.6123, 0.1561
0.6123, 0.1561
0.6123, 0.1561
0.6123, 0.1587
0.6123, 0.1587
0.6163, 0.1587
0.6163, 0.1587
0.6163, 0.1587
0.6163, 0.1587
0.6203, 0.1614
0.6203, 0.1614
0.6203, 0.1640
0.6203, 0.1640
0.6203, 0.1640
0.6203, 0.1640
0.6203, 0.1640
0.6203, 0.1640
0.6203, 0.1640
0.6203, 0.1667
0.6203, 0.1667
0.6203, 0.1667
0.6203, 0.1667
0.6242, 0.1693
0.6242, 0.1693
0.6242, 0.1693
0.6242, 0.1693
0.6242, 0.1720
0.6242, 0.1720
0.6242, 0.1720
0.6242, 0.1720
0.6282, 0.1720
0.6282, 0.1720
0.6282, 0.1720
0.6282, 0.1720
0.6282, 0.1720
0.6282, 0.1746
0.6282, 0.1746
0.6321, 0.1772
0.6321, 0.1772
0.6321, 0.1772
0.6321, 0.1772
0.6321, 0.1772
0.6321, 0.1772
0.6321, 0.1772
0.6321, 0.1772
0.6321, 0.1799
0.6321, 0.1799
0.6321, 0.1825
0.6321, 0.1825
0.6321, 0.1825
0.6321, 0.1825
0.6361, 0.1852
0.6361, 0.1852
0.6361, 0.1852
0.6361, 0.1852
0.6361, 0.1852
0.6361, 0.1852
0.6361, 0.1852
0.6361, 0.1852
0.6399, 0.1852
0.6399, 0.1852
0.6399, 0.1878
0.6399, 0.1878
0.6399, 0.1878
0.6399, 0.1878
0.6399, 0.1905
0.6399, 0.1905
0.6399, 0.1905
0.6399, 0.1905
0.6399, 0.1905
0.6399, 0.1905
0.6399, 0.1905
0.6399, 0.1905
0.6439, 0.1931
0.6439, 0.1931
0.6439, 0.1958
0.6439, 0.1958
0.6479, 0.1958
0.6479, 0.1958
0.6479, 0.1984
0.6479, 0.1984
0.6518, 0.1984
0.6518, 0.1984
0.6518, 0.1984
0.6518, 0.1984
0.6518, 0.1984
0.6518, 0.2011
0.6518, 0.2011
0.6518, 0.2011
0.6518, 0.2011
0.6518, 0.2037
0.6518, 0.2037
0.6518, 0.2037
0.6518, 0.2037
0.6518, 0.2037
0.6518, 0.2037
0.6558, 0.2037
0.6558, 0.2037
0.6558, 0.2063
0.6558, 0.2063
0.6558, 0.2063
0.6558, 0.2063
0.6597, 0.2090
0.6597, 0.2090
0.6597, 0.2116
0.6597, 0.2116
0.6597, 0.2116
0.6597, 0.2116
0.6597, 0.2116
0.6597, 0.2116
0.6636, 0.2143
0.6636, 0.2143
0.6636, 0.2143
0.6636, 0.2143
0.6636, 0.2169
0.6636, 0.2169
0.6676, 0.2169
0.6676, 0.2169
0.6676, 0.2169
0.6676, 0.2169
0.6676, 0.2196
0.6676, 0.2196
0.6676, 0.2196
0.6676, 0.2196
0.6715, 0.2222
0.6715, 0.2222
0.6715, 0.2249
0.6715, 0.2249
0.6715, 0.2249
0.6715, 0.2249
0.6715, 0.2249
0.6715, 0.2249
0.6715, 0.2249
0.6715, 0.2275
0.6715, 0.2275
0.6755, 0.2275
0.6755, 0.2275
0.6755, 0.2302
0.6755, 0.2302
0.6755, 0.2302
0.6755, 0.2302
0.6794, 0.2302
0.6794, 0.2302
0.6794, 0.2328
0.6794, 0.2328
0.6794, 0.2328
0.6794, 0.2328
0.6794, 0.2354
0.6794, 0.2354
0.6794, 0.2354
0.6794, 0.2354
0.6794, 0.2354
0.6794, 0.2354
0.6794, 0.2381
0.6794, 0.2381
0.6834, 0.2407
0.6834, 0.2407
0.6834, 0.2407
0.6834, 0.2407
0.6834, 0.2407
0.6834, 0.2434
0.6834, 0.2434
0.6873, 0.2434
0.6873, 0.2434
0.6873, 0.2434
0.6873, 0.2434
0.6873, 0.2434
0.6873, 0.2434
0.6912, 0.2460
0.6912, 0.2460
0.6912, 0.2460
0.6912, 0.2460
0.6912, 0.2460
0.6912, 0.2460
0.6912, 0.2460
0.6912, 0.2460
0.6912, 0.2460
0.6912, 0.2487
0.6912, 0.2487
0.6912, 0.2487
0.6912, 0.2487
0.6912, 0.2487
0.6912, 0.2487
0.6912, 0.2487
0.6912, 0.2487
0.6912, 0.2487
0.6912, 0.2487
0.6912, 0.2487
0.6912, 0.2513
0.6912, 0.2513
0.6952, 0.2513
0.6952, 0.2513
0.6952, 0.2540
0.6952, 0.2540
0.6952, 0.2540
0.6952, 0.2540
0.6991, 0.2566
0.6991, 0.2566
0.6991, 0.2566
0.6991, 0.2566
0.6991, 0.2566
0.6991, 0.2566
0.6991, 0.2566
0.6991, 0.2566
0.6991, 0.2566
0.6991, 0.2566
0.6991, 0.2566
0.6991, 0.2593
0.7031, 0.2593
0.7031, 0.2593
0.7031, 0.2593
0.7031, 0.2619
0.7031, 0.2619
0.7031, 0.2619
0.7031, 0.2619
0.7070, 0.2619
0.7070, 0.2619
0.7070, 0.2646
0.7070, 0.2646
0.7109, 0.2646
0.7109, 0.2672
0.7109, 0.2672
0.7109, 0.2672
0.7109, 0.2672
0.7109, 0.2698
0.7109, 0.2698
0.7109, 0.2698
0.7109, 0.2698
0.7149, 0.2698
0.7149, 0.2698
0.7149, 0.2698
0.7149, 0.2698
0.7149, 0.2698
0.7149, 0.2725
0.7149, 0.2725
0.7188, 0.2751
0.7188, 0.2751
0.7188, 0.2751
0.7188, 0.2751
0.7188, 0.2751
0.7188, 0.2751
0.7188, 0.2751
0.7188, 0.2751
0.7228, 0.2778
0.7228, 0.2778
0.7228, 0.2804
0.7228, 0.2804
0.7228, 0.2804
0.7228, 0.2804
0.7228, 0.2804
0.7228, 0.2804
0.7267, 0.2831
0.7267, 0.2831
0.7267, 0.2831
0.7267, 0.2831
0.7267, 0.2831
0.7267, 0.2831
0.7267, 0.2831
0.7267, 0.2831
0.7267, 0.2831
0.7267, 0.2831
0.7267, 0.2831
0.7267, 0.2857
0.7267, 0.2857
0.7267, 0.2857
0.7267, 0.2857
0.7307, 0.2884
0.7307, 0.2884
0.7307, 0.2884
0.7307, 0.2884
0.7307, 0.2884
0.7307, 0.2884
0.7307, 0.2884
0.7347, 0.2884
0.7347, 0.2884
0.7347, 0.2884
0.7347, 0.2884
0.7347, 0.2884
0.7347, 0.2884
0.7347, 0.2910
0.7347, 0.2910
0.7385, 0.2910
0.7385, 0.2910
0.7385, 0.2937
0.7385, 0.2937
0.7385, 0.2937
0.7385, 0.2937
0.7385, 0.2963
0.7385, 0.2963
0.7385, 0.2963
0.7385, 0.2963
0.7385, 0.2963
0.7385, 0.2963
0.7425, 0.2963
0.7425, 0.2963
0.7425, 0.2989
0.7425, 0.2989
0.7464, 0.2989
0.7464, 0.2989
0.7464, 0.2989
0.7464, 0.3016
0.7464, 0.3016
0.7464, 0.3016
0.7464, 0.3016
0.7464, 0.3016
0.7464, 0.3016
0.7464, 0.3016
0.7464, 0.3016
0.7464, 0.3016
0.7464, 0.3016
0.7464, 0.3016
0.7464, 0.3016
0.7464, 0.3016
0.7464, 0.3042
0.7464, 0.3042
0.7504, 0.3042
0.7504, 0.3042
0.7504, 0.3042
0.7504, 0.3042
0.7544, 0.3069
0.7544, 0.3069
0.7544, 0.3095
0.7544, 0.3095
0.7544, 0.3095
0.7544, 0.3095
0.7583, 0.3095
0.7583, 0.3095
0.7583, 0.3095
0.7583, 0.3095
0.7583, 0.3095
0.7583, 0.3095
0.7583, 0.3122
0.7583, 0.3122
0.7583, 0.3122
0.7583, 0.3122
0.7583, 0.3122
0.7583, 0.3122
0.7622, 0.3148
0.7622, 0.3148
0.7622, 0.3148
0.7622, 0.3148
0.7622, 0.3148
0.7622, 0.3148
0.7622, 0.3148
0.7661, 0.3148
0.7661, 0.3148
0.7661, 0.3175
0.7661, 0.3175
0.7661, 0.3201
0.7661, 0.3201
0.7661, 0.3201
0.7661, 0.3201
0.7661, 0.3201
0.7661, 0.3201
0.7701, 0.3201
0.7701, 0.3201
0.7701, 0.3201
0.7701, 0.3201
0.7701, 0.3201
0.7741, 0.3228
0.7741, 0.3228
0.7780, 0.3254
0.7780, 0.3280
0.7780, 0.3280
0.7780, 0.3280
0.7780, 0.3280
0.7780, 0.3280
0.7780, 0.3280
0.7780, 0.3280
0.7780, 0.3280
0.7820, 0.3280
0.7820, 0.3280
0.7820, 0.3280
0.7820, 0.3280
0.7820, 0.3280
0.7820, 0.3280
0.7858, 0.3307
0.7858, 0.3307
0.7858, 0.3307
0.7858, 0.3307
0.7858, 0.3333
0.7858, 0.3333
0.7858, 0.3333
0.7858, 0.3333
0.7858, 0.3333
0.7898, 0.3333
0.7898, 0.3333
0.7898, 0.3333
0.7898, 0.3333
0.7937, 0.3333
0.7937, 0.3333
0.7937, 0.3360
0.7937, 0.3360
0.7937, 0.3360
0.7937, 0.3360
0.7977, 0.3360
0.7977, 0.3360
0.7977, 0.3386
0.7977, 0.3386
0.7977, 0.3386
0.7977, 0.3386
0.7977, 0.3386
0.7977, 0.3386
0.7977, 0.3386
0.7977, 0.3386
0.7977, 0.3413
0.7977, 0.3413
0.7977, 0.3413
0.7977, 0.3413
0.8017, 0.3413
0.8017, 0.3413
0.8017, 0.3413
0.8017, 0.3413
0.8017, 0.3413
0.8017, 0.3413
0.8017, 0.3413
0.8056, 0.3413
0.8056, 0.3413
0.8056, 0.3413
0.8056, 0.3413
0.8056, 0.3413
0.8056, 0.3413
0.8056, 0.3439
0.8056, 0.3439
0.8056, 0.3439
0.8056, 0.3439
0.8056, 0.3439
0.8056, 0.3439
0.8056, 0.3439
0.8056, 0.3439
0.8096, 0.3466
0.8096, 0.3466
0.8096, 0.3466
0.8096, 0.3466
0.8096, 0.3466
0.8096, 0.3466
0.8096, 0.3466
0.8134, 0.3466
0.8134, 0.3466
0.8134, 0.3466
0.8134, 0.3466
0.8174, 0.3466
0.8174, 0.3466
0.8174, 0.3466
0.8174, 0.3466
0.8174, 0.3466
0.8174, 0.3466
0.8174, 0.3466
0.8174, 0.3466
0.8174, 0.3466
0.8174, 0.3466
0.8174, 0.3492
0.8174, 0.3492
0.8214, 0.3492
0.8214, 0.3492
0.8214, 0.3492
0.8214, 0.3492
0.8253, 0.3492
0.8253, 0.3492
0.8253, 0.3492
0.8253, 0.3492
0.8253, 0.3492
0.8253, 0.3492
0.8293, 0.3492
0.8293, 0.3492
0.8332, 0.3519
0.8332, 0.3519
0.8371, 0.3519
0.8371, 0.3519
0.8371, 0.3519
0.8371, 0.3519
0.8371, 0.3519
0.8371, 0.3519
0.8371, 0.3519
0.8371, 0.3519
0.8411, 0.3519
0.8411, 0.3519
0.8450, 0.3519
0.8450, 0.3519
0.8450, 0.3519
0.8450, 0.3519
0.8450, 0.3519
0.8450, 0.3519
0.8450, 0.3519
0.8450, 0.3519
0.8490, 0.3519
0.8490, 0.3519
0.8529, 0.3519
0.8529, 0.3519
0.8529, 0.3519
0.8529, 0.3519
0.8529, 0.3519
0.8529, 0.3519
0.8569, 0.3519
0.8569, 0.3519
0.8569, 0.3519
0.8569, 0.3519
0.8608, 0.3519
0.8608, 0.3519
0.8647, 0.3519
0.8647, 0.3519
0.8647, 0.3519
0.8647, 0.3519
0.8647, 0.3519
0.8647, 0.3519
0.8687, 0.3519
0.8687, 0.3519
0.8726, 0.3519
0.8726, 0.3519
0.8726, 0.3519
0.8766, 0.3519
0.8766, 0.3519
0.8805, 0.3519
0.8805, 0.3519
0.8844, 0.3519
0.8844, 0.3519
0.8844, 0.3519
0.8844, 0.3519
0.8884, 0.3519
0.8884, 0.3519
0.8884, 0.3519
0.8884, 0.3519
0.8923, 0.3519
0.8923, 0.3519
0.8923, 0.3519
0.8923, 0.3519
0.8923, 0.3519
0.8923, 0.3519
0.8923, 0.3519
0.8923, 0.3519
0.8923, 0.3519
0.8923, 0.3519
0.8923, 0.3519
0.8923, 0.3519
0.8923, 0.3519
0.8923, 0.3519
0.8923, 0.3519
0.8963, 0.3519
0.8963, 0.3519
0.8963, 0.3519
0.8963, 0.3519
0.9002, 0.3519
0.9002, 0.3519
0.9002, 0.3492
0.9002, 0.3492
0.9042, 0.3492
0.9042, 0.3492
0.9042, 0.3492
0.9042, 0.3492
0.9082, 0.3492
0.9082, 0.3492
0.9120, 0.3492
0.9120, 0.3492
0.9120, 0.3492
0.9120, 0.3492
0.9120, 0.3466
0.9120, 0.3466
0.9160, 0.3466
0.9160, 0.3466
0.9160, 0.3466
0.9160, 0.3466
0.9160, 0.3466
0.9160, 0.3466
0.9199, 0.3466
0.9199, 0.3439
0.9199, 0.3439
0.9199, 0.3439
0.9199, 0.3439
0.9239, 0.3439
0.9239, 0.3439
0.9239, 0.3439
0.9239, 0.3439
0.9239, 0.3439
0.9239, 0.3439
0.9239, 0.3439
0.9239, 0.3439
0.9239, 0.3439
0.9279, 0.3413
0.9318, 0.3386
0.9318, 0.3386
0.9318, 0.3386
0.9318, 0.3386
0.9357, 0.3360
0.9357, 0.3360
0.9357, 0.3360
0.9357, 0.3360
0.9396, 0.3360
0.9396, 0.3360
0.9436, 0.3333
0.9436, 0.3333
0.9436, 0.3333
0.9436, 0.3333
0.9436, 0.3307
0.9436, 0.3307
0.9436, 0.3307
0.9436, 0.3307
0.9436, 0.3307
0.9436, 0.3307
0.9475, 0.3280
0.9475, 0.3280
0.9475, 0.3280
0.9475, 0.3280
0.9515, 0.3254
0.9515, 0.3254
0.9515, 0.3254
0.9515, 0.3254
0.9515, 0.3228
0.9515, 0.3228
0.9515, 0.3228
0.9515, 0.3228
0.9555, 0.3228
0.9555, 0.3228
0.9555, 0.3201
0.9555, 0.3201
0.9593, 0.3201
0.9593, 0.3201
0.9593, 0.3175
0.9593, 0.3175
0.9593, 0.3175
0.9593, 0.3175
0.9633, 0.3175
0.9633, 0.3148
0.9633, 0.3148
0.9633, 0.3148
0.9633, 0.3148
0.9633, 0.3122
0.9633, 0.3122
0.9633, 0.3122
0.9633, 0.3122
0.9633, 0.3122
0.9633, 0.3122
0.9633, 0.3122
0.9633, 0.3122
0.9633, 0.3122
0.9633, 0.3122
0.9672, 0.3095
0.9672, 0.3095
0.9672, 0.3095
0.9672, 0.3095
0.9672, 0.3095
0.9672, 0.3095
0.9672, 0.3095
0.9672, 0.3095
0.9672, 0.3069
0.9672, 0.3069
0.9672, 0.3069
0.9672, 0.3069
0.9712, 0.3042
0.9712, 0.3042
0.9712, 0.3042
0.9712, 0.3042
0.9712, 0.3042
0.9712, 0.3042
0.9712, 0.3042
0.9712, 0.3042
0.9712, 0.3042
0.9712, 0.3042
0.9712, 0.3016
0.9712, 0.3016
0.9712, 0.3016
0.9712, 0.3016
0.9712, 0.3016
0.9712, 0.3016
0.9712, 0.3016
0.9712, 0.3016
0.9712, 0.3016
0.9712, 0.3016
0.9712, 0.3016
0.9712, 0.3016
0.9712, 0.3016
0.9712, 0.3016
0.9712, 0.3016
0.9712, 0.3016
0.9712, 0.3016
0.9712, 0.3016
0.9712, 0.3016
0.9712, 0.3016
0.9712, 0.3016

0.1510, 0.3175
0.1510, 0.3175
0.1510, 0.3175
0.1510, 0.3175
0.1510, 0.3175
0.1510, 0.3175
0.1510, 0.3175
0.1510, 0.3175
0.1510, 0.3175
0.1510, 0.3175
0.1510, 0.3175
0.1510, 0.3175
0.1510, 0.3175
0.1510, 0.3175
0.1510, 0.3175
0.1510, 0.3175
0.1510, 0.3175
0.1510, 0.3175
0.1510, 0.3175
0.1510, 0.3175
0.1510, 0.3175
0.1510, 0.3175
0.1510, 0.3175
0.1510, 0.3175
0.1510, 0.3175
0.1510, 0.3175
0.1510, 0.3175
0.1510, 0.3175
0.1510, 0.3175
0.1510, 0.3175
0.1510, 0.3175
0.1510, 0.3175
0.1510, 0.3175
0.1550, 0.3175
0.1550, 0.3175
0.1550, 0.3175
0.1550, 0.3175
0.1550, 0.3175
0.1550, 0.3175
0.1550, 0.3175
0.1589, 0.3175
0.1589, 0.3175
0.1589, 0.3175
0.1589, 0.3175
0.1589, 0.3175
0.1589, 0.3175
0.1629, 0.3175
0.1629, 0.3175
0.1668, 0.3175
0.1668, 0.3175
0.1668, 0.3175
0.1707, 0.3175
0.1707, 0.3175
0.1707, 0.3175
0.1707, 0.3175
0.1707, 0.3175
0.1707, 0.3175
0.1707, 0.3175
0.1707, 0.3175
0.1707, 0.3175
0.1707, 0.3175
0.1747, 0.3175
0.1747, 0.3175
0.1747, 0.3175
0.1786, 0.3175
0.1786, 0.3175
0.1786, 0.3175
0.1786, 0.3175
0.1786, 0.3175
0.1786, 0.3175
0.1826, 0.3175
0.1826, 0.3175
0.1826, 0.3175
0.1866, 0.3175
0.1866, 0.3175
0.1866, 0.3175
0.1904, 0.3175
0.1904, 0.3175
0.1904, 0.3175
0.1904, 0.3175
0.1904, 0.3175
0.1904, 0.3175
0.1904, 0.3175
0.1904, 0.3175
0.1904, 0.3175
0.1904, 0.3175
0.1944, 0.3175
0.1944, 0.3175
0.1944, 0.3175
0.1944, 0.3175
0.1944, 0.3175
0.1944, 0.3175
0.1944, 0.3175
0.1983, 0.3175
0.1983, 0.3175
0.1983, 0.3175
0.1983, 0.3175
0.1983, 0.3175
0.1983, 0.3175
0.1983, 0.3175
0.1983, 0.3175
0.1983, 0.3175
0.1983, 0.3175
0.1983, 0.3175
0.1983, 0.3175
0.2023, 0.3175
0.2023, 0.3175
0.2023, 0.3175
0.2063, 0.3175
0.2063, 0.3175
0.2063, 0.3175
0.2063, 0.3175
0.2063, 0.3175
0.2063, 0.3175
0.2102, 0.3175
0.2102, 0.3175
0.2102, 0.3175
0.2102, 0.3175
0.2102, 0.3175
0.2102, 0.3175
0.2102, 0.3175
0.2102, 0.3175
0.2102, 0.3175
0.2142, 0.3175
0.2142, 0.3175
0.2142, 0.3175
0.2142, 0.3175
0.2142, 0.3175
0.2142, 0.3175
0.2142, 0.3175
0.2180, 0.3175
0.2180, 0.3175
0.2180, 0.3175
0.2180, 0.3175
0.2180, 0.3175
0.2180, 0.3175
0.2220, 0.3175
0.2220, 0.3175
0.2220, 0.3175
0.2259, 0.3175
0.2259, 0.3175
0.2259, 0.3175
0.2299, 0.3175
0.2299, 0.3175
0.2299, 0.3175
0.2299, 0.3175
0.2299, 0.3175
0.2299, 0.3175
0.2299, 0.3175
0.2299, 0.3175
0.2299, 0.3175
0.2299, 0.3175
0.2299, 0.3175
0.2299, 0.3175
0.2299, 0.3175
0.2339, 0.3175
0.2339, 0.3175
0.2339, 0.3175
0.2378, 0.3175
0.2378, 0.3175
0.2378, 0.3175
0.2378, 0.3175
0.2378, 0.3175
0.2378, 0.3175
0.2378, 0.3175
0.2378, 0.3175
0.2378, 0.3175
0.2378, 0.3175
0.2417, 0.3175
0.2417, 0.3175
0.2456, 0.3175
0.2456, 0.3175
0.2456, 0.3175
0.2456, 0.3175
0.2456, 0.3175
0.2456, 0.3175
0.2496, 0.3175
0.2496, 0.3175
0.2496, 0.3175
0.2496, 0.3175
0.2496, 0.3175
0.2496, 0.3175
0.2496, 0.3175
0.2496, 0.3175
0.2496, 0.3175
0.2536, 0.3175
0.2536, 0.3175
0.2536, 0.3175
0.2536, 0.3175
0.2536, 0.3175
0.2536, 0.3175
0.2575, 0.3175
0.2575, 0.3175
0.2575, 0.3175
0.2575, 0.3175
0.2575, 0.3175
0.2575, 0.3175
0.2575, 0.3175
0.2575, 0.3175
0.2575, 0.3175
0.2615, 0.3175
0.2615, 0.3175
0.2615, 0.3175
0.2615, 0.3175
0.2615, 0.3175
0.2615, 0.3175
0.2653, 0.3175
0.2653, 0.3175
0.2653, 0.3175
0.2693, 0.3175
0.2693, 0.3175
0.2693, 0.3175
0.2693, 0.3175
0.2693, 0.3175
0.2693, 0.3175
0.2693, 0.3175
0.2693, 0.3175
0.2693, 0.3175
0.2693, 0.3175
0.2693, 0.3175
0.2693, 0.3175
0.2733, 0.3175
0.2733, 0.3175
0.2733, 0.3175
0.2772, 0.3175
0.2772, 0.3175
0.2772, 0.3175
0.2772, 0.3175
0.2772, 0.3175
0.2772, 0.3175
0.2772, 0.3175
0.2772, 0.3175
0.2772, 0.3175
0.2772, 0.3175
0.2772, 0.3175
0.2772, 0.3175
0.2772, 0.3175
0.2772, 0.3175
0.2772, 0.3175
0.2772, 0.3175
0.2772, 0.3175
0.2772, 0.3175
0.2772, 0.3175
0.2772, 0.3175
0.2772, 0.3175
0.2772, 0.3175
0.2772, 0.3175
0.2812, 0.3175
0.2812, 0.3175
0.2812, 0.3175
0.2812, 0.3175
0.2812, 0.3175
0.2851, 0.3175
0.2851, 0.3175
0.2851, 0.3175
0.2851, 0.3175
0.2851, 0.3175
0.2851, 0.3175
0.2851, 0.3175
0.2851, 0.3175
0.2851, 0.3175
0.2851, 0.3175
0.2891, 0.3175
0.2891, 0.3175
0.2930, 0.3175
0.2930, 0.3175
0.2930, 0.3175
0.2930, 0.3175
0.2930, 0.3175
0.2930, 0.3175
0.2930, 0.3175
0.2969, 0.3175
0.2969, 0.3175
0.2969, 0.3175
0.2969, 0.3175
0.2969, 0.3175
0.2969, 0.3175
0.2969, 0.3175
0.2969, 0.3175
0.2969, 0.3175
0.2969, 0.3175
0.2969, 0.3175
0.2969, 0.3175
0.3009, 0.3175
0.3009, 0.3175
0.3009, 0.3175
0.3009, 0.3175
0.3009, 0.3175
0.3009, 0.3175
0.3048, 0.3175
0.3048, 0.3175
0.3048, 0.3175
0.3048, 0.3175
0.3048, 0.3175
0.3048, 0.3175
0.3088, 0.3175
0.3088, 0.3175
0.3088, 0.3175
0.3088, 0.3175
0.3088, 0.3175
0.3088, 0.3175
0.3127, 0.3175
0.3127, 0.3175
0.3127, 0.3175
0.3166, 0.3175
0.3166, 0.3175
0.3166, 0.3175
0.3166, 0.3175
0.3166, 0.3175
0.3166, 0.3175
0.3206, 0.3175
0.3206, 0.3175
0.3206, 0.3175
0.3206, 0.3175
0.3206, 0.3175
0.3206, 0.3175
0.3206, 0.3175
0.3245, 0.3175
0.3245, 0.3175
0.3245, 0.3175
0.3245, 0.3175
0.3245, 0.3175
0.3245, 0.3175
0.3245, 0.3175
0.3245, 0.3175
0.3245, 0.3175
0.3285, 0.3175
0.3285, 0.3175
0.3285, 0.3175
0.3285, 0.3175
0.3285, 0.3175
0.3285, 0.3175
0.3324, 0.3175
0.3324, 0.3175
0.3324, 0.3175
0.3364, 0.3175
0.3364, 0.3175
0.3364, 0.3175
0.3364, 0.3175
0.3364, 0.3175
0.3364, 0.3175
0.3364, 0.3175
0.3364, 0.3175
0.3364, 0.3175
0.3403, 0.3175
0.3403, 0.3175
0.3442, 0.3175
0.3442, 0.3175
0.3442, 0.3175
0.3442, 0.3175
0.3442, 0.3175
0.3442, 0.3175
0.3482, 0.3175
0.3482, 0.3175
0.3482, 0.3175
0.3521, 0.3175
0.3521, 0.3175
0.3521, 0.3175
0.3521, 0.3175
0.3521, 0.3175
0.3521, 0.3175
0.3561, 0.3175
0.3561, 0.3175
0.3561, 0.3175
0.3561, 0.3175
0.3561, 0.3175
0.3561, 0.3175
0.3561, 0.3175
0.3561, 0.3175
0.3561, 0.3175
0.3561, 0.3175
0.3561, 0.3175
0.3561, 0.3175
0.3561, 0.3175
0.3561, 0.3175
0.3561, 0.3175
0.3561, 0.3175
0.3601, 0.3175
0.3601, 0.3175
0.3601, 0.3175
0.3601, 0.3175
0.3601, 0.3175
0.3639, 0.3175
0.3639, 0.3175
0.3639, 0.3175
0.3639, 0.3175
0.3639, 0.3175
0.3639, 0.3175
0.3639, 0.3175
0.3639, 0.3175
0.3639, 0.3175
0.3639, 0.3175
0.3679, 0.3175
0.3679, 0.3175
0.3718, 0.3175
0.3718, 0.3175
0.3718, 0.3175
0.3758, 0.3175
0.3758, 0.3175
0.3758, 0.3175
0.3758, 0.3175
0.3758, 0.3175
0.3758, 0.3175
0.3758, 0.3175
0.3758, 0.3175
0.3758, 0.3175
0.3758, 0.3175
0.3758, 0.3175
0.3758, 0.3175
0.3758, 0.3175
0.3797, 0.3175
0.3797, 0.3175
0.3797, 0.3175
0.3797, 0.3175
0.3797, 0.3175
0.3797, 0.3175
0.3837, 0.3175
0.3837, 0.3175
0.3837, 0.3175
0.3837, 0.3175
0.3837, 0.3175
0.3837, 0.3175
0.3877, 0.3175
0.3877, 0.3175
0.3915, 0.3175
0.3915, 0.3175
0.3915, 0.3175
0.3915, 0.3175
0.3915, 0.3175
0.3915, 0.3175
0.3915, 0.3175
0.3955, 0.3148
0.3955, 0.3148
0.3955, 0.3148
0.3955, 0.3148
0.3955, 0.3148
0.3955, 0.3148
0.3955, 0.3148
0.3955, 0.3148
0.3955, 0.3148
0.3955, 0.3148
0.3955, 0.3148
0.3955, 0.3148
0.3955, 0.3148
0.3955, 0.3148
0.3994, 0.3148
0.3994, 0.3148
0.3994, 0.3148
0.3994, 0.3148
0.3994, 0.3148
0.3994, 0.3148
0.4034, 0.3148
0.4034, 0.3148
0.4034, 0.3148
0.4034, 0.3148
0.4034, 0.3148
0.4034, 0.3148
0.4034, 0.3148
0.4034, 0.3148
0.4034, 0.3148
0.4074, 0.3148
0.4074, 0.3148
0.4074, 0.3148
0.4074, 0.3148
0.4074, 0.3148
0.4074, 0.3148
0.4113, 0.3148
0.4113, 0.3148
0.4113, 0.3148
0.4113, 0.3148
0.4113, 0.3148
0.4113, 0.3148
0.4113, 0.3148
0.4113, 0.3148
0.4113, 0.3148
0.4113, 0.3148
0.4113, 0.3148
0.4113, 0.3148
0.4113, 0.3148
0.4113, 0.3148
0.4113, 0.3148
0.4113, 0.3148
0.4113, 0.3148
0.4113, 0.3148
0.4113, 0.3148
0.4113, 0.3148
0.4113, 0.3148
0.4113, 0.3148
0.4113, 0.3148
0.4113, 0.3148
0.4152, 0.3148
0.4152, 0.3148
0.4152, 0.3148
0.4152, 0.3148
0.4152, 0.3148
0.4152, 0.3148
0.4191, 0.3148
0.4191, 0.3148
0.4231, 0.3148
0.4231, 0.3148
0.4231, 0.3148
0.4231, 0.3148
0.4231, 0.3148
0.4231, 0.3148
0.4271, 0.3148
0.4271, 0.3148
0.4310, 0.3148
0.4310, 0.3148
0.4310, 0.3148
0.4310, 0.3148
0.4310, 0.3148
0.4310, 0.3148
0.4350, 0.3148
0.4350, 0.3148
0.4350, 0.3148
0.4350, 0.3148
0.4350, 0.3148
0.4350, 0.3148
0.4388, 0.3148
0.4388, 0.3148
0.4388, 0.3148
0.4428, 0.3148
0.4428, 0.3148
0.4428, 0.3148
0.4428, 0.3148
0.4428, 0.3148
0.4428, 0.3148
0.4428, 0.3148
0.4428, 0.3148
0.4428, 0.3148
0.4428, 0.3148
0.4428, 0.3148
0.4428, 0.3148
0.4468, 0.3148
0.4468, 0.3148
0.4468, 0.3148
0.4507, 0.3148
0.4507, 0.3148
0.4507, 0.3148
0.4507, 0.3148
0.4507, 0.3148
0.4507, 0.3148
0.4507, 0.3148
0.4507, 0.3148
0.4507, 0.3148
0.4507, 0.3148
0.4507, 0.3148
0.4547, 0.3148
0.4547, 0.3148
0.4547, 0.3148
0.4547, 0.3148
0.4547, 0.3148
0.4586, 0.3148
0.4586, 0.3148
0.4586, 0.3148
0.4586, 0.3148
0.4586, 0.3148
0.4586, 0.3148
0.4626, 0.3148
0.4626, 0.3148
0.4626, 0.3148
0.4626, 0.3148
0.4626, 0.3148
0.4626, 0.3148
0.4626, 0.3148
0.4626, 0.3148
0.4626, 0.3148
0.4626, 0.3148
0.4626, 0.3148
0.4626, 0.3148
0.4626, 0.3148
0.4626, 0.3148
0.4626, 0.3148
0.4626, 0.3148
0.4626, 0.3148
0.4626, 0.3148
0.4626, 0.3148
0.4626, 0.3148
0.4626, 0.3148
0.4626, 0.3148
0.4626, 0.3148
0.4626, 0.3148
0.4665, 0.3148
0.4665, 0.3148
0.4665, 0.3148
0.4665, 0.3148
0.4665, 0.3148
0.4665, 0.3148
0.4704, 0.3148
0.4704, 0.3148
0.4704, 0.3148
0.4704, 0.3148
0.4704, 0.3148
0.4704, 0.3148
0.4704, 0.3148
0.4704, 0.3148
0.4704, 0.3148
0.4704, 0.3148
0.4704, 0.3148
0.4704, 0.3148
0.4704, 0.3148
0.4704, 0.3148
0.4704, 0.3148
0.4704, 0.3148
0.4704, 0.3148
0.4704, 0.3148
0.4704, 0.3148
0.4704, 0.3148
0.4704, 0.3148
0.4704, 0.3148
0.4704, 0.3148
0.4704, 0.3148
0.4704, 0.3148
0.4704, 0.3148
0.4704, 0.3148
0.4704, 0.3148
0.4704, 0.3148
0.4704, 0.3148
0.4704, 0.3148
0.4704, 0.3148
0.4704, 0.3148
0.4704, 0.3148
0.4704, 0.3148
0.4704, 0.3148
0.4704, 0.3148
0.4704, 0.3148
0.4704, 0.3148
0.4704, 0.3148
0.4704, 0.3148
0.4704, 0.3148
0.4704, 0.3148
0.4704, 0.3148
0.4704, 0.3148
0.4704, 0.3148
0.4704, 0.3148
0.4704, 0.3148
0.4704, 0.3148
0.4704, 0.3148
0.4704, 0.3148
0.4704, 0.3148
0.4704, 0.3148
0.4704, 0.3148
0.4704, 0.3148
0.4704, 0.3148
0.4704, 0.3148
0.4704, 0.3148
0.4704, 0.3148
0.4704, 0.3148
0.4704, 0.3148
0.4704, 0.3148
0.4704, 0.3148
0.4704, 0.3148
0.4704, 0.3148
0.4704, 0.3148
0.4704, 0.3148
0.4704, 0.3148
0.4704, 0.3148

0.1550, 0.2275
0.1550, 0.2275
0.1550, 0.2275
0.1550, 0.2275
0.1550, 0.2275
0.1550, 0.2275
0.1550, 0.2275
0.1550, 0.2275
0.1550, 0.2275
0.1550, 0.2275
0.1550, 0.2275
0.1550, 0.2275
0.1550, 0.2275
0.1550, 0.2275
0.1550, 0.2275
0.1550, 0.2275
0.1550, 0.2275
0.1550, 0.2275
0.1550, 0.2275
0.1550, 0.2275
0.1550, 0.2275
0.1550, 0.2275
0.1550, 0.2275
0.1550, 0.2275
0.1550, 0.2275
0.1550, 0.2275
0.1550, 0.2275
0.1550, 0.2275
0.1550, 0.2275
0.1550, 0.2275
0.1550, 0.2275
0.1550, 0.2275
0.1550, 0.2275
0.1550, 0.2275
0.1550, 0.2275
0.1550, 0.2275
0.1550, 0.2275
0.1550, 0.2275
0.1550, 0.2275
0.1550, 0.2275
0.1550, 0.2275
0.1550, 0.2275
0.1550, 0.2275
0.1550, 0.2275
0.1550, 0.2275
0.1550, 0.2275
0.1550, 0.2275
0.1550, 0.2275
0.1550, 0.2275
0.1550, 0.2275
0.1550, 0.2275
0.1550, 0.2275
0.1550, 0.2275
0.1550, 0.2275
0.1550, 0.2275
0.1589, 0.2275
0.1589, 0.2275
0.1589, 0.2275
0.1589, 0.2275
0.1589, 0.2275
0.1589, 0.2275
0.1589, 0.2275
0.1589, 0.2275
0.1589, 0.2275
0.1589, 0.2275
0.1629, 0.2275
0.1629, 0.2275
0.1629, 0.2275
0.1629, 0.2275
0.1629, 0.2275
0.1629, 0.2275
0.1668, 0.2275
0.1668, 0.2275
0.1668, 0.2275
0.1668, 0.2275
0.1668, 0.2275
0.1668, 0.2275
0.1668, 0.2275
0.1668, 0.2275
0.1668, 0.2275
0.1668, 0.2275
0.1707, 0.2275
0.1707, 0.2275
0.1707, 0.2275
0.1707, 0.2275
0.1707, 0.2275
0.1707, 0.2275
0.1707, 0.2275
0.1707, 0.2275
0.1707, 0.2275
0.1707, 0.2275
0.1747, 0.2275
0.1747, 0.2275
0.1747, 0.2275
0.1747, 0.2275
0.1747, 0.2275
0.1747, 0.2275
0.1786, 0.2275
0.1786, 0.2275
0.1786, 0.2275
0.1786, 0.2275
0.1786, 0.2275
0.1786, 0.2275
0.1786, 0.2275
0.1786, 0.2275
0.1786, 0.2275
0.1826, 0.2275
0.1826, 0.2275
0.1826, 0.2275
0.1866, 0.2275
0.1866, 0.2275
0.1866, 0.2275
0.1866, 0.2275
0.1866, 0.2275
0.1866, 0.2275
0.1866, 0.2275
0.1866, 0.2275
0.1866, 0.2275
0.1866, 0.2275
0.1866, 0.2275
0.1866, 0.2275
0.1866, 0.2275
0.1866, 0.2275
0.1866, 0.2275
0.1904, 0.2275
0.1904, 0.2275
0.1904, 0.2275
0.1904, 0.2275
0.1904, 0.2275
0.1904, 0.2275
0.1944, 0.2275
0.1944, 0.2275
0.1944, 0.2275
0.1944, 0.2275
0.1944, 0.2275
0.1944, 0.2275
0.1944, 0.2275
0.1944, 0.2275
0.1944, 0.2275
0.1983, 0.2275
0.1983, 0.2275
0.1983, 0.2275
0.1983, 0.2275
0.1983, 0.2275
0.1983, 0.2275
0.1983, 0.2275
0.1983, 0.2275
0.1983, 0.2275
0.1983, 0.2275
0.2023, 0.2275
0.2023, 0.2275
0.2023, 0.2275
0.2063, 0.2275
0.2063, 0.2275
0.2063, 0.2275
0.2063, 0.2275
0.2063, 0.2275
0.2063, 0.2275
0.2063, 0.2275
0.2063, 0.2275
0.2063, 0.2275
0.2102, 0.2275
0.2102, 0.2275
0.2102, 0.2275
0.2142, 0.2275
0.2142, 0.2275
0.2142, 0.2275
0.2142, 0.2275
0.2142, 0.2275
0.2142, 0.2275
0.2180, 0.2275
0.2180, 0.2275
0.2180, 0.2275
0.2180, 0.2275
0.2180, 0.2275
0.2180, 0.2275
0.2180, 0.2275
0.2180, 0.2275
0.2180, 0.2275
0.2180, 0.2275
0.2180, 0.2275
0.2180, 0.2275
0.2180, 0.2275
0.2180, 0.2275
0.2180, 0.2275
0.2180, 0.2275
0.2180, 0.2275
0.2180, 0.2275
0.2180, 0.2275
0.2220, 0.2275
0.2220, 0.2275
0.2220, 0.2275
0.2259, 0.2275
0.2259, 0.2275
0.2259, 0.2275
0.2259, 0.2275
0.2259, 0.2275
0.2259, 0.2275
0.2259, 0.2275
0.2259, 0.2275
0.2259, 0.2275
0.2299, 0.2275
0.2299, 0.2275
0.2299, 0.2275
0.2299, 0.2275
0.2299, 0.2275
0.2299, 0.2275
0.2339, 0.2275
0.2339, 0.2275
0.2339, 0.2275
0.2378, 0.2275
0.2378, 0.2275
0.2378, 0.2275
0.2378, 0.2275
0.2378, 0.2275
0.2378, 0.2275
0.2378, 0.2275
0.2378, 0.2275
0.2378, 0.2275
0.2378, 0.2275
0.2378, 0.2275
0.2378, 0.2275
0.2378, 0.2275
0.2378, 0.2275
0.2378, 0.2275
0.2378, 0.2275
0.2417, 0.2275
0.2417, 0.2275
0.2417, 0.2275
0.2456, 0.2275
0.2456, 0.2275
0.2456, 0.2275
0.2456, 0.2275
0.2456, 0.2275
0.2456, 0.2275
0.2456, 0.2275
0.2456, 0.2275
0.2456, 0.2275
0.2496, 0.2275
0.2496, 0.2275
0.2496, 0.2275
0.2536, 0.2275
0.2536, 0.2275
0.2536, 0.2275
0.2575, 0.2275
0.2575, 0.2275
0.2575, 0.2275
0.2575, 0.2275
0.2575, 0.2275
0.2575, 0.2275
0.2575, 0.2275
0.2575, 0.2275
0.2575, 0.2275
0.2575, 0.2275
0.2575, 0.2275
0.2575, 0.2275
0.2615, 0.2275
0.2615, 0.2275
0.2615, 0.2275
0.2615, 0.2275
0.2615, 0.2275
0.2615, 0.2275
0.2653, 0.2275
0.2653, 0.2275
0.2653, 0.2275
0.2653, 0.2275
0.2653, 0.2275
0.2653, 0.2275
0.2653, 0.2275
0.2653, 0.2275
0.2653, 0.2275
0.2693, 0.2275
0.2693, 0.2275
0.2693, 0.2275
0.2733, 0.2275
0.2733, 0.2275
0.2733, 0.2275
0.2772, 0.2275
0.2772, 0.2275
0.2772, 0.2275
0.2772, 0.2275
0.2772, 0.2275
0.2772, 0.2275
0.2772, 0.2275
0.2772, 0.2275
0.2772, 0.2275
0.2772, 0.2275
0.2772, 0.2275
0.2812, 0.2275
0.2812, 0.2275
0.2812, 0.2275
0.2812, 0.2275
0.2812, 0.2275
0.2812, 0.2275
0.2812, 0.2275
0.2812, 0.2275
0.2812, 0.2275
0.2812, 0.2275
0.2851, 0.2275
0.2851, 0.2275
0.2851, 0.2275
0.2851, 0.2275
0.2851, 0.2275
0.2851, 0.2275
0.2851, 0.2275
0.2851, 0.2275
0.2851, 0.2275
0.2891, 0.2275
0.2891, 0.2275
0.2891, 0.2275
0.2930, 0.2275
0.2930, 0.2275
0.2930, 0.2275
0.2930, 0.2302
0.2930, 0.2302
0.2969, 0.2302
0.2969, 0.2302
0.2969, 0.2302
0.2969, 0.2302
0.2969, 0.2302
0.2969, 0.2302
0.2969, 0.2302
0.2969, 0.2302
0.2969, 0.2302
0.2969, 0.2302
0.2969, 0.2302
0.2969, 0.2302
0.2969, 0.2302
0.2969, 0.2302
0.2969, 0.2302
0.2969, 0.2302
0.2969, 0.2302
0.2969, 0.2302
0.2969, 0.2302
0.2969, 0.2302
0.2969, 0.2302
0.2969, 0.2302
0.2969, 0.2302
0.2969, 0.2302
0.2969, 0.2302
0.3009, 0.2302
0.3009, 0.2302
0.3009, 0.2302
0.3009, 0.2302
0.3009, 0.2302
0.3009, 0.2302
0.3048, 0.2302
0.3048, 0.2302
0.3048, 0.2302
0.3048, 0.2302
0.3048, 0.2302
0.3048, 0.2302
0.3048, 0.2302
0.3048, 0.2302
0.3048, 0.2302
0.3048, 0.2302
0.3048, 0.2302
0.3088, 0.2302
0.3088, 0.2302
0.3088, 0.2302
0.3088, 0.2302
0.3088, 0.2302
0.3088, 0.2302
0.3088, 0.2302
0.3088, 0.2302
0.3088, 0.2302
0.3088, 0.2302
0.3088, 0.2302
0.3088, 0.2302
0.3088, 0.2302
0.3088, 0.2302
0.3088, 0.2302
0.3088, 0.2302
0.3088, 0.2302
0.3088, 0.2302
0.3088, 0.2302
0.3088, 0.2302
0.3088, 0.2302
0.3088, 0.2302
0.3088, 0.2302
0.3088, 0.2302
0.3088, 0.2302
0.3088, 0.2302
0.3088, 0.2302
0.3088, 0.2302
0.3088, 0.2302
0.3088, 0.2302
0.3088, 0.2302
0.3088, 0.2302
0.3088, 0.2302
0.3088, 0.2302
0.3088, 0.2302
0.3088, 0.2302
0.3088, 0.2302
0.3088, 0.2302
0.3088, 0.2302
0.3088, 0.2302
0.3088, 0.2302
0.3088, 0.2302
0.3088, 0.2302
0.3088, 0.2302
0.3088, 0.2302
0.3088, 0.2302
0.3088, 0.2302
0.3088, 0.2302
0.3088, 0.2302
0.3088, 0.2302
0.3088, 0.2302
0.3088, 0.2302
0.3088, 0.2302
0.3088, 0.2302
0.3088, 0.2302
0.3088, 0.2302
0.3088, 0.2302
0.3088, 0.2302
0.3088, 0.2302
0.3088, 0.2302
0.3088, 0.2302
0.3088, 0.2302
0.3088, 0.2302
0.3088, 0.2302
0.3088, 0.2302
0.3088, 0.2302
0.3088, 0.2302
0.3088, 0.2302
0.3088, 0.2302
0.3088, 0.2302
0.3088, 0.2302
0.3088, 0.2302
0.3088, 0.2302
0.3088, 0.2302
0.3088, 0.2302
0.3088, 0.2302
0.3088, 0.2302
0.3088, 0.2302
0.3088, 0.2302
0.3088, 0.2302
0.3088, 0.2302
0.3088, 0.2302
0.3088, 0.2302
0.3088, 0.2302
0.3088, 0.2302
0.3088, 0.2302
0.3088, 0.2302
0.3088, 0.2302
0.3088, 0.2302
0.3088, 0.2302
0.3088, 0.2302
0.3088, 0.2302
0.3088, 0.2302
0.3088, 0.2302
0.3088, 0.2302
0.3088, 0.2302
0.3088, 0.2302
0.3088, 0.2302
0.3088, 0.2302
0.3088, 0.2302
0.3088, 0.2302
0.3088, 0.2302
0.3088, 0.2302
0.3088, 0.2302
0.3088, 0.2302
0.3088, 0.2302
0.3088, 0.2302
0.3088, 0.2302
