0.0000, 0.6750
0.0000, 0.6792
0.0000, 0.6833
0.0000, 0.6875
0.0042, 0.6958
0.0083, 0.7000
0.0167, 0.7042
0.0208, 0.7083
0.0250, 0.7125
0.0292, 0.7125
0.0333, 0.7167
0.0333, 0.7208
0.0375, 0.7208
0.0417, 0.7208
0.0500, 0.7292
0.0583, 0.7333
0.0625, 0.7333
0.0708, 0.7375
0.0750, 0.7375
0.0833, 0.7375
0.0875, 0.7417
0.0917, 0.7417
0.0958, 0.7417
0.1000, 0.7417
0.1042, 0.7417
0.1125, 0.7458
0.1250, 0.7458
0.1333, 0.7458
0.1417, 0.7458
0.1542, 0.7458
0.1583, 0.7458
0.1667, 0.7458
0.1750, 0.7458
0.1875, 0.7458
0.1917, 0.7417
0.2000, 0.7417
0.2125, 0.7375
0.2292, 0.7333
0.2375, 0.7250
0.2500, 0.7208
0.2625, 0.7208
0.2667, 0.7167
0.2750, 0.7167
0.2792, 0.7125
0.2917, 0.7083
0.3000, 0.7042
0.3042, 0.7000
0.3083, 0.6917
0.3167, 0.6875
0.3292, 0.6833
0.3292, 0.6792
0.3375, 0.6708
0.3417, 0.6667
0.3458, 0.6542
0.3500, 0.6500
0.3542, 0.6458
0.3542, 0.6375
0.3625, 0.6292
0.3667, 0.6167
0.3667, 0.6083
0.3667, 0.6000
0.3667, 0.5875
0.3667, 0.5750
0.3667, 0.5667
0.3667, 0.5542
0.3667, 0.5458
0.3667, 0.5333
0.3667, 0.5208
0.3667, 0.5125
0.3667, 0.5042
0.3667, 0.4958
0.3667, 0.4917
0.3583, 0.4792
0.3583, 0.4750
0.3583, 0.4667
0.3583, 0.4583
0.3583, 0.4500
0.3583, 0.4458
0.3583, 0.4375
0.3583, 0.4333
0.3583, 0.4250
0.3583, 0.4167
0.3583, 0.4083
0.3583, 0.4042
0.3583, 0.3958
0.3625, 0.3917
0.3625, 0.3833
0.3667, 0.3792
0.3667, 0.3750
0.3708, 0.3708
0.3708, 0.3667
0.3750, 0.3625
0.3792, 0.3583
0.3792, 0.3542
0.3833, 0.3458
0.3875, 0.3417
0.3958, 0.3375
0.4000, 0.3333
0.4000, 0.3250
0.4083, 0.3208
0.4125, 0.3125
0.4167, 0.3083
0.4208, 0.3042
0.4292, 0.2958
0.4375, 0.2917
0.4417, 0.2875
0.4500, 0.2875
0.4542, 0.2792
0.4667, 0.2750
0.4750, 0.2708
0.4833, 0.2667
0.4875, 0.2667
0.5000, 0.2625
0.5083, 0.2625
0.5167, 0.2625
0.5208, 0.2583
0.5250, 0.2583
0.5375, 0.2583
0.5458, 0.2542
0.5500, 0.2542
0.5542, 0.2542
0.5583, 0.2542
0.5708, 0.2542
0.5750, 0.2542
0.5792, 0.2542
0.5875, 0.2542
0.5917, 0.2542
0.6000, 0.2542
0.6083, 0.2583
0.6125, 0.2583
0.6167, 0.2625
0.6250, 0.2667
0.6250, 0.2708
0.6375, 0.2750
0.6417, 0.2875
0.6458, 0.2958
0.6500, 0.3000
0.6583, 0.3083
0.6625, 0.3250
0.6708, 0.3333
0.6708, 0.3417
0.6750, 0.3583
0.6792, 0.3667
0.6792, 0.3750
0.6792, 0.3875
0.6792, 0.3917
0.6792, 0.4042
0.6833, 0.4125
0.6833, 0.4250
0.6875, 0.4333
0.6875, 0.4417
0.6875, 0.4542
0.6917, 0.4583
0.6958, 0.4667
0.6958, 0.4708
0.7042, 0.4792
0.7083, 0.4875
0.7083, 0.4917
0.7125, 0.5000
0.7167, 0.5042
0.7250, 0.5083
0.7292, 0.5125
0.7375, 0.5167
0.7458, 0.5250
0.7542, 0.5292
0.7625, 0.5333
0.7750, 0.5375
0.7875, 0.5375
0.8000, 0.5417
0.8208, 0.5458
0.8333, 0.5458
0.8542, 0.5500
0.8750, 0.5583
0.8917, 0.5583
0.9125, 0.5583
0.9292, 0.5583
0.9500, 0.5583
0.9625, 0.5625
0.9833, 0.5625
0.9917, 0.5625
1.0000, 0.5625
0.9917, 0.5625
0.9875, 0.5625

0.5083, 0.7208
0.5000, 0.7208
0.4958, 0.7208
0.4875, 0.7208
0.4833, 0.7208
0.4750, 0.7208
0.4625, 0.7208
0.4500, 0.7208
0.4292, 0.7167
0.4125, 0.7125
0.3875, 0.7042
0.3625, 0.7000
0.3458, 0.6875
0.3208, 0.6792
0.3042, 0.6750
0.2875, 0.6708
0.2792, 0.6667
0.2708, 0.6583
0.2667, 0.6542
0.2583, 0.6542
0.2583, 0.6500
0.2542, 0.6500
0.2542, 0.6458
0.2542, 0.6417

0.3875, 0.6333
0.3833, 0.6292
0.3792, 0.6208
0.3708, 0.6167
0.3583, 0.6125
0.3500, 0.6042
0.3417, 0.6000
0.3375, 0.5958
0.3250, 0.5875
0.3208, 0.5875
0.3167, 0.5833
0.3125, 0.5792
0.3083, 0.5792
