0.0000, 0.7436
0.0152, 0.7436
0.0254, 0.7487
0.0355, 0.7487
0.0508, 0.7538
0.0660, 0.7589
0.0761, 0.7589
0.0914, 0.7639
0.1066, 0.7690
0.1218, 0.7690
0.1320, 0.7741
0.1421, 0.7842
0.1574, 0.7842
0.1675, 0.7842
0.1777, 0.7893
0.1827, 0.7893
0.1929, 0.7893
0.2031, 0.7944
0.2081, 0.7944
0.2132, 0.7944
0.2183, 0.7944
0.2234, 0.7944
0.2386, 0.7792
0.2437, 0.7690
0.2487, 0.7589
0.2538, 0.7386
0.2589, 0.7233
0.2640, 0.7132
0.2741, 0.6929
0.2792, 0.6827
0.2843, 0.6675
0.2893, 0.6523
0.2893, 0.6371
0.2944, 0.6269
0.2995, 0.6015
0.2995, 0.5863
0.3046, 0.5660
0.3046, 0.5507
0.3046, 0.5254
0.3097, 0.5152
0.3097, 0.5000
0.3198, 0.4797
0.3198, 0.4645
0.3249, 0.4543
0.3249, 0.4391
0.3300, 0.4239
0.3300, 0.4137
0.3350, 0.3985
0.3350, 0.3832
0.3401, 0.3629
0.3452, 0.3477
0.3503, 0.3376
0.3604, 0.3274
0.3604, 0.3122
0.3655, 0.3020
0.3706, 0.2970
0.3706, 0.2868
0.3756, 0.2716
0.3807, 0.2665
0.3807, 0.2563
0.3858, 0.2513
0.3858, 0.2462
0.3909, 0.2310
0.4010, 0.2259
0.4010, 0.2208
0.4010, 0.2157
0.4010, 0.2107
0.4061, 0.2107
0.4061, 0.2056
0.4061, 0.2157
0.4061, 0.2259
0.4061, 0.2462
0.4061, 0.2563
0.4061, 0.2716
0.4061, 0.2868
0.4112, 0.3020
0.4213, 0.3223
0.4264, 0.3325
0.4416, 0.3426
0.4467, 0.3528
0.4568, 0.3680
0.4670, 0.3782
0.4772, 0.3883
0.4924, 0.3934
0.5025, 0.4086
0.5076, 0.4137
0.5178, 0.4188
0.5279, 0.4289
0.5381, 0.4340
0.5482, 0.4492
0.5584, 0.4543
0.5736, 0.4645
0.5787, 0.4695
0.5838, 0.4695
0.5838, 0.4746
0.5888, 0.4797
0.5990, 0.4898
0.6091, 0.5000
0.6193, 0.5101
0.6294, 0.5203
0.6396, 0.5355
0.6447, 0.5457
0.6599, 0.5558
0.6650, 0.5660
0.6802, 0.5863
0.6954, 0.6015
0.7056, 0.6218
0.7208, 0.6421
0.7360, 0.6624
0.7462, 0.6777
0.7563, 0.6929
0.7665, 0.7030
0.7817, 0.7132
0.7868, 0.7183
0.7970, 0.7233
0.8020, 0.7233
0.8122, 0.7233
0.8223, 0.7284
0.8325, 0.7284
0.8426, 0.7335
0.8477, 0.7335
0.8629, 0.7335
0.8731, 0.7335
0.8832, 0.7335
0.8934, 0.7335
0.9086, 0.7335
0.9239, 0.7335
0.9340, 0.7284
0.9391, 0.7284
0.9543, 0.7233
0.9594, 0.7183
0.9695, 0.7183
0.9746, 0.7183
0.9797, 0.7132
0.9898, 0.7081
0.9949, 0.7081
1.0000, 0.7081

0.5178, 0.7183
0.5076, 0.7132
0.4975, 0.7081
0.4772, 0.6980
0.4518, 0.6929
0.4162, 0.6827
0.3756, 0.6777
0.3300, 0.6726
0.2893, 0.6675
0.2589, 0.6675
0.2284, 0.6574
0.2031, 0.6523
0.1777, 0.6523
0.1624, 0.6472
0.1574, 0.6472
0.1472, 0.6472
0.1421, 0.6421

0.3655, 0.6066
0.3655, 0.6015
0.3503, 0.5964
0.3401, 0.5914
0.3249, 0.5812
0.2995, 0.5660
0.2792, 0.5609
0.2538, 0.5507
0.2284, 0.5457
0.2132, 0.5406
0.1980, 0.5304
0.1878, 0.5254
0.1827, 0.5254
