0.0000, 0.7237
0.0000, 0.7283
0.0000, 0.7375
0.0137, 0.7420
0.0320, 0.7511
0.0411, 0.7557
0.0548, 0.7603
0.0685, 0.7648
0.0776, 0.7740
0.0868, 0.7785
0.1050, 0.7785
0.1141, 0.7831
0.1279, 0.7831
0.1370, 0.7877
0.1552, 0.7877
0.1598, 0.7922
0.1644, 0.7922
0.1690, 0.7922
0.1735, 0.7922
0.1826, 0.7922
0.1872, 0.7922
0.1918, 0.7922
0.2009, 0.7922
0.2101, 0.7877
0.2237, 0.7831
0.2374, 0.7785
0.2466, 0.7694
0.2648, 0.7648
0.2694, 0.7603
0.2785, 0.7557
0.2831, 0.7511
0.2877, 0.7466
0.2968, 0.7329
0.3014, 0.7237
0.3059, 0.7192
0.3105, 0.7101
0.3151, 0.7055
0.3196, 0.6918
0.3242, 0.6781
0.3333, 0.6690
0.3379, 0.6507
0.3425, 0.6416
0.3425, 0.6324
0.3425, 0.6142
0.3425, 0.6050
0.3425, 0.5959
0.3470, 0.5822
0.3470, 0.5685
0.3470, 0.5594
0.3470, 0.5457
0.3470, 0.5365
0.3470, 0.5274
0.3470, 0.5183
0.3470, 0.5046
0.3470, 0.4909
0.3470, 0.4772
0.3470, 0.4589
0.3470, 0.4498
0.3470, 0.4315
0.3470, 0.4178
0.3470, 0.4087
0.3470, 0.3950
0.3470, 0.3813
0.3470, 0.3721
0.3470, 0.3584
0.3470, 0.3448
0.3470, 0.3356
0.3470, 0.3265
0.3470, 0.3082
0.3516, 0.2991
0.3562, 0.2808
0.3562, 0.2717
0.3607, 0.2626
0.3699, 0.2534
0.3699, 0.2443
0.3699, 0.2397
0.3744, 0.2352
0.3744, 0.2306
0.3790, 0.2260
0.3790, 0.2215
0.3836, 0.2215
0.3836, 0.2169
0.3881, 0.2169
0.3881, 0.2078
0.3927, 0.2078
0.3973, 0.2078
0.4155, 0.2078
0.4338, 0.2078
0.4566, 0.2078
0.4840, 0.2078
0.5023, 0.2123
0.5251, 0.2123
0.5434, 0.2215
0.5617, 0.2260
0.5799, 0.2306
0.5890, 0.2352
0.6073, 0.2489
0.6210, 0.2534
0.6393, 0.2626
0.6530, 0.2763
0.6712, 0.2945
0.6895, 0.3128
0.7032, 0.3402
0.7215, 0.3676
0.7352, 0.3904
0.7489, 0.4178
0.7580, 0.4452
0.7717, 0.4817
0.7899, 0.5137
0.8037, 0.5411
0.8128, 0.5639
0.8265, 0.5731
0.8310, 0.5913
0.8356, 0.5959
0.8448, 0.6050
0.8493, 0.6096
0.8539, 0.6096
0.8676, 0.6142
0.8721, 0.6142
0.8767, 0.6142
0.8813, 0.6142
0.8904, 0.6233
0.9041, 0.6233
0.9087, 0.6233
0.9178, 0.6233
0.9224, 0.6233
0.9406, 0.6233
0.9452, 0.6233
0.9543, 0.6233
0.9635, 0.6187
0.9772, 0.6142
0.9863, 0.6096
0.9909, 0.6050
0.9954, 0.6005
1.0000, 0.5959

0.4384, 0.6781
0.4338, 0.6781
0.4110, 0.6781
0.3790, 0.6735
0.3425, 0.6644
0.3151, 0.6461
0.2877, 0.6370
0.2648, 0.6324
0.2511, 0.6187
0.2420, 0.6142
0.2329, 0.6096
0.2237, 0.6096
0.2237, 0.6050

0.3516, 0.5959
0.3516, 0.5913
0.3470, 0.5868
0.3379, 0.5776
0.3379, 0.5731
0.3288, 0.5731
0.3288, 0.5685
0.3242, 0.5685
0.3196, 0.5639
0.3151, 0.5594
0.3059, 0.5594
0.3014, 0.5594
0.2968, 0.5548
0.2922, 0.5548
0.2877, 0.5502
