0.0000, 0.7015
0.0000, 0.7066
0.0000, 0.7117
0.0051, 0.7219
0.0102, 0.7219
0.0255, 0.7270
0.0306, 0.7321
0.0357, 0.7372
0.0459, 0.7372
0.0561, 0.7423
0.0663, 0.7475
0.0765, 0.7475
0.0867, 0.7525
0.0918, 0.7525
0.1071, 0.7525
0.1122, 0.7628
0.1225, 0.7628
0.1275, 0.7628
0.1378, 0.7628
0.1480, 0.7628
0.1582, 0.7679
0.1735, 0.7679
0.1888, 0.7730
0.1990, 0.7730
0.2092, 0.7730
0.2143, 0.7730
0.2245, 0.7730
0.2347, 0.7730
0.2449, 0.7730
0.2500, 0.7730
0.2602, 0.7730
0.2755, 0.7730
0.2857, 0.7730
0.2908, 0.7730
0.2959, 0.7730
0.3010, 0.7730
0.3010, 0.7679
0.3061, 0.7679
0.3061, 0.7577
0.3163, 0.7525
0.3214, 0.7423
0.3265, 0.7321
0.3316, 0.7168
0.3316, 0.7117
0.3367, 0.7015
0.3367, 0.6913
0.3418, 0.6760
0.3418, 0.6658
0.3418, 0.6556
0.3469, 0.6454
0.3469, 0.6250
0.3469, 0.6148
0.3571, 0.5995
0.3571, 0.5842
0.3571, 0.5740
0.3571, 0.5587
0.3571, 0.5383
0.3622, 0.5230
0.3622, 0.5128
0.3673, 0.4923
0.3725, 0.4770
0.3725, 0.4617
0.3776, 0.4464
0.3827, 0.4362
0.3827, 0.4158
0.3878, 0.4005
0.3929, 0.3903
0.4031, 0.3750
0.4031, 0.3597
0.4031, 0.3495
0.4082, 0.3444
0.4133, 0.3291
0.4133, 0.3189
0.4133, 0.3087
0.4184, 0.2934
0.4235, 0.2883
0.4235, 0.2781
0.4286, 0.2730
0.4286, 0.2679
0.4286, 0.2525
0.4337, 0.2474
0.4337, 0.2423
0.4439, 0.2372
0.4439, 0.2321
0.4439, 0.2270
0.4490, 0.2270
0.4541, 0.2321
0.4592, 0.2423
0.4643, 0.2474
0.4745, 0.2577
0.4847, 0.2628
0.4949, 0.2730
0.5000, 0.2781
0.5051, 0.2781
0.5102, 0.2832
0.5153, 0.2832
0.5153, 0.2883
0.5255, 0.2985
0.5306, 0.2985
0.5408, 0.3036
0.5459, 0.3087
0.5510, 0.3087
0.5561, 0.3138
0.5612, 0.3138
0.5714, 0.3189
0.5816, 0.3240
0.5918, 0.3240
0.5969, 0.3291
0.6020, 0.3393
0.6122, 0.3393
0.6173, 0.3393
0.6225, 0.3393
0.6276, 0.3444
0.6327, 0.3444
0.6378, 0.3495
0.6429, 0.3495
0.6531, 0.3495
0.6582, 0.3546
0.6633, 0.3597
0.6684, 0.3648
0.6735, 0.3648
0.6735, 0.3699
0.6837, 0.3750
0.6939, 0.3852
0.6990, 0.3903
0.7041, 0.3954
0.7092, 0.4005
0.7143, 0.4107
0.7194, 0.4158
0.7194, 0.4311
0.7296, 0.4413
0.7296, 0.4515
0.7449, 0.4668
0.7449, 0.4770
0.7551, 0.4872
0.7551, 0.5077
0.7602, 0.5230
0.7653, 0.5332
0.7704, 0.5434
0.7806, 0.5587
0.7857, 0.5689
0.7908, 0.5791
0.7959, 0.5944
0.8010, 0.6046
0.8010, 0.6097
0.8061, 0.6148
0.8112, 0.6250
0.8214, 0.6352
0.8265, 0.6403
0.8316, 0.6454
0.8367, 0.6505
0.8367, 0.6556
0.8469, 0.6556
0.8469, 0.6607
0.8622, 0.6658
0.8673, 0.6658
0.8725, 0.6658
0.8827, 0.6709
0.8878, 0.6709
0.8929, 0.6709
0.8980, 0.6709
0.9133, 0.6709
0.9184, 0.6709
0.9235, 0.6709
0.9337, 0.6709
0.9388, 0.6709
0.9490, 0.6709
0.9541, 0.6709
0.9592, 0.6709
0.9643, 0.6709
0.9694, 0.6709
0.9745, 0.6709
0.9745, 0.6658
0.9796, 0.6658
0.9898, 0.6607
0.9949, 0.6607
0.9949, 0.6556
1.0000, 0.6556
1.0000, 0.6505
1.0000, 0.6454
0.9949, 0.6403

0.4490, 0.6964
0.4439, 0.6964
0.4337, 0.6964
0.4082, 0.6964
0.3673, 0.6862
0.3316, 0.6709
0.3010, 0.6607
0.2704, 0.6556
0.2449, 0.6505
0.2245, 0.6454
0.2041, 0.6403
0.1939, 0.6403

0.4082, 0.5842
0.4082, 0.5791
0.4082, 0.5740
0.4082, 0.5689
0.4031, 0.5689
0.4031, 0.5638
0.3980, 0.5638
0.3929, 0.5587
0.3878, 0.5587
0.3878, 0.5485
0.3776, 0.5485
0.3725, 0.5485
0.3725, 0.5434
0.3673, 0.5434
0.3622, 0.5383
0.3571, 0.5383
0.3520, 0.5383
