0.4540, 0.3104
0.4425, 0.3104
0.4368, 0.2931
0.4310, 0.2873
0.4253, 0.2759
0.4138, 0.2701
0.4081, 0.2644
0.3908, 0.2529
0.3793, 0.2471
0.3621, 0.2356
0.3391, 0.2299
0.3218, 0.2241
0.2989, 0.2241
0.2759, 0.2184
0.2529, 0.2184
0.2299, 0.2184
0.2069, 0.2126
0.1897, 0.2126
0.1724, 0.2126
0.1437, 0.2126
0.1265, 0.2126
0.1034, 0.2126
0.0920, 0.2126
0.0805, 0.2184
0.0632, 0.2184
0.0575, 0.2241
0.0460, 0.2299
0.0402, 0.2356
0.0345, 0.2471
0.0173, 0.2701
0.0115, 0.2816
0.0058, 0.3104
0.0058, 0.3333
0.0000, 0.3621
0.0000, 0.3851
0.0000, 0.4138
0.0058, 0.4368
0.0287, 0.4655
0.0517, 0.4942
0.0805, 0.5230
0.1207, 0.5575
0.1552, 0.5920
0.1897, 0.6149
0.2241, 0.6437
0.2586, 0.6667
0.2874, 0.6954
0.3276, 0.7126
0.3621, 0.7356
0.3851, 0.7529
0.4138, 0.7644
0.4368, 0.7873
0.4598, 0.7988
0.4713, 0.8103
0.4828, 0.8161
0.4885, 0.8276
0.5000, 0.8276
0.5058, 0.8276
0.5172, 0.8276
0.5345, 0.8218
0.5575, 0.8103
0.5920, 0.8046
0.6264, 0.7931
0.6724, 0.7759
0.7184, 0.7586
0.7644, 0.7414
0.8046, 0.7184
0.8391, 0.7011
0.8621, 0.6896
0.8908, 0.6724
0.9080, 0.6552
0.9310, 0.6322
0.9483, 0.6207
0.9598, 0.6034
0.9770, 0.5920
0.9827, 0.5632
0.9942, 0.5460
0.9942, 0.5230
1.0000, 0.5000
1.0000, 0.4770
1.0000, 0.4598
1.0000, 0.4310
1.0000, 0.4023
0.9885, 0.3736
0.9770, 0.3448
0.9598, 0.3218
0.9425, 0.2988
0.9310, 0.2759
0.9023, 0.2529
0.8850, 0.2299
0.8621, 0.2126
0.8506, 0.1896
0.8391, 0.1839
0.8276, 0.1782
0.8161, 0.1782
0.8161, 0.1724
0.8103, 0.1724
0.8046, 0.1724
0.7931, 0.1724
0.7701, 0.1724
0.7471, 0.1896
0.7184, 0.2069
0.6839, 0.2241
0.6552, 0.2471
0.6322, 0.2644
0.6092, 0.2816
0.5862, 0.2931
0.5747, 0.3104
0.5632, 0.3161
0.5575, 0.3276
0.5402, 0.3333
0.5345, 0.3506
0.5287, 0.3563
0.5172, 0.3678
0.5115, 0.3736
0.5058, 0.3793
0.5058, 0.3851
0.4942, 0.3851
