0.4757, 0.3568
0.4757, 0.3519
0.4757, 0.3471
0.4660, 0.3374
0.4563, 0.3277
0.4418, 0.3228
0.4272, 0.3180
0.4029, 0.3082
0.3786, 0.2985
0.3301, 0.2888
0.2961, 0.2840
0.2621, 0.2791
0.2233, 0.2743
0.1893, 0.2743
0.1602, 0.2694
0.1456, 0.2694
0.1262, 0.2694
0.1165, 0.2694
0.1117, 0.2694
0.1019, 0.2694
0.0971, 0.2694
0.0825, 0.2743
0.0728, 0.2840
0.0631, 0.2937
0.0437, 0.3082
0.0340, 0.3228
0.0243, 0.3422
0.0194, 0.3568
0.0097, 0.3714
0.0049, 0.3908
0.0000, 0.4053
0.0000, 0.4248
0.0000, 0.4393
0.0000, 0.4490
0.0000, 0.4539
0.0049, 0.4684
0.0146, 0.4781
0.0243, 0.4879
0.0340, 0.5073
0.0437, 0.5170
0.0631, 0.5316
0.0825, 0.5510
0.1019, 0.5607
0.1165, 0.5752
0.1359, 0.5898
0.1553, 0.5995
0.1748, 0.6092
0.1893, 0.6238
0.2039, 0.6335
0.2233, 0.6383
0.2379, 0.6432
0.2573, 0.6529
0.2719, 0.6626
0.2913, 0.6675
0.3010, 0.6723
0.3155, 0.6772
0.3398, 0.6820
0.3592, 0.6869
0.3835, 0.7015
0.4029, 0.7063
0.4320, 0.7112
0.4563, 0.7160
0.4757, 0.7209
0.4951, 0.7257
0.5097, 0.7306
0.5194, 0.7306
0.5243, 0.7354
0.5388, 0.7451
0.5485, 0.7451
0.5534, 0.7451
0.5582, 0.7500
0.5631, 0.7500
0.5728, 0.7500
0.5777, 0.7500
0.5825, 0.7500
0.5874, 0.7500
0.5922, 0.7500
0.5971, 0.7500
0.6019, 0.7500
0.6117, 0.7500
0.6214, 0.7500
0.6311, 0.7500
0.6408, 0.7403
0.6456, 0.7403
0.6651, 0.7354
0.6796, 0.7354
0.6990, 0.7306
0.7184, 0.7257
0.7379, 0.7209
0.7524, 0.7209
0.7767, 0.7160
0.7913, 0.7112
0.8058, 0.7063
0.8204, 0.6966
0.8350, 0.6869
0.8447, 0.6820
0.8641, 0.6723
0.8738, 0.6578
0.8932, 0.6480
0.9078, 0.6335
0.9223, 0.6141
0.9369, 0.5995
0.9466, 0.5752
0.9563, 0.5607
0.9660, 0.5461
0.9806, 0.5218
0.9854, 0.4976
0.9903, 0.4781
0.9951, 0.4539
1.0000, 0.4345
1.0000, 0.4102
1.0000, 0.3956
1.0000, 0.3762
1.0000, 0.3617
1.0000, 0.3519
1.0000, 0.3374
1.0000, 0.3277
1.0000, 0.3228
0.9951, 0.3131
0.9903, 0.3082
0.9854, 0.2985
0.9806, 0.2937
0.9660, 0.2888
0.9515, 0.2840
0.9320, 0.2743
0.9175, 0.2694
0.8981, 0.2646
0.8738, 0.2548
0.8447, 0.2548
0.8204, 0.2500
0.7961, 0.2500
0.7670, 0.2500
0.7427, 0.2500
0.7136, 0.2500
0.6893, 0.2500
0.6553, 0.2597
0.6359, 0.2597
0.6117, 0.2694
0.5971, 0.2743
0.5825, 0.2791
0.5728, 0.2840
0.5631, 0.2840
0.5631, 0.2888
0.5534, 0.2937
0.5485, 0.3034
0.5437, 0.3034
0.5437, 0.3082
0.5340, 0.3082
0.5340, 0.3131
0.5291, 0.3131
