0.4973, 0.2005
0.4973, 0.1952
0.4866, 0.1898
0.4813, 0.1845
0.4706, 0.1738
0.4599, 0.1684
0.4438, 0.1631
0.4332, 0.1578
0.4171, 0.1524
0.4011, 0.1417
0.3850, 0.1310
0.3690, 0.1257
0.3476, 0.1203
0.3369, 0.1150
0.3262, 0.1150
0.3155, 0.1096
0.3048, 0.1096
0.2995, 0.1043
0.2888, 0.1043
0.2727, 0.0989
0.2620, 0.0989
0.2567, 0.0989
0.2460, 0.0989
0.2406, 0.0989
0.2246, 0.0989
0.2139, 0.0989
0.1978, 0.1043
0.1711, 0.1203
0.1497, 0.1471
0.1230, 0.1684
0.0963, 0.1952
0.0802, 0.2273
0.0642, 0.2487
0.0481, 0.2808
0.0374, 0.3128
0.0267, 0.3396
0.0160, 0.3717
0.0053, 0.4144
0.0000, 0.4465
0.0000, 0.4679
0.0000, 0.5000
0.0000, 0.5374
0.0107, 0.5535
0.0160, 0.5856
0.0267, 0.6070
0.0374, 0.6283
0.0588, 0.6497
0.0802, 0.6765
0.1016, 0.6979
0.1176, 0.7192
0.1444, 0.7353
0.1604, 0.7513
0.1872, 0.7674
0.2086, 0.7781
0.2299, 0.7888
0.2460, 0.8048
0.2620, 0.8102
0.2834, 0.8209
0.2995, 0.8262
0.3208, 0.8422
0.3369, 0.8476
0.3529, 0.8583
0.3743, 0.8690
0.3850, 0.8690
0.4064, 0.8743
0.4171, 0.8850
0.4332, 0.8904
0.4438, 0.8957
0.4652, 0.8957
0.4813, 0.9011
0.5080, 0.9011
0.5241, 0.9011
0.5508, 0.9011
0.5722, 0.9011
0.5936, 0.9011
0.6096, 0.9011
0.6203, 0.9011
0.6417, 0.9011
0.6524, 0.9011
0.6577, 0.9011
0.6738, 0.9011
0.6845, 0.9011
0.6898, 0.9011
0.6952, 0.9011
0.7059, 0.9011
0.7219, 0.9011
0.7273, 0.9011
0.7326, 0.9011
0.7433, 0.9011
0.7487, 0.9011
0.7540, 0.9011
0.7647, 0.9011
0.7701, 0.9011
0.7754, 0.9011
0.7807, 0.9011
0.7861, 0.9011
0.7914, 0.9011
0.7968, 0.9011
0.8075, 0.9011
0.8182, 0.8957
0.8235, 0.8797
0.8289, 0.8743
0.8503, 0.8636
0.8610, 0.8529
0.8717, 0.8316
0.8824, 0.8155
0.8984, 0.7888
0.9091, 0.7620
0.9198, 0.7353
0.9305, 0.7139
0.9465, 0.6818
0.9572, 0.6444
0.9679, 0.6123
0.9733, 0.5802
0.9840, 0.5481
0.9893, 0.5107
0.9946, 0.4786
0.9946, 0.4412
1.0000, 0.4091
1.0000, 0.3877
1.0000, 0.3556
1.0000, 0.3342
1.0000, 0.3128
1.0000, 0.2968
1.0000, 0.2861
1.0000, 0.2647
1.0000, 0.2540
1.0000, 0.2433
0.9946, 0.2273
0.9893, 0.2219
0.9840, 0.2112
0.9679, 0.2005
0.9626, 0.1898
0.9519, 0.1845
0.9305, 0.1738
0.9144, 0.1684
0.8931, 0.1578
0.8610, 0.1524
0.8342, 0.1417
0.8128, 0.1310
0.7861, 0.1310
0.7701, 0.1310
0.7487, 0.1257
0.7326, 0.1257
0.7219, 0.1257
0.7059, 0.1257
0.6952, 0.1257
0.6845, 0.1257
0.6738, 0.1257
0.6577, 0.1257
0.6471, 0.1257
0.6364, 0.1257
0.6203, 0.1257
0.6096, 0.1257
0.6043, 0.1257
0.5936, 0.1310
0.5882, 0.1310
0.5775, 0.1310
0.5722, 0.1364
0.5668, 0.1364
0.5615, 0.1471
0.5562, 0.1471
0.5562, 0.1524
0.5508, 0.1524
