0.5819, 0.0831
0.5819, 0.0831
0.5819, 0.0831
0.5819, 0.0831
0.5819, 0.0831
0.5819, 0.0831
0.5819, 0.0831
0.5819, 0.0831
0.5819, 0.0831
0.5819, 0.0831
0.5819, 0.0831
0.5819, 0.0831
0.5819, 0.0831
0.5819, 0.0831
0.5819, 0.0831
0.5819, 0.0831
0.5819, 0.0831
0.5819, 0.0831
0.5819, 0.0831
0.5819, 0.0831
0.5819, 0.0831
0.5819, 0.0831
0.5819, 0.0831
0.5819, 0.0831
0.5819, 0.0831
0.5819, 0.0831
0.5819, 0.0831
0.5819, 0.0831
0.5819, 0.0831
0.5819, 0.0831
0.5819, 0.0831
0.5819, 0.0831
0.5819, 0.0831
0.5819, 0.0831
0.5819, 0.0831
0.5819, 0.0831
0.5819, 0.0831
0.5819, 0.0831
0.5819, 0.0831
0.5819, 0.0831
0.5819, 0.0831
0.5819, 0.0831
0.5819, 0.0831
0.5819, 0.0831
0.5819, 0.0831
0.5819, 0.0831
0.5819, 0.0831
0.5819, 0.0831
0.5819, 0.0831
0.5819, 0.0831
0.5819, 0.0831
0.5819, 0.0831
0.5819, 0.0831
0.5819, 0.0831
0.5819, 0.0831
0.5819, 0.0831
0.5819, 0.0831
0.5819, 0.0831
0.5819, 0.0831
0.5819, 0.0831
0.5819, 0.0831
0.5819, 0.0831
0.5819, 0.0831
0.5819, 0.0831
0.5819, 0.0831
0.5819, 0.0831
0.5819, 0.0831
0.5819, 0.0831
0.5819, 0.0831
0.5819, 0.0831
0.5819, 0.0831
0.5819, 0.0831
0.5819, 0.0831
0.5819, 0.0831
0.5819, 0.0831
0.5819, 0.0831
0.5819, 0.0831
0.5819, 0.0831
0.5819, 0.0831
0.5819, 0.0831
0.5819, 0.0831
0.5819, 0.0831
0.5819, 0.0831
0.5819, 0.0831
0.5819, 0.0831
0.5819, 0.0831
0.5819, 0.0831
0.5819, 0.0831
0.5819, 0.0831
0.5819, 0.0831
0.5819, 0.0831
0.5819, 0.0804
0.5819, 0.0804
0.5819, 0.0804
0.5819, 0.0804
0.5819, 0.0804
0.5819, 0.0804
0.5819, 0.0804
0.5819, 0.0804
0.5819, 0.0804
0.5819, 0.0804
0.5819, 0.0804
0.5819, 0.0804
0.5819, 0.0804
0.5819, 0.0777
0.5819, 0.0777
0.5819, 0.0777
0.5819, 0.0777
0.5819, 0.0777
0.5819, 0.0777
0.5819, 0.0777
0.5819, 0.0777
0.5819, 0.0777
0.5819, 0.0777
0.5819, 0.0777
0.5819, 0.0777
0.5819, 0.0777
0.5819, 0.0777
0.5819, 0.0777
0.5819, 0.0777
0.5819, 0.0777
0.5819, 0.0777
0.5819, 0.0777
0.5819, 0.0777
0.5819, 0.0777
0.5819, 0.0777
0.5819, 0.0777
0.5819, 0.0777
0.5819, 0.0777
0.5819, 0.0777
0.5819, 0.0777
0.5819, 0.0777
0.5819, 0.0777
0.5819, 0.0777
0.5819, 0.0777
0.5819, 0.0751
0.5819, 0.0751
0.5819, 0.0751
0.5819, 0.0751
0.5819, 0.0751
0.5819, 0.0751
0.5819, 0.0751
0.5819, 0.0751
0.5819, 0.0751
0.5819, 0.0724
0.5819, 0.0724
0.5819, 0.0724
0.5819, 0.0724
0.5819, 0.0724
0.5819, 0.0724
0.5819, 0.0724
0.5819, 0.0724
0.5819, 0.0724
0.5819, 0.0724
0.5819, 0.0724
0.5819, 0.0724
0.5819, 0.0724
0.5819, 0.0724
0.5819, 0.0724
0.5819, 0.0724
0.5819, 0.0724
0.5819, 0.0697
0.5819, 0.0697
0.5819, 0.0697
0.5819, 0.0697
0.5819, 0.0697
0.5819, 0.0697
0.5819, 0.0697
0.5819, 0.0697
0.5819, 0.0697
0.5778, 0.0697
0.5778, 0.0697
0.5778, 0.0697
0.5778, 0.0697
0.5778, 0.0697
0.5778, 0.0697
0.5778, 0.0697
0.5778, 0.0697
0.5778, 0.0697
0.5778, 0.0697
0.5778, 0.0697
0.5778, 0.0697
0.5778, 0.0697
0.5778, 0.0697
0.5778, 0.0670
0.5778, 0.0670
0.5778, 0.0670
0.5778, 0.0670
0.5778, 0.0670
0.5778, 0.0670
0.5778, 0.0670
0.5778, 0.0670
0.5778, 0.0670
0.5778, 0.0670
0.5778, 0.0670
0.5778, 0.0670
0.5778, 0.0670
0.5778, 0.0643
0.5778, 0.0643
0.5778, 0.0643
0.5778, 0.0643
0.5778, 0.0643
0.5778, 0.0643
0.5778, 0.0643
0.5778, 0.0643
0.5778, 0.0643
0.5778, 0.0643
0.5778, 0.0643
0.5778, 0.0643
0.5778, 0.0643
0.5778, 0.0643
0.5778, 0.0643
0.5778, 0.0643
0.5778, 0.0643
0.5738, 0.0643
0.5738, 0.0643
0.5738, 0.0643
0.5738, 0.0643
0.5738, 0.0643
0.5738, 0.0643
0.5738, 0.0643
0.5738, 0.0643
0.5738, 0.0617
0.5738, 0.0617
0.5738, 0.0617
0.5738, 0.0617
0.5738, 0.0617
0.5738, 0.0617
0.5738, 0.0617
0.5738, 0.0617
0.5738, 0.0617
0.5738, 0.0617
0.5738, 0.0617
0.5738, 0.0617
0.5738, 0.0617
0.5738, 0.0590
0.5738, 0.0590
0.5738, 0.0590
0.5738, 0.0590
0.5738, 0.0590
0.5738, 0.0590
0.5738, 0.0590
0.5738, 0.0590
0.5738, 0.0590
0.5738, 0.0590
0.5738, 0.0590
0.5738, 0.0590
0.5738, 0.0590
0.5738, 0.0563
0.5738, 0.0563
0.5738, 0.0563
0.5738, 0.0563
0.5738, 0.0563
0.5738, 0.0563
0.5738, 0.0563
0.5738, 0.0563
0.5738, 0.0563
0.5738, 0.0563
0.5738, 0.0563
0.5738, 0.0563
0.5738, 0.0563
0.5738, 0.0563
0.5738, 0.0563
0.5738, 0.0563
0.5738, 0.0563
0.5738, 0.0563
0.5738, 0.0563
0.5738, 0.0563
0.5738, 0.0563
0.5696, 0.0563
0.5696, 0.0563
0.5696, 0.0563
0.5696, 0.0563
0.5696, 0.0536
0.5696, 0.0536
0.5696, 0.0536
0.5696, 0.0536
0.5696, 0.0536
0.5696, 0.0536
0.5696, 0.0536
0.5696, 0.0536
0.5696, 0.0536
0.5696, 0.0536
0.5696, 0.0536
0.5696, 0.0536
0.5696, 0.0536
0.5696, 0.0536
0.5696, 0.0509
0.5696, 0.0509
0.5696, 0.0509
0.5696, 0.0509
0.5655, 0.0509
0.5655, 0.0509
0.5655, 0.0509
0.5655, 0.0509
0.5655, 0.0509
0.5655, 0.0509
0.5655, 0.0509
0.5655, 0.0509
0.5655, 0.0509
0.5655, 0.0509
0.5655, 0.0509
0.5655, 0.0509
0.5655, 0.0509
0.5655, 0.0509
0.5655, 0.0509
0.5655, 0.0509
0.5655, 0.0509
0.5655, 0.0509
0.5655, 0.0509
0.5655, 0.0509
0.5655, 0.0509
0.5655, 0.0509
0.5655, 0.0509
0.5655, 0.0509
0.5655, 0.0509
0.5655, 0.0509
0.5655, 0.0509
0.5655, 0.0509
0.5655, 0.0509
0.5655, 0.0509
0.5655, 0.0483
0.5655, 0.0483
0.5655, 0.0483
0.5655, 0.0483
0.5655, 0.0483
0.5655, 0.0483
0.5655, 0.0483
0.5655, 0.0483
0.5655, 0.0483
0.5655, 0.0483
0.5655, 0.0483
0.5655, 0.0483
0.5655, 0.0483
0.5655, 0.0483
0.5655, 0.0483
0.5655, 0.0483
0.5655, 0.0483
0.5655, 0.0456
0.5655, 0.0456
0.5655, 0.0456
0.5655, 0.0456
0.5615, 0.0456
0.5615, 0.0456
0.5615, 0.0456
0.5615, 0.0456
0.5615, 0.0456
0.5615, 0.0456
0.5615, 0.0456
0.5615, 0.0456
0.5615, 0.0456
0.5615, 0.0456
0.5615, 0.0456
0.5615, 0.0456
0.5615, 0.0429
0.5615, 0.0429
0.5615, 0.0429
0.5615, 0.0429
0.5573, 0.0429
0.5573, 0.0429
0.5573, 0.0429
0.5573, 0.0429
0.5573, 0.0429
0.5573, 0.0429
0.5573, 0.0429
0.5532, 0.0429
0.5532, 0.0429
0.5532, 0.0429
0.5532, 0.0429
0.5532, 0.0429
0.5532, 0.0429
0.5532, 0.0429
0.5532, 0.0429
0.5532, 0.0402
0.5532, 0.0402
0.5532, 0.0402
0.5532, 0.0402
0.5532, 0.0402
0.5532, 0.0402
0.5532, 0.0402
0.5532, 0.0402
0.5492, 0.0375
0.5492, 0.0375
0.5492, 0.0375
0.5492, 0.0375
0.5492, 0.0375
0.5492, 0.0375
0.5492, 0.0375
0.5492, 0.0375
0.5492, 0.0375
0.5492, 0.0375
0.5492, 0.0375
0.5492, 0.0375
0.5450, 0.0375
0.5450, 0.0375
0.5450, 0.0375
0.5450, 0.0375
0.5450, 0.0375
0.5450, 0.0375
0.5450, 0.0375
0.5450, 0.0375
0.5450, 0.0375
0.5450, 0.0375
0.5450, 0.0375
0.5450, 0.0375
0.5450, 0.0375
0.5450, 0.0375
0.5450, 0.0375
0.5450, 0.0375
0.5450, 0.0375
0.5450, 0.0349
0.5450, 0.0349
0.5450, 0.0349
0.5450, 0.0349
0.5450, 0.0349
0.5450, 0.0349
0.5450, 0.0349
0.5450, 0.0349
0.5409, 0.0322
0.5409, 0.0322
0.5409, 0.0322
0.5409, 0.0322
0.5409, 0.0322
0.5409, 0.0322
0.5409, 0.0322
0.5369, 0.0322
0.5369, 0.0322
0.5369, 0.0322
0.5369, 0.0322
0.5369, 0.0295
0.5369, 0.0295
0.5369, 0.0295
0.5327, 0.0295
0.5327, 0.0295
0.5327, 0.0295
0.5327, 0.0295
0.5327, 0.0295
0.5327, 0.0295
0.5327, 0.0295
0.5327, 0.0295
0.5327, 0.0295
0.5327, 0.0295
0.5327, 0.0295
0.5327, 0.0295
0.5327, 0.0295
0.5327, 0.0295
0.5327, 0.0295
0.5327, 0.0295
0.5327, 0.0295
0.5286, 0.0295
0.5286, 0.0295
0.5286, 0.0295
0.5286, 0.0295
0.5286, 0.0295
0.5286, 0.0295
0.5286, 0.0295
0.5286, 0.0295
0.5286, 0.0295
0.5286, 0.0295
0.5286, 0.0295
0.5286, 0.0295
0.5286, 0.0295
0.5286, 0.0295
0.5286, 0.0295
0.5286, 0.0295
0.5246, 0.0268
0.5246, 0.0268
0.5246, 0.0268
0.5246, 0.0268
0.5246, 0.0268
0.5246, 0.0268
0.5246, 0.0268
0.5246, 0.0268
0.5246, 0.0268
0.5246, 0.0268
0.5246, 0.0268
0.5246, 0.0268
0.5246, 0.0268
0.5246, 0.0268
0.5246, 0.0268
0.5246, 0.0268
0.5205, 0.0241
0.5205, 0.0241
0.5205, 0.0241
0.5205, 0.0241
0.5164, 0.0241
0.5164, 0.0241
0.5164, 0.0241
0.5164, 0.0241
0.5164, 0.0241
0.5164, 0.0241
0.5164, 0.0241
0.5164, 0.0241
0.5164, 0.0241
0.5164, 0.0241
0.5164, 0.0241
0.5164, 0.0241
0.5164, 0.0241
0.5164, 0.0241
0.5164, 0.0241
0.5164, 0.0241
0.5164, 0.0241
0.5164, 0.0241
0.5164, 0.0241
0.5164, 0.0241
0.5164, 0.0241
0.5123, 0.0241
0.5123, 0.0241
0.5123, 0.0241
0.5123, 0.0241
0.5123, 0.0241
0.5123, 0.0241
0.5123, 0.0241
0.5123, 0.0241
0.5123, 0.0241
0.5123, 0.0241
0.5123, 0.0241
0.5123, 0.0241
0.5082, 0.0241
0.5082, 0.0241
0.5082, 0.0241
0.5082, 0.0241
0.5082, 0.0241
0.5082, 0.0241
0.5082, 0.0241
0.5041, 0.0241
0.5041, 0.0241
0.5041, 0.0241
0.5041, 0.0241
0.5041, 0.0214
0.5041, 0.0214
0.5041, 0.0214
0.5041, 0.0214
0.5041, 0.0214
0.5041, 0.0214
0.5041, 0.0214
0.5041, 0.0214
0.5000, 0.0214
0.5000, 0.0214
0.5000, 0.0214
0.5000, 0.0214
0.5000, 0.0214
0.5000, 0.0214
0.5000, 0.0214
0.5000, 0.0214
0.4959, 0.0188
0.4959, 0.0188
0.4959, 0.0188
0.4959, 0.0188
0.4959, 0.0188
0.4959, 0.0188
0.4959, 0.0188
0.4959, 0.0188
0.4959, 0.0188
0.4959, 0.0188
0.4959, 0.0188
0.4959, 0.0188
0.4918, 0.0188
0.4918, 0.0188
0.4918, 0.0188
0.4918, 0.0188
0.4918, 0.0188
0.4918, 0.0188
0.4918, 0.0188
0.4918, 0.0188
0.4918, 0.0188
0.4918, 0.0188
0.4918, 0.0188
0.4918, 0.0188
0.4877, 0.0188
0.4877, 0.0188
0.4877, 0.0188
0.4877, 0.0188
0.4877, 0.0188
0.4877, 0.0188
0.4877, 0.0188
0.4877, 0.0161
0.4877, 0.0161
0.4877, 0.0161
0.4877, 0.0161
0.4836, 0.0161
0.4836, 0.0161
0.4836, 0.0161
0.4836, 0.0161
0.4836, 0.0161
0.4836, 0.0161
0.4836, 0.0161
0.4836, 0.0161
0.4836, 0.0161
0.4836, 0.0161
0.4836, 0.0161
0.4836, 0.0161
0.4836, 0.0161
0.4836, 0.0161
0.4836, 0.0161
0.4795, 0.0161
0.4795, 0.0161
0.4795, 0.0161
0.4795, 0.0161
0.4795, 0.0161
0.4795, 0.0161
0.4795, 0.0161
0.4754, 0.0161
0.4754, 0.0161
0.4754, 0.0161
0.4754, 0.0161
0.4754, 0.0161
0.4754, 0.0161
0.4754, 0.0161
0.4754, 0.0161
0.4754, 0.0161
0.4754, 0.0161
0.4754, 0.0161
0.4754, 0.0161
0.4714, 0.0161
0.4714, 0.0161
0.4714, 0.0161
0.4714, 0.0161
0.4673, 0.0134
0.4673, 0.0134
0.4673, 0.0134
0.4673, 0.0134
0.4673, 0.0134
0.4673, 0.0134
0.4673, 0.0134
0.4631, 0.0134
0.4631, 0.0134
0.4631, 0.0134
0.4631, 0.0134
0.4631, 0.0134
0.4631, 0.0134
0.4631, 0.0134
0.4631, 0.0134
0.4631, 0.0134
0.4631, 0.0134
0.4631, 0.0134
0.4631, 0.0134
0.4631, 0.0134
0.4631, 0.0134
0.4631, 0.0134
0.4631, 0.0134
0.4591, 0.0107
0.4591, 0.0107
0.4591, 0.0107
0.4591, 0.0107
0.4591, 0.0107
0.4591, 0.0107
0.4591, 0.0107
0.4591, 0.0107
0.4550, 0.0107
0.4550, 0.0107
0.4550, 0.0107
0.4550, 0.0107
0.4550, 0.0107
0.4550, 0.0107
0.4550, 0.0107
0.4550, 0.0107
0.4550, 0.0107
0.4550, 0.0107
0.4550, 0.0107
0.4550, 0.0107
0.4550, 0.0107
0.4550, 0.0107
0.4550, 0.0107
0.4550, 0.0107
0.4550, 0.0107
0.4508, 0.0107
0.4508, 0.0107
0.4508, 0.0107
0.4468, 0.0107
0.4468, 0.0107
0.4468, 0.0107
0.4468, 0.0107
0.4427, 0.0107
0.4427, 0.0107
0.4385, 0.0080
0.4385, 0.0080
0.4385, 0.0080
0.4345, 0.0080
0.4345, 0.0080
0.4345, 0.0080
0.4345, 0.0080
0.4345, 0.0080
0.4345, 0.0080
0.4345, 0.0080
0.4345, 0.0080
0.4345, 0.0080
0.4345, 0.0080
0.4345, 0.0080
0.4345, 0.0080
0.4345, 0.0080
0.4345, 0.0080
0.4304, 0.0054
0.4304, 0.0054
0.4304, 0.0054
0.4304, 0.0054
0.4304, 0.0054
0.4304, 0.0054
0.4304, 0.0054
0.4304, 0.0054
0.4262, 0.0054
0.4262, 0.0054
0.4262, 0.0054
0.4262, 0.0054
0.4262, 0.0054
0.4262, 0.0054
0.4262, 0.0054
0.4262, 0.0054
0.4262, 0.0054
0.4262, 0.0054
0.4262, 0.0054
0.4262, 0.0054
0.4262, 0.0054
0.4262, 0.0054
0.4262, 0.0054
0.4222, 0.0054
0.4222, 0.0054
0.4222, 0.0054
0.4222, 0.0054
0.4222, 0.0054
0.4222, 0.0054
0.4222, 0.0054
0.4222, 0.0054
0.4222, 0.0054
0.4222, 0.0054
0.4222, 0.0054
0.4222, 0.0054
0.4222, 0.0027
0.4222, 0.0027
0.4222, 0.0027
0.4222, 0.0027
0.4181, 0.0027
0.4181, 0.0027
0.4181, 0.0027
0.4181, 0.0027
0.4181, 0.0027
0.4181, 0.0027
0.4181, 0.0027
0.4140, 0.0027
0.4140, 0.0027
0.4140, 0.0027
0.4140, 0.0027
0.4140, 0.0027
0.4140, 0.0027
0.4140, 0.0027
0.4140, 0.0027
0.4140, 0.0027
0.4140, 0.0027
0.4099, 0.0027
0.4099, 0.0027
0.4099, 0.0027
0.4099, 0.0027
0.4099, 0.0027
0.4099, 0.0027
0.4099, 0.0027
0.4099, 0.0027
0.4099, 0.0027
0.4099, 0.0027
0.4099, 0.0027
0.4099, 0.0027
0.4058, 0.0027
0.4058, 0.0027
0.4058, 0.0027
0.4058, 0.0027
0.4058, 0.0027
0.4058, 0.0027
0.4058, 0.0027
0.4058, 0.0027
0.4058, 0.0027
0.4058, 0.0027
0.4058, 0.0027
0.4018, 0.0027
0.4018, 0.0027
0.4018, 0.0027
0.4018, 0.0027
0.4018, 0.0027
0.4018, 0.0027
0.4018, 0.0027
0.4018, 0.0027
0.4018, 0.0027
0.4018, 0.0027
0.4018, 0.0027
0.4018, 0.0027
0.4018, 0.0027
0.4018, 0.0027
0.4018, 0.0027
0.4018, 0.0027
0.4018, 0.0027
0.4018, 0.0027
0.4018, 0.0027
0.3976, 0.0027
0.3976, 0.0027
0.3976, 0.0027
0.3976, 0.0027
0.3976, 0.0027
0.3976, 0.0027
0.3976, 0.0027
0.3935, 0.0027
0.3935, 0.0027
0.3935, 0.0027
0.3935, 0.0027
0.3935, 0.0027
0.3935, 0.0027
0.3935, 0.0027
0.3935, 0.0027
0.3935, 0.0027
0.3935, 0.0027
0.3935, 0.0027
0.3935, 0.0027
0.3895, 0.0027
0.3895, 0.0027
0.3895, 0.0027
0.3895, 0.0027
0.3895, 0.0027
0.3895, 0.0027
0.3895, 0.0027
0.3853, 0.0027
0.3853, 0.0027
0.3853, 0.0027
0.3853, 0.0027
0.3853, 0.0027
0.3853, 0.0027
0.3853, 0.0027
0.3853, 0.0027
0.3853, 0.0027
0.3853, 0.0027
0.3853, 0.0027
0.3812, 0.0027
0.3812, 0.0027
0.3812, 0.0027
0.3812, 0.0027
0.3812, 0.0027
0.3812, 0.0027
0.3812, 0.0027
0.3812, 0.0027
0.3812, 0.0027
0.3812, 0.0027
0.3772, 0.0027
0.3772, 0.0027
0.3772, 0.0027
0.3772, 0.0027
0.3772, 0.0027
0.3772, 0.0027
0.3772, 0.0027
0.3772, 0.0027
0.3730, 0.0027
0.3730, 0.0027
0.3730, 0.0027
0.3730, 0.0027
0.3730, 0.0027
0.3730, 0.0027
0.3730, 0.0027
0.3730, 0.0027
0.3730, 0.0027
0.3730, 0.0027
0.3730, 0.0027
0.3730, 0.0027
0.3730, 0.0027
0.3730, 0.0027
0.3730, 0.0027
0.3730, 0.0027
0.3730, 0.0027
0.3730, 0.0027
0.3730, 0.0027
0.3730, 0.0027
0.3730, 0.0027
0.3730, 0.0027
0.3730, 0.0027
0.3730, 0.0027
0.3730, 0.0027
0.3730, 0.0027
0.3730, 0.0027
0.3730, 0.0027
0.3730, 0.0027
0.3730, 0.0027
0.3730, 0.0027
0.3730, 0.0027
0.3730, 0.0027
0.3730, 0.0027
0.3730, 0.0027
0.3730, 0.0027
0.3730, 0.0027
0.3730, 0.0027
0.3730, 0.0027
0.3730, 0.0027
0.3730, 0.0027
0.3730, 0.0027
0.3730, 0.0027
0.3730, 0.0027
0.3730, 0.0027
0.3730, 0.0027
0.3730, 0.0027
0.3730, 0.0027
0.3730, 0.0027
0.3730, 0.0027
0.3730, 0.0027
0.3730, 0.0027
0.3730, 0.0027
0.3730, 0.0027
0.3730, 0.0027
0.3730, 0.0027
0.3730, 0.0027
0.3730, 0.0027
0.3730, 0.0027
0.3730, 0.0027
0.3730, 0.0027
0.3730, 0.0027
0.3730, 0.0027
0.3730, 0.0027
0.3730, 0.0027
0.3730, 0.0027
0.3730, 0.0027
0.3730, 0.0027
0.3730, 0.0027
0.3730, 0.0027
0.3730, 0.0027
0.3730, 0.0027
0.3730, 0.0027
0.3730, 0.0027
0.3730, 0.0027
0.3730, 0.0027
0.3730, 0.0027
0.3730, 0.0027
0.3730, 0.0027
0.3730, 0.0027
0.3730, 0.0027
0.3730, 0.0027
0.3730, 0.0027
0.3689, 0.0027
0.3689, 0.0027
0.3689, 0.0027
0.3689, 0.0027
0.3689, 0.0027
0.3689, 0.0027
0.3689, 0.0027
0.3649, 0.0027
0.3649, 0.0027
0.3649, 0.0027
0.3649, 0.0027
0.3649, 0.0027
0.3649, 0.0027
0.3649, 0.0027
0.3649, 0.0027
0.3649, 0.0027
0.3649, 0.0027
0.3649, 0.0027
0.3649, 0.0027
0.3649, 0.0027
0.3649, 0.0027
0.3649, 0.0027
0.3649, 0.0027
0.3649, 0.0027
0.3649, 0.0027
0.3649, 0.0027
0.3649, 0.0027
0.3649, 0.0027
0.3649, 0.0027
0.3649, 0.0027
0.3607, 0.0027
0.3607, 0.0027
0.3607, 0.0027
0.3607, 0.0027
0.3607, 0.0027
0.3607, 0.0027
0.3607, 0.0027
0.3567, 0.0027
0.3567, 0.0027
0.3567, 0.0027
0.3567, 0.0027
0.3567, 0.0027
0.3567, 0.0027
0.3567, 0.0027
0.3526, 0.0027
0.3526, 0.0027
0.3526, 0.0027
0.3526, 0.0027
0.3526, 0.0027
0.3526, 0.0027
0.3526, 0.0027
0.3526, 0.0027
0.3526, 0.0027
0.3526, 0.0027
0.3526, 0.0027
0.3526, 0.0027
0.3526, 0.0027
0.3526, 0.0027
0.3526, 0.0027
0.3485, 0.0027
0.3485, 0.0027
0.3485, 0.0027
0.3485, 0.0027
0.3485, 0.0027
0.3485, 0.0027
0.3485, 0.0027
0.3444, 0.0027
0.3444, 0.0027
0.3444, 0.0027
0.3444, 0.0027
0.3444, 0.0027
0.3444, 0.0027
0.3444, 0.0027
0.3444, 0.0027
0.3444, 0.0027
0.3444, 0.0027
0.3444, 0.0027
0.3444, 0.0027
0.3444, 0.0027
0.3444, 0.0027
0.3444, 0.0027
0.3444, 0.0027
0.3444, 0.0027
0.3403, 0.0027
0.3403, 0.0027
0.3403, 0.0027
0.3403, 0.0027
0.3403, 0.0027
0.3403, 0.0027
0.3403, 0.0027
0.3403, 0.0027
0.3403, 0.0027
0.3403, 0.0027
0.3362, 0.0027
0.3362, 0.0027
0.3362, 0.0027
0.3362, 0.0027
0.3362, 0.0027
0.3362, 0.0027
0.3362, 0.0027
0.3362, 0.0027
0.3362, 0.0027
0.3362, 0.0027
0.3362, 0.0027
0.3321, 0.0027
0.3321, 0.0027
0.3321, 0.0027
0.3321, 0.0027
0.3321, 0.0027
0.3321, 0.0027
0.3321, 0.0027
0.3321, 0.0027
0.3321, 0.0027
0.3321, 0.0027
0.3321, 0.0027
0.3321, 0.0027
0.3321, 0.0027
0.3321, 0.0027
0.3321, 0.0027
0.3321, 0.0027
0.3321, 0.0027
0.3321, 0.0027
0.3321, 0.0027
0.3321, 0.0027
0.3321, 0.0027
0.3321, 0.0027
0.3280, 0.0027
0.3280, 0.0027
0.3280, 0.0027
0.3280, 0.0027
0.3280, 0.0027
0.3280, 0.0027
0.3280, 0.0027
0.3239, 0.0027
0.3239, 0.0027
0.3239, 0.0027
0.3239, 0.0027
0.3239, 0.0027
0.3239, 0.0027
0.3239, 0.0027
0.3239, 0.0027
0.3239, 0.0027
0.3239, 0.0027
0.3239, 0.0027
0.3239, 0.0027
0.3239, 0.0027
0.3239, 0.0027
0.3239, 0.0027
0.3239, 0.0027
0.3239, 0.0027
0.3239, 0.0027
0.3239, 0.0027
0.3239, 0.0027
0.3198, 0.0027
0.3198, 0.0027
0.3198, 0.0027
0.3198, 0.0027
0.3198, 0.0027
0.3198, 0.0027
0.3198, 0.0027
0.3198, 0.0027
0.3198, 0.0027
0.3198, 0.0027
0.3157, 0.0027
0.3157, 0.0027
0.3157, 0.0027
0.3157, 0.0027
0.3157, 0.0027
0.3157, 0.0027
0.3157, 0.0027
0.3157, 0.0027
0.3157, 0.0027
0.3157, 0.0027
0.3157, 0.0027
0.3116, 0.0027
0.3116, 0.0027
0.3116, 0.0027
0.3116, 0.0027
0.3116, 0.0027
0.3116, 0.0027
0.3116, 0.0027
0.3116, 0.0027
0.3116, 0.0027
0.3116, 0.0027
0.3116, 0.0027
0.3116, 0.0027
0.3116, 0.0027
0.3116, 0.0027
0.3116, 0.0027
0.3116, 0.0027
0.3116, 0.0027
0.3116, 0.0027
0.3075, 0.0027
0.3075, 0.0027
0.3075, 0.0027
0.3075, 0.0027
0.3075, 0.0027
0.3075, 0.0027
0.3075, 0.0027
0.3075, 0.0027
0.3075, 0.0027
0.3075, 0.0027
0.3075, 0.0027
0.3075, 0.0027
0.3075, 0.0027
0.3075, 0.0027
0.3034, 0.0027
0.3034, 0.0027
0.3034, 0.0027
0.3034, 0.0027
0.3034, 0.0027
0.3034, 0.0027
0.3034, 0.0027
0.3034, 0.0027
0.3034, 0.0027
0.3034, 0.0027
0.3034, 0.0027
0.3034, 0.0027
0.3034, 0.0027
0.3034, 0.0027
0.3034, 0.0027
0.3034, 0.0027
0.3034, 0.0027
0.3034, 0.0027
0.3034, 0.0027
0.3034, 0.0027
0.3034, 0.0027
0.3034, 0.0027
0.3034, 0.0027
0.3034, 0.0027
0.2994, 0.0027
0.2994, 0.0027
0.2994, 0.0027
0.2994, 0.0027
0.2994, 0.0027
0.2994, 0.0027
0.2994, 0.0027
0.2994, 0.0027
0.2994, 0.0027
0.2994, 0.0027
0.2952, 0.0027
0.2952, 0.0027
0.2952, 0.0027
0.2952, 0.0027
0.2952, 0.0027
0.2952, 0.0027
0.2952, 0.0027
0.2911, 0.0027
0.2911, 0.0027
0.2911, 0.0027
0.2911, 0.0027
0.2911, 0.0027
0.2911, 0.0027
0.2911, 0.0027
0.2911, 0.0027
0.2911, 0.0027
0.2911, 0.0027
0.2911, 0.0027
0.2911, 0.0027
0.2911, 0.0027
0.2911, 0.0027
0.2911, 0.0027
0.2911, 0.0027
0.2911, 0.0027
0.2871, 0.0027
0.2871, 0.0027
0.2871, 0.0027
0.2871, 0.0027
0.2871, 0.0027
0.2871, 0.0027
0.2871, 0.0027
0.2871, 0.0027
0.2871, 0.0027
0.2871, 0.0027
0.2830, 0.0027
0.2830, 0.0027
0.2830, 0.0027
0.2830, 0.0027
0.2830, 0.0027
0.2830, 0.0027
0.2830, 0.0027
0.2830, 0.0027
0.2830, 0.0027
0.2830, 0.0027
0.2830, 0.0027
0.2788, 0.0027
0.2788, 0.0027
0.2788, 0.0027
0.2788, 0.0027
0.2788, 0.0027
0.2788, 0.0027
0.2788, 0.0027
0.2788, 0.0027
0.2788, 0.0027
0.2788, 0.0027
0.2748, 0.0054
0.2748, 0.0054
0.2748, 0.0054
0.2748, 0.0054
0.2748, 0.0054
0.2748, 0.0054
0.2707, 0.0054
0.2707, 0.0054
0.2707, 0.0054
0.2707, 0.0054
0.2707, 0.0054
0.2707, 0.0054
0.2707, 0.0054
0.2707, 0.0054
0.2707, 0.0054
0.2707, 0.0054
0.2707, 0.0054
0.2707, 0.0054
0.2707, 0.0054
0.2707, 0.0054
0.2665, 0.0054
0.2665, 0.0054
0.2665, 0.0054
0.2665, 0.0080
0.2665, 0.0080
0.2665, 0.0080
0.2625, 0.0080
0.2625, 0.0080
0.2625, 0.0080
0.2625, 0.0080
0.2625, 0.0080
0.2625, 0.0080
0.2625, 0.0080
0.2625, 0.0080
0.2625, 0.0080
0.2625, 0.0080
0.2625, 0.0080
0.2625, 0.0080
0.2625, 0.0080
0.2584, 0.0080
0.2584, 0.0080
0.2584, 0.0080
0.2584, 0.0080
0.2584, 0.0080
0.2584, 0.0080
0.2584, 0.0080
0.2542, 0.0080
0.2542, 0.0080
0.2542, 0.0107
0.2542, 0.0107
0.2542, 0.0107
0.2542, 0.0107
0.2542, 0.0107
0.2542, 0.0107
0.2502, 0.0107
0.2502, 0.0107
0.2502, 0.0107
0.2502, 0.0107
0.2502, 0.0107
0.2502, 0.0107
0.2461, 0.0134
0.2461, 0.0134
0.2461, 0.0134
0.2461, 0.0134
0.2461, 0.0134
0.2461, 0.0134
0.2419, 0.0134
0.2419, 0.0134
0.2419, 0.0134
0.2419, 0.0134
0.2419, 0.0134
0.2419, 0.0134
0.2419, 0.0134
0.2419, 0.0134
0.2419, 0.0134
0.2419, 0.0134
0.2419, 0.0134
0.2419, 0.0134
0.2419, 0.0134
0.2379, 0.0134
0.2379, 0.0134
0.2379, 0.0134
0.2379, 0.0161
0.2379, 0.0161
0.2379, 0.0161
0.2338, 0.0161
0.2338, 0.0161
0.2338, 0.0161
0.2338, 0.0161
0.2338, 0.0161
0.2338, 0.0161
0.2338, 0.0161
0.2338, 0.0161
0.2338, 0.0161
0.2338, 0.0161
0.2338, 0.0161
0.2338, 0.0188
0.2338, 0.0188
0.2338, 0.0188
0.2338, 0.0188
0.2338, 0.0188
0.2338, 0.0188
0.2338, 0.0188
0.2338, 0.0188
0.2338, 0.0188
0.2297, 0.0214
0.2297, 0.0214
0.2297, 0.0214
0.2297, 0.0214
0.2297, 0.0214
0.2297, 0.0214
0.2297, 0.0214
0.2297, 0.0214
0.2297, 0.0214
0.2297, 0.0214
0.2256, 0.0214
0.2256, 0.0214
0.2256, 0.0214
0.2256, 0.0214
0.2256, 0.0214
0.2256, 0.0214
0.2256, 0.0214
0.2256, 0.0214
0.2256, 0.0214
0.2256, 0.0214
0.2215, 0.0241
0.2215, 0.0241
0.2215, 0.0241
0.2215, 0.0241
0.2215, 0.0241
0.2215, 0.0241
0.2215, 0.0241
0.2215, 0.0241
0.2215, 0.0241
0.2215, 0.0241
0.2215, 0.0268
0.2215, 0.0268
0.2215, 0.0268
0.2215, 0.0268
0.2215, 0.0268
0.2215, 0.0268
0.2175, 0.0268
0.2175, 0.0268
0.2175, 0.0268
0.2175, 0.0268
0.2175, 0.0268
0.2175, 0.0268
0.2175, 0.0268
0.2175, 0.0268
0.2175, 0.0268
0.2175, 0.0268
0.2133, 0.0295
0.2133, 0.0295
0.2133, 0.0295
0.2133, 0.0295
0.2133, 0.0295
0.2133, 0.0295
0.2133, 0.0295
0.2133, 0.0295
0.2133, 0.0295
0.2133, 0.0295
0.2133, 0.0322
0.2133, 0.0322
0.2133, 0.0322
0.2133, 0.0322
0.2133, 0.0322
0.2133, 0.0322
0.2133, 0.0322
0.2133, 0.0322
0.2133, 0.0322
0.2133, 0.0322
0.2133, 0.0349
0.2133, 0.0349
0.2133, 0.0349
0.2092, 0.0349
0.2092, 0.0349
0.2092, 0.0349
0.2092, 0.0349
0.2092, 0.0349
0.2092, 0.0349
0.2092, 0.0349
0.2092, 0.0349
0.2092, 0.0349
0.2052, 0.0349
0.2052, 0.0349
0.2052, 0.0349
0.2052, 0.0349
0.2052, 0.0375
0.2052, 0.0375
0.2052, 0.0375
0.2052, 0.0375
0.2052, 0.0375
0.2052, 0.0375
0.2052, 0.0402
0.2052, 0.0402
0.2052, 0.0402
0.2010, 0.0402
0.2010, 0.0402
0.2010, 0.0402
0.2010, 0.0402
0.2010, 0.0402
0.2010, 0.0402
0.2010, 0.0402
0.2010, 0.0402
0.2010, 0.0402
0.2010, 0.0402
0.2010, 0.0402
0.2010, 0.0402
0.2010, 0.0402
0.2010, 0.0429
0.2010, 0.0429
0.2010, 0.0429
0.2010, 0.0429
0.2010, 0.0429
0.2010, 0.0456
0.2010, 0.0456
0.2010, 0.0456
0.2010, 0.0456
0.2010, 0.0456
0.2010, 0.0456
0.2010, 0.0456
0.2010, 0.0456
0.2010, 0.0456
0.2010, 0.0456
0.1969, 0.0483
0.1969, 0.0483
0.1969, 0.0483
0.1969, 0.0483
0.1969, 0.0483
0.1969, 0.0483
0.1969, 0.0483
0.1969, 0.0483
0.1969, 0.0483
0.1969, 0.0483
0.1969, 0.0483
0.1969, 0.0483
0.1969, 0.0483
0.1929, 0.0509
0.1929, 0.0509
0.1929, 0.0509
0.1929, 0.0509
0.1929, 0.0509
0.1929, 0.0509
0.1929, 0.0536
0.1929, 0.0536
0.1929, 0.0536
0.1929, 0.0536
0.1929, 0.0536
0.1929, 0.0536
0.1929, 0.0536
0.1929, 0.0536
0.1929, 0.0536
0.1929, 0.0536
0.1929, 0.0536
0.1929, 0.0536
0.1929, 0.0536
0.1929, 0.0563
0.1929, 0.0563
0.1929, 0.0563
0.1929, 0.0563
0.1929, 0.0563
0.1929, 0.0563
0.1929, 0.0563
0.1929, 0.0590
0.1929, 0.0590
0.1929, 0.0590
0.1929, 0.0590
0.1929, 0.0590
0.1929, 0.0590
0.1929, 0.0617
0.1929, 0.0617
0.1929, 0.0617
0.1929, 0.0617
0.1929, 0.0617
0.1929, 0.0617
0.1887, 0.0617
0.1887, 0.0617
0.1887, 0.0617
0.1887, 0.0617
0.1887, 0.0617
0.1887, 0.0617
0.1887, 0.0643
0.1887, 0.0643
0.1887, 0.0643
0.1887, 0.0643
0.1887, 0.0643
0.1887, 0.0643
0.1887, 0.0643
0.1887, 0.0670
0.1887, 0.0670
0.1887, 0.0670
0.1887, 0.0670
0.1887, 0.0670
0.1887, 0.0670
0.1847, 0.0670
0.1847, 0.0670
0.1847, 0.0670
0.1847, 0.0697
0.1847, 0.0697
0.1847, 0.0697
0.1847, 0.0724
0.1847, 0.0724
0.1847, 0.0724
0.1847, 0.0724
0.1847, 0.0724
0.1847, 0.0724
0.1847, 0.0751
0.1847, 0.0751
0.1847, 0.0751
0.1847, 0.0751
0.1847, 0.0751
0.1847, 0.0751
0.1847, 0.0751
0.1847, 0.0751
0.1847, 0.0751
0.1847, 0.0751
0.1847, 0.0777
0.1847, 0.0777
0.1847, 0.0777
0.1847, 0.0777
0.1847, 0.0777
0.1847, 0.0777
0.1806, 0.0804
0.1806, 0.0804
0.1806, 0.0804
0.1806, 0.0804
0.1806, 0.0804
0.1806, 0.0804
0.1806, 0.0804
0.1806, 0.0804
0.1806, 0.0804
0.1806, 0.0804
0.1806, 0.0831
0.1806, 0.0831
0.1806, 0.0831
0.1806, 0.0858
0.1806, 0.0858
0.1806, 0.0858
0.1806, 0.0858
0.1806, 0.0858
0.1806, 0.0858
0.1806, 0.0858
0.1806, 0.0858
0.1806, 0.0858
0.1806, 0.0858
0.1806, 0.0858
0.1806, 0.0858
0.1806, 0.0885
0.1806, 0.0885
0.1806, 0.0885
0.1806, 0.0912
0.1806, 0.0912
0.1806, 0.0912
0.1806, 0.0912
0.1806, 0.0912
0.1806, 0.0912
0.1806, 0.0912
0.1806, 0.0938
0.1806, 0.0938
0.1806, 0.0938
0.1806, 0.0938
0.1806, 0.0938
0.1806, 0.0938
0.1806, 0.0938
0.1806, 0.0938
0.1806, 0.0938
0.1806, 0.0938
0.1806, 0.0965
0.1806, 0.0965
0.1806, 0.0965
0.1806, 0.0965
0.1806, 0.0965
0.1806, 0.0965
0.1806, 0.0992
0.1806, 0.0992
0.1806, 0.0992
0.1806, 0.0992
0.1806, 0.0992
0.1806, 0.0992
0.1806, 0.0992
0.1806, 0.0992
0.1806, 0.0992
0.1806, 0.1019
0.1806, 0.1019
0.1806, 0.1019
0.1806, 0.1046
0.1806, 0.1046
0.1806, 0.1046
0.1806, 0.1046
0.1806, 0.1046
0.1806, 0.1046
0.1806, 0.1072
0.1806, 0.1072
0.1806, 0.1072
0.1806, 0.1072
0.1806, 0.1072
0.1806, 0.1072
0.1806, 0.1072
0.1806, 0.1072
0.1806, 0.1072
0.1806, 0.1072
0.1806, 0.1099
0.1806, 0.1099
0.1806, 0.1099
0.1806, 0.1099
0.1806, 0.1099
0.1806, 0.1099
0.1806, 0.1126
0.1806, 0.1126
0.1806, 0.1126
0.1806, 0.1126
0.1806, 0.1126
0.1806, 0.1126
0.1806, 0.1153
0.1806, 0.1153
0.1806, 0.1153
0.1806, 0.1153
0.1806, 0.1153
0.1806, 0.1153
0.1806, 0.1180
0.1806, 0.1180
0.1806, 0.1180
0.1806, 0.1206
0.1806, 0.1206
0.1806, 0.1206
0.1806, 0.1206
0.1806, 0.1206
0.1806, 0.1206
0.1806, 0.1206
0.1806, 0.1206
0.1806, 0.1206
0.1806, 0.1233
0.1806, 0.1233
0.1806, 0.1233
0.1806, 0.1233
0.1806, 0.1233
0.1806, 0.1233
0.1806, 0.1260
0.1806, 0.1260
0.1806, 0.1260
0.1806, 0.1260
0.1806, 0.1260
0.1806, 0.1260
0.1806, 0.1260
0.1806, 0.1260
0.1806, 0.1260
0.1806, 0.1260
0.1806, 0.1287
0.1806, 0.1287
0.1806, 0.1287
0.1806, 0.1287
0.1806, 0.1287
0.1806, 0.1287
0.1806, 0.1314
0.1806, 0.1314
0.1806, 0.1314
0.1806, 0.1340
0.1806, 0.1340
0.1806, 0.1340
0.1806, 0.1340
0.1806, 0.1340
0.1806, 0.1340
0.1806, 0.1340
0.1806, 0.1340
0.1806, 0.1340
0.1806, 0.1340
0.1806, 0.1340
0.1806, 0.1340
0.1847, 0.1367
0.1847, 0.1367
0.1847, 0.1367
0.1847, 0.1394
0.1847, 0.1394
0.1847, 0.1394
0.1847, 0.1394
0.1847, 0.1394
0.1847, 0.1394
0.1847, 0.1394
0.1847, 0.1394
0.1847, 0.1394
0.1847, 0.1421
0.1847, 0.1421
0.1847, 0.1421
0.1847, 0.1448
0.1847, 0.1448
0.1847, 0.1448
0.1887, 0.1448
0.1887, 0.1448
0.1887, 0.1448
0.1887, 0.1475
0.1887, 0.1475
0.1887, 0.1475
0.1887, 0.1475
0.1887, 0.1475
0.1887, 0.1475
0.1887, 0.1475
0.1887, 0.1475
0.1887, 0.1475
0.1887, 0.1475
0.1887, 0.1475
0.1887, 0.1475
0.1887, 0.1475
0.1887, 0.1475
0.1887, 0.1475
0.1887, 0.1475
0.1887, 0.1501
0.1887, 0.1501
0.1887, 0.1501
0.1887, 0.1501
0.1887, 0.1501
0.1887, 0.1528
0.1887, 0.1528
0.1887, 0.1528
0.1887, 0.1528
0.1887, 0.1528
0.1887, 0.1528
0.1887, 0.1528
0.1887, 0.1528
0.1887, 0.1528
0.1887, 0.1528
0.1887, 0.1528
0.1887, 0.1528
0.1887, 0.1528
0.1887, 0.1555
0.1887, 0.1555
0.1887, 0.1555
0.1887, 0.1555
0.1887, 0.1555
0.1887, 0.1555
0.1929, 0.1582
0.1929, 0.1582
0.1929, 0.1582
0.1929, 0.1582
0.1929, 0.1582
0.1929, 0.1582
0.1929, 0.1609
0.1929, 0.1609
0.1929, 0.1609
0.1929, 0.1609
0.1929, 0.1609
0.1929, 0.1609
0.1929, 0.1609
0.1929, 0.1609
0.1929, 0.1609
0.1929, 0.1609
0.1929, 0.1609
0.1929, 0.1609
0.1929, 0.1609
0.1929, 0.1635
0.1929, 0.1635
0.1929, 0.1635
0.1969, 0.1635
0.1969, 0.1635
0.1969, 0.1635
0.1969, 0.1662
0.1969, 0.1662
0.1969, 0.1662
0.1969, 0.1662
0.1969, 0.1662
0.1969, 0.1662
0.1969, 0.1662
0.1969, 0.1662
0.1969, 0.1662
0.1969, 0.1662
0.1969, 0.1662
0.1969, 0.1662
0.1969, 0.1689
0.1969, 0.1689
0.1969, 0.1689
0.1969, 0.1689
0.1969, 0.1689
0.1969, 0.1689
0.1969, 0.1716
0.1969, 0.1716
0.1969, 0.1716
0.1969, 0.1716
0.1969, 0.1716
0.1969, 0.1743
0.1969, 0.1743
0.1969, 0.1743
0.2010, 0.1743
0.2010, 0.1743
0.2010, 0.1743
0.2010, 0.1769
0.2010, 0.1769
0.2010, 0.1769
0.2010, 0.1769
0.2010, 0.1769
0.2010, 0.1769
0.2010, 0.1796
0.2010, 0.1796
0.2010, 0.1796
0.2010, 0.1796
0.2010, 0.1796
0.2010, 0.1796
0.2010, 0.1796
0.2010, 0.1796
0.2010, 0.1796
0.2052, 0.1823
0.2052, 0.1823
0.2052, 0.1823
0.2052, 0.1823
0.2052, 0.1823
0.2052, 0.1823
0.2052, 0.1850
0.2052, 0.1850
0.2052, 0.1850
0.2052, 0.1850
0.2052, 0.1850
0.2052, 0.1850
0.2052, 0.1850
0.2052, 0.1850
0.2092, 0.1877
0.2092, 0.1877
0.2092, 0.1877
0.2092, 0.1877
0.2092, 0.1877
0.2092, 0.1877
0.2092, 0.1903
0.2092, 0.1903
0.2092, 0.1903
0.2092, 0.1903
0.2092, 0.1903
0.2092, 0.1903
0.2092, 0.1930
0.2092, 0.1930
0.2092, 0.1930
0.2092, 0.1930
0.2092, 0.1930
0.2092, 0.1930
0.2092, 0.1930
0.2092, 0.1930
0.2092, 0.1930
0.2092, 0.1930
0.2092, 0.1930
0.2092, 0.1930
0.2092, 0.1930
0.2092, 0.1930
0.2092, 0.1957
0.2092, 0.1957
0.2092, 0.1957
0.2092, 0.1957
0.2092, 0.1957
0.2092, 0.1957
0.2092, 0.1984
0.2092, 0.1984
0.2092, 0.1984
0.2092, 0.1984
0.2092, 0.1984
0.2092, 0.1984
0.2092, 0.1984
0.2092, 0.1984
0.2092, 0.1984
0.2133, 0.2011
0.2133, 0.2011
0.2133, 0.2011
0.2133, 0.2011
0.2133, 0.2011
0.2133, 0.2011
0.2133, 0.2038
0.2133, 0.2038
0.2133, 0.2038
0.2133, 0.2038
0.2133, 0.2038
0.2133, 0.2038
0.2133, 0.2064
0.2133, 0.2064
0.2133, 0.2064
0.2133, 0.2064
0.2133, 0.2064
0.2133, 0.2064
0.2175, 0.2064
0.2175, 0.2064
0.2175, 0.2064
0.2175, 0.2064
0.2175, 0.2064
0.2175, 0.2064
0.2175, 0.2091
0.2175, 0.2091
0.2175, 0.2091
0.2175, 0.2091
0.2175, 0.2091
0.2175, 0.2091
0.2175, 0.2091
0.2175, 0.2091
0.2175, 0.2091
0.2175, 0.2118
0.2175, 0.2118
0.2175, 0.2118
0.2175, 0.2118
0.2175, 0.2118
0.2175, 0.2118
0.2175, 0.2118
0.2175, 0.2118
0.2175, 0.2118
0.2175, 0.2118
0.2175, 0.2118
0.2175, 0.2118
0.2175, 0.2145
0.2175, 0.2145
0.2175, 0.2145
0.2175, 0.2145
0.2175, 0.2145
0.2175, 0.2145
0.2175, 0.2145
0.2175, 0.2145
0.2175, 0.2172
0.2175, 0.2172
0.2175, 0.2172
0.2175, 0.2172
0.2175, 0.2172
0.2175, 0.2172
0.2175, 0.2198
0.2175, 0.2198
0.2175, 0.2198
0.2175, 0.2198
0.2175, 0.2198
0.2175, 0.2198
0.2175, 0.2198
0.2175, 0.2198
0.2175, 0.2198
0.2215, 0.2198
0.2215, 0.2198
0.2215, 0.2225
0.2215, 0.2225
0.2215, 0.2225
0.2215, 0.2225
0.2215, 0.2225
0.2215, 0.2225
0.2215, 0.2252
0.2215, 0.2252
0.2215, 0.2252
0.2215, 0.2252
0.2215, 0.2252
0.2215, 0.2252
0.2215, 0.2252
0.2215, 0.2252
0.2215, 0.2252
0.2256, 0.2252
0.2256, 0.2252
0.2256, 0.2252
0.2256, 0.2279
0.2256, 0.2279
0.2256, 0.2279
0.2256, 0.2306
0.2256, 0.2306
0.2256, 0.2306
0.2256, 0.2306
0.2256, 0.2306
0.2256, 0.2306
0.2256, 0.2332
0.2256, 0.2332
0.2256, 0.2332
0.2297, 0.2332
0.2297, 0.2332
0.2297, 0.2332
0.2297, 0.2332
0.2297, 0.2332
0.2297, 0.2359
0.2297, 0.2359
0.2297, 0.2359
0.2297, 0.2359
0.2297, 0.2359
0.2297, 0.2359
0.2297, 0.2386
0.2297, 0.2386
0.2297, 0.2386
0.2297, 0.2386
0.2297, 0.2386
0.2297, 0.2386
0.2297, 0.2386
0.2297, 0.2386
0.2297, 0.2386
0.2297, 0.2386
0.2297, 0.2386
0.2297, 0.2386
0.2297, 0.2413
0.2297, 0.2413
0.2297, 0.2413
0.2297, 0.2413
0.2297, 0.2413
0.2297, 0.2413
0.2297, 0.2440
0.2297, 0.2440
0.2297, 0.2440
0.2297, 0.2440
0.2297, 0.2440
0.2297, 0.2440
0.2297, 0.2466
0.2297, 0.2466
0.2297, 0.2466
0.2338, 0.2466
0.2338, 0.2466
0.2338, 0.2466
0.2338, 0.2466
0.2338, 0.2466
0.2338, 0.2466
0.2338, 0.2466
0.2338, 0.2466
0.2338, 0.2466
0.2338, 0.2466
0.2338, 0.2466
0.2338, 0.2466
0.2338, 0.2493
0.2338, 0.2493
0.2338, 0.2493
0.2338, 0.2493
0.2338, 0.2493
0.2338, 0.2520
0.2338, 0.2520
0.2338, 0.2520
0.2338, 0.2520
0.2338, 0.2520
0.2338, 0.2520
0.2379, 0.2520
0.2379, 0.2520
0.2379, 0.2520
0.2379, 0.2520
0.2379, 0.2520
0.2379, 0.2520
0.2379, 0.2520
0.2379, 0.2520
0.2379, 0.2520
0.2379, 0.2547
0.2379, 0.2547
0.2379, 0.2547
0.2379, 0.2547
0.2379, 0.2547
0.2379, 0.2547
0.2379, 0.2547
0.2379, 0.2547
0.2379, 0.2547
0.2379, 0.2574
0.2379, 0.2574
0.2379, 0.2574
0.2379, 0.2574
0.2379, 0.2574
0.2379, 0.2574
0.2379, 0.2574
0.2379, 0.2574
0.2379, 0.2574
0.2379, 0.2574
0.2379, 0.2574
0.2379, 0.2574
0.2379, 0.2574
0.2379, 0.2574
0.2379, 0.2601
0.2379, 0.2601
0.2379, 0.2601
0.2379, 0.2601
0.2379, 0.2601
0.2379, 0.2601
0.2419, 0.2627
0.2419, 0.2627
0.2419, 0.2627
0.2419, 0.2627
0.2419, 0.2627
0.2419, 0.2627
0.2419, 0.2627
0.2419, 0.2627
0.2419, 0.2627
0.2419, 0.2654
0.2419, 0.2654
0.2419, 0.2654
0.2419, 0.2654
0.2419, 0.2654
0.2419, 0.2654
0.2419, 0.2654
0.2419, 0.2654
0.2419, 0.2654
0.2419, 0.2654
0.2419, 0.2654
0.2419, 0.2654
0.2461, 0.2654
0.2461, 0.2654
0.2461, 0.2681
0.2461, 0.2681
0.2461, 0.2681
0.2461, 0.2681
0.2461, 0.2681
0.2461, 0.2681
0.2461, 0.2708
0.2461, 0.2708
0.2461, 0.2708
0.2461, 0.2708
0.2461, 0.2708
0.2461, 0.2708
0.2502, 0.2708
0.2502, 0.2708
0.2502, 0.2708
0.2502, 0.2708
0.2502, 0.2708
0.2502, 0.2708
0.2502, 0.2708
0.2502, 0.2708
0.2502, 0.2708
0.2502, 0.2735
0.2502, 0.2735
0.2502, 0.2735
0.2502, 0.2735
0.2502, 0.2735
0.2502, 0.2761
0.2502, 0.2761
0.2502, 0.2761
0.2502, 0.2761
0.2502, 0.2761
0.2502, 0.2761
0.2502, 0.2761
0.2502, 0.2761
0.2502, 0.2788
0.2502, 0.2788
0.2502, 0.2788
0.2502, 0.2788
0.2502, 0.2788
0.2502, 0.2788
0.2502, 0.2788
0.2502, 0.2788
0.2502, 0.2788
0.2542, 0.2788
0.2542, 0.2788
0.2542, 0.2788
0.2542, 0.2815
0.2542, 0.2815
0.2542, 0.2815
0.2542, 0.2815
0.2542, 0.2815
0.2542, 0.2815
0.2542, 0.2815
0.2542, 0.2815
0.2542, 0.2842
0.2542, 0.2842
0.2542, 0.2842
0.2584, 0.2842
0.2584, 0.2842
0.2584, 0.2842
0.2584, 0.2842
0.2584, 0.2842
0.2584, 0.2842
0.2584, 0.2842
0.2584, 0.2842
0.2584, 0.2869
0.2584, 0.2869
0.2584, 0.2869
0.2584, 0.2869
0.2584, 0.2869
0.2584, 0.2869
0.2584, 0.2869
0.2584, 0.2869
0.2584, 0.2869
0.2584, 0.2895
0.2584, 0.2895
0.2584, 0.2895
0.2584, 0.2895
0.2584, 0.2895
0.2584, 0.2895
0.2584, 0.2922
0.2584, 0.2922
0.2584, 0.2922
0.2584, 0.2922
0.2584, 0.2922
0.2584, 0.2922
0.2584, 0.2922
0.2584, 0.2922
0.2584, 0.2922
0.2584, 0.2922
0.2584, 0.2922
0.2625, 0.2922
0.2625, 0.2922
0.2625, 0.2922
0.2625, 0.2922
0.2625, 0.2922
0.2625, 0.2922
0.2625, 0.2922
0.2625, 0.2922
0.2625, 0.2922
0.2625, 0.2949
0.2625, 0.2949
0.2625, 0.2949
0.2625, 0.2949
0.2625, 0.2949
0.2665, 0.2949
0.2665, 0.2949
0.2665, 0.2949
0.2665, 0.2976
0.2665, 0.2976
0.2665, 0.2976
0.2665, 0.2976
0.2665, 0.2976
0.2665, 0.2976
0.2665, 0.2976
0.2665, 0.2976
0.2665, 0.3003
0.2665, 0.3003
0.2665, 0.3003
0.2665, 0.3003
0.2665, 0.3003
0.2665, 0.3003
0.2707, 0.3029
0.2707, 0.3029
0.2707, 0.3029
0.2707, 0.3029
0.2707, 0.3029
0.2707, 0.3029
0.2707, 0.3056
0.2707, 0.3056
0.2707, 0.3056
0.2707, 0.3056
0.2707, 0.3056
0.2707, 0.3056
0.2707, 0.3056
0.2707, 0.3056
0.2748, 0.3056
0.2748, 0.3056
0.2748, 0.3056
0.2748, 0.3056
0.2748, 0.3056
0.2748, 0.3056
0.2748, 0.3056
0.2748, 0.3056
0.2748, 0.3056
0.2748, 0.3056
0.2748, 0.3056
0.2748, 0.3083
0.2748, 0.3083
0.2788, 0.3083
0.2788, 0.3083
0.2788, 0.3083
0.2788, 0.3110
0.2788, 0.3110
0.2788, 0.3110
0.2788, 0.3110
0.2788, 0.3110
0.2788, 0.3110
0.2788, 0.3110
0.2788, 0.3110
0.2788, 0.3110
0.2788, 0.3110
0.2788, 0.3110
0.2788, 0.3137
0.2788, 0.3137
0.2788, 0.3137
0.2830, 0.3164
0.2830, 0.3164
0.2830, 0.3164
0.2830, 0.3164
0.2830, 0.3164
0.2830, 0.3190
0.2830, 0.3190
0.2830, 0.3190
0.2871, 0.3190
0.2871, 0.3190
0.2871, 0.3190
0.2871, 0.3190
0.2871, 0.3190
0.2871, 0.3190
0.2871, 0.3190
0.2871, 0.3190
0.2871, 0.3217
0.2871, 0.3217
0.2871, 0.3217
0.2871, 0.3217
0.2871, 0.3217
0.2871, 0.3217
0.2871, 0.3217
0.2871, 0.3217
0.2871, 0.3217
0.2871, 0.3244
0.2871, 0.3244
0.2871, 0.3244
0.2871, 0.3244
0.2871, 0.3244
0.2911, 0.3244
0.2911, 0.3244
0.2911, 0.3244
0.2911, 0.3244
0.2911, 0.3244
0.2911, 0.3271
0.2911, 0.3271
0.2911, 0.3271
0.2952, 0.3271
0.2952, 0.3271
0.2952, 0.3298
0.2952, 0.3298
0.2952, 0.3298
0.2952, 0.3324
0.2952, 0.3324
0.2952, 0.3324
0.2994, 0.3324
0.2994, 0.3324
0.2994, 0.3324
0.2994, 0.3324
0.2994, 0.3324
0.2994, 0.3324
0.2994, 0.3324
0.2994, 0.3324
0.2994, 0.3351
0.2994, 0.3351
0.2994, 0.3351
0.2994, 0.3351
0.2994, 0.3351
0.2994, 0.3351
0.2994, 0.3351
0.2994, 0.3351
0.3034, 0.3378
0.3034, 0.3378
0.3034, 0.3378
0.3034, 0.3378
0.3034, 0.3378
0.3034, 0.3378
0.3034, 0.3378
0.3034, 0.3378
0.3034, 0.3378
0.3075, 0.3405
0.3075, 0.3405
0.3075, 0.3405
0.3075, 0.3405
0.3075, 0.3405
0.3075, 0.3432
0.3075, 0.3432
0.3075, 0.3432
0.3075, 0.3432
0.3075, 0.3432
0.3075, 0.3432
0.3075, 0.3432
0.3075, 0.3432
0.3116, 0.3432
0.3116, 0.3432
0.3116, 0.3432
0.3116, 0.3458
0.3116, 0.3458
0.3116, 0.3458
0.3116, 0.3458
0.3116, 0.3458
0.3116, 0.3458
0.3157, 0.3485
0.3157, 0.3485
0.3157, 0.3485
0.3157, 0.3485
0.3157, 0.3485
0.3157, 0.3512
0.3157, 0.3512
0.3157, 0.3512
0.3198, 0.3512
0.3198, 0.3512
0.3198, 0.3512
0.3198, 0.3512
0.3198, 0.3512
0.3198, 0.3512
0.3198, 0.3512
0.3198, 0.3512
0.3198, 0.3512
0.3198, 0.3512
0.3198, 0.3539
0.3198, 0.3539
0.3198, 0.3539
0.3198, 0.3539
0.3198, 0.3539
0.3198, 0.3539
0.3198, 0.3566
0.3198, 0.3566
0.3239, 0.3566
0.3239, 0.3566
0.3239, 0.3566
0.3239, 0.3566
0.3239, 0.3566
0.3239, 0.3566
0.3239, 0.3566
0.3239, 0.3566
0.3239, 0.3566
0.3280, 0.3566
0.3280, 0.3566
0.3280, 0.3566
0.3280, 0.3566
0.3280, 0.3566
0.3280, 0.3592
0.3280, 0.3592
0.3280, 0.3592
0.3280, 0.3592
0.3280, 0.3592
0.3280, 0.3619
0.3280, 0.3619
0.3280, 0.3619
0.3321, 0.3619
0.3321, 0.3619
0.3321, 0.3646
0.3321, 0.3646
0.3321, 0.3646
0.3362, 0.3646
0.3362, 0.3646
0.3362, 0.3646
0.3362, 0.3646
0.3362, 0.3646
0.3362, 0.3646
0.3362, 0.3646
0.3362, 0.3646
0.3403, 0.3646
0.3403, 0.3646
0.3403, 0.3646
0.3403, 0.3673
0.3403, 0.3673
0.3403, 0.3673
0.3403, 0.3673
0.3403, 0.3673
0.3403, 0.3673
0.3403, 0.3673
0.3403, 0.3673
0.3444, 0.3700
0.3444, 0.3700
0.3444, 0.3700
0.3444, 0.3700
0.3485, 0.3700
0.3485, 0.3700
0.3485, 0.3700
0.3485, 0.3700
0.3485, 0.3700
0.3485, 0.3700
0.3485, 0.3700
0.3485, 0.3727
0.3485, 0.3727
0.3485, 0.3727
0.3485, 0.3727
0.3526, 0.3753
0.3526, 0.3753
0.3567, 0.3753
0.3567, 0.3753
0.3567, 0.3753
0.3567, 0.3753
0.3607, 0.3780
0.3607, 0.3780
0.3607, 0.3780
0.3607, 0.3780
0.3607, 0.3780
0.3607, 0.3780
0.3607, 0.3780
0.3607, 0.3780
0.3607, 0.3780
0.3649, 0.3780
0.3649, 0.3780
0.3649, 0.3807
0.3649, 0.3807
0.3649, 0.3807
0.3649, 0.3807
0.3649, 0.3807
0.3689, 0.3807
0.3689, 0.3807
0.3689, 0.3807
0.3689, 0.3807
0.3689, 0.3834
0.3689, 0.3834
0.3689, 0.3834
0.3689, 0.3834
0.3689, 0.3834
0.3689, 0.3834
0.3689, 0.3834
0.3730, 0.3834
0.3730, 0.3834
0.3730, 0.3834
0.3730, 0.3834
0.3730, 0.3834
0.3772, 0.3861
0.3772, 0.3861
0.3772, 0.3861
0.3772, 0.3861
0.3812, 0.3861
0.3812, 0.3861
0.3812, 0.3887
0.3812, 0.3887
0.3812, 0.3887
0.3812, 0.3887
0.3812, 0.3887
0.3812, 0.3887
0.3812, 0.3887
0.3853, 0.3914
0.3853, 0.3914
0.3895, 0.3914
0.3895, 0.3914
0.3895, 0.3914
0.3895, 0.3914
0.3895, 0.3914
0.3895, 0.3914
0.3935, 0.3941
0.3935, 0.3941
0.3976, 0.3941
0.3976, 0.3941
0.3976, 0.3941
0.3976, 0.3941
0.3976, 0.3941
0.3976, 0.3968
0.3976, 0.3968
0.3976, 0.3968
0.3976, 0.3968
0.4018, 0.3968
0.4018, 0.3968
0.4058, 0.3968
0.4058, 0.3968
0.4058, 0.3968
0.4058, 0.3968
0.4058, 0.3968
0.4058, 0.3968
0.4058, 0.3968
0.4099, 0.3968
0.4099, 0.3968
0.4099, 0.3995
0.4099, 0.3995
0.4099, 0.3995
0.4099, 0.3995
0.4140, 0.3995
0.4140, 0.3995
0.4140, 0.4021
0.4140, 0.4021
0.4181, 0.4021
0.4181, 0.4021
0.4181, 0.4021
0.4181, 0.4021
0.4181, 0.4021
0.4222, 0.4048
0.4222, 0.4048
0.4262, 0.4048
0.4262, 0.4048
0.4262, 0.4048
0.4262, 0.4048
0.4304, 0.4048
0.4304, 0.4048
0.4304, 0.4048
0.4345, 0.4048
0.4385, 0.4075
0.4385, 0.4075
0.4427, 0.4075
0.4427, 0.4075
0.4508, 0.4102
0.4508, 0.4102
0.4550, 0.4102
0.4550, 0.4102
0.4550, 0.4102
0.4591, 0.4102
0.4591, 0.4102
0.4591, 0.4102
0.4591, 0.4102
0.4631, 0.4102
0.4631, 0.4102
0.4631, 0.4129
0.4631, 0.4129
0.4673, 0.4129
0.4673, 0.4129
0.4714, 0.4129
0.4714, 0.4129
0.4714, 0.4129
0.4714, 0.4129
0.4754, 0.4155
0.4754, 0.4155
0.4754, 0.4155
0.4754, 0.4155
0.4754, 0.4155
0.4795, 0.4155
0.4795, 0.4155
0.4795, 0.4182
0.4795, 0.4182
0.4836, 0.4182
0.4836, 0.4182
0.4877, 0.4182
0.4877, 0.4182
0.4877, 0.4182
0.4877, 0.4182
0.4877, 0.4182
0.4918, 0.4182
0.4918, 0.4182
0.4918, 0.4182
0.4918, 0.4182
0.4918, 0.4182
0.4918, 0.4182
0.4959, 0.4209
0.4959, 0.4209
0.5000, 0.4209
0.5000, 0.4209
0.5000, 0.4209
0.5000, 0.4209
0.5000, 0.4209
0.5000, 0.4209
0.5000, 0.4209
0.5041, 0.4236
0.5041, 0.4236
0.5082, 0.4236
0.5082, 0.4236
0.5123, 0.4236
0.5123, 0.4236
0.5123, 0.4236
0.5123, 0.4236
0.5164, 0.4236
0.5164, 0.4236
0.5205, 0.4263
0.5205, 0.4263
0.5205, 0.4263
0.5205, 0.4263
0.5246, 0.4263
0.5246, 0.4263
0.5246, 0.4263
0.5286, 0.4290
0.5286, 0.4290
0.5286, 0.4290
0.5286, 0.4290
0.5286, 0.4290
0.5286, 0.4290
0.5327, 0.4290
0.5327, 0.4290
0.5369, 0.4290
0.5369, 0.4290
0.5409, 0.4290
0.5409, 0.4290
0.5409, 0.4290
0.5409, 0.4290
0.5409, 0.4290
0.5450, 0.4316
0.5450, 0.4316
0.5450, 0.4316
0.5450, 0.4316
0.5492, 0.4316
0.5492, 0.4316
0.5492, 0.4316
0.5492, 0.4316
0.5532, 0.4343
0.5532, 0.4343
0.5532, 0.4343
0.5532, 0.4343
0.5573, 0.4343
0.5573, 0.4343
0.5615, 0.4343
0.5615, 0.4343
0.5615, 0.4370
0.5615, 0.4370
0.5615, 0.4370
0.5615, 0.4370
0.5615, 0.4370
0.5655, 0.4370
0.5655, 0.4370
0.5696, 0.4370
0.5696, 0.4370
0.5696, 0.4370
0.5696, 0.4370
0.5738, 0.4370
0.5738, 0.4370
0.5778, 0.4370
0.5778, 0.4370
0.5819, 0.4370
0.5819, 0.4370
0.5819, 0.4370
0.5819, 0.4370
0.5819, 0.4397
0.5819, 0.4397
0.5860, 0.4397
0.5860, 0.4397
0.5860, 0.4397
0.5860, 0.4397
0.5901, 0.4397
0.5901, 0.4397
0.5901, 0.4397
0.5901, 0.4397
0.5901, 0.4397
0.5942, 0.4424
0.5942, 0.4424
0.5982, 0.4424
0.5982, 0.4424
0.6024, 0.4424
0.6024, 0.4424
0.6024, 0.4424
0.6024, 0.4424
0.6024, 0.4424
0.6024, 0.4424
0.6065, 0.4424
0.6065, 0.4424
0.6105, 0.4424
0.6105, 0.4424
0.6105, 0.4424
0.6105, 0.4424
0.6105, 0.4424
0.6105, 0.4424
0.6105, 0.4424
0.6105, 0.4450
0.6105, 0.4450
0.6105, 0.4450
0.6105, 0.4450
0.6147, 0.4450
0.6147, 0.4450
0.6147, 0.4450
0.6147, 0.4450
0.6147, 0.4450
0.6147, 0.4450
0.6147, 0.4450
0.6188, 0.4450
0.6188, 0.4450
0.6188, 0.4450
0.6188, 0.4450
0.6188, 0.4450
0.6188, 0.4450
0.6188, 0.4477
0.6188, 0.4477
0.6188, 0.4477
0.6188, 0.4477
0.6188, 0.4477
0.6188, 0.4477
0.6188, 0.4477
0.6188, 0.4477
0.6188, 0.4477
0.6228, 0.4477
0.6228, 0.4477
0.6228, 0.4477
0.6228, 0.4477
0.6228, 0.4477
0.6228, 0.4477
0.6228, 0.4477
0.6228, 0.4477
0.6228, 0.4477
0.6228, 0.4477
0.6228, 0.4477
0.6228, 0.4477
0.6228, 0.4477
0.6228, 0.4477
0.6228, 0.4477
0.6228, 0.4477
0.6228, 0.4477
0.6228, 0.4477
0.6228, 0.4477
0.6228, 0.4477
0.6228, 0.4477
0.6228, 0.4477
0.6228, 0.4477
0.6228, 0.4477
0.6228, 0.4477
0.6228, 0.4477
0.6228, 0.4477
0.6228, 0.4477
0.6228, 0.4477
0.6228, 0.4477
0.6228, 0.4477
0.6228, 0.4477
0.6228, 0.4477
0.6228, 0.4477
0.6228, 0.4477
0.6228, 0.4477
0.6228, 0.4477
0.6228, 0.4477
0.6228, 0.4477
0.6228, 0.4477
0.6228, 0.4477
0.6228, 0.4477
0.6228, 0.4477
0.6228, 0.4477
0.6228, 0.4477
0.6228, 0.4477
0.6228, 0.4477
0.6228, 0.4477
0.6228, 0.4477
0.6228, 0.4477
0.6228, 0.4477
0.6228, 0.4477
0.6228, 0.4477
0.6228, 0.4477
0.6228, 0.4477
0.6228, 0.4477
0.6228, 0.4477
0.6228, 0.4477
0.6228, 0.4477
0.6228, 0.4477
0.6228, 0.4477
0.6228, 0.4477
0.6228, 0.4477
0.6228, 0.4477
0.6228, 0.4477
0.6228, 0.4477
0.6228, 0.4477
0.6228, 0.4477
0.6228, 0.4477
0.6228, 0.4477
0.6228, 0.4477
0.6228, 0.4477
0.6228, 0.4477
0.6228, 0.4477
0.6228, 0.4477
0.6228, 0.4477
0.6228, 0.4477
0.6228, 0.4477
0.6228, 0.4477
0.6228, 0.4477
0.6228, 0.4477
0.6228, 0.4477
0.6228, 0.4477
0.6228, 0.4477
0.6228, 0.4477
0.6228, 0.4477
0.6228, 0.4477
0.6228, 0.4477
0.6228, 0.4477
0.6228, 0.4477
0.6228, 0.4477
0.6228, 0.4477
0.6228, 0.4477
0.6228, 0.4477
0.6228, 0.4477
0.6228, 0.4477
0.6228, 0.4477
0.6228, 0.4477
0.6228, 0.4477
0.6228, 0.4477
0.6228, 0.4477
0.6228, 0.4477
0.6228, 0.4477
0.6228, 0.4477
0.6228, 0.4477
0.6228, 0.4477
0.6228, 0.4477
0.6228, 0.4477
0.6228, 0.4477
0.6228, 0.4477
0.6228, 0.4477
0.6228, 0.4477
0.6228, 0.4477
0.6228, 0.4477
0.6228, 0.4477
0.6228, 0.4477
0.6228, 0.4477
0.6228, 0.4477
0.6228, 0.4477
0.6228, 0.4477
0.6228, 0.4477
0.6228, 0.4477
0.6228, 0.4477
0.6228, 0.4477
0.6228, 0.4477
0.6228, 0.4477
0.6228, 0.4477
0.6228, 0.4477
0.6228, 0.4477
0.6228, 0.4477
0.6228, 0.4477
0.6228, 0.4477
0.6228, 0.4477
0.6228, 0.4477
0.6228, 0.4477
0.6228, 0.4477
0.6228, 0.4477
0.6228, 0.4477
0.6228, 0.4477
0.6228, 0.4477
0.6228, 0.4477
0.6228, 0.4477
0.6228, 0.4477
0.6228, 0.4477
0.6228, 0.4477
0.6228, 0.4477
0.6228, 0.4477
0.6228, 0.4477

0.5778, 0.0751
0.5778, 0.0751
0.5778, 0.0751
0.5778, 0.0751
0.5778, 0.0751
0.5778, 0.0751
0.5778, 0.0751
0.5778, 0.0751
0.5778, 0.0751
0.5778, 0.0751
0.5778, 0.0751
0.5778, 0.0751
0.5778, 0.0751
0.5778, 0.0751
0.5778, 0.0751
0.5778, 0.0751
0.5778, 0.0751
0.5778, 0.0751
0.5778, 0.0751
0.5778, 0.0751
0.5778, 0.0751
0.5778, 0.0751
0.5778, 0.0751
0.5778, 0.0751
0.5778, 0.0751
0.5778, 0.0751
0.5778, 0.0751
0.5778, 0.0751
0.5778, 0.0751
0.5778, 0.0751
0.5778, 0.0751
0.5778, 0.0751
0.5778, 0.0751
0.5778, 0.0751
0.5778, 0.0751
0.5778, 0.0751
0.5778, 0.0751
0.5778, 0.0751
0.5778, 0.0751
0.5778, 0.0751
0.5778, 0.0751
0.5778, 0.0751
0.5778, 0.0751
0.5778, 0.0751
0.5778, 0.0751
0.5778, 0.0751
0.5778, 0.0751
0.5778, 0.0751
0.5778, 0.0751
0.5778, 0.0751
0.5778, 0.0751
0.5778, 0.0751
0.5778, 0.0751
0.5778, 0.0751
0.5778, 0.0751
0.5778, 0.0751
0.5778, 0.0751
0.5778, 0.0751
0.5778, 0.0751
0.5778, 0.0751
0.5778, 0.0751
0.5778, 0.0751
0.5778, 0.0751
0.5778, 0.0751
0.5778, 0.0751
0.5778, 0.0751
0.5778, 0.0751
0.5778, 0.0751
0.5778, 0.0751
0.5778, 0.0751
0.5778, 0.0751
0.5778, 0.0751
0.5778, 0.0751
0.5778, 0.0751
0.5778, 0.0751
0.5778, 0.0751
0.5778, 0.0751
0.5778, 0.0751
0.5778, 0.0751
0.5778, 0.0751
0.5778, 0.0751
0.5778, 0.0751
0.5778, 0.0751
0.5778, 0.0751
0.5778, 0.0751
0.5778, 0.0751
0.5778, 0.0751
0.5778, 0.0751
0.5778, 0.0751
0.5778, 0.0751
0.5778, 0.0751
0.5778, 0.0751
0.5778, 0.0751
0.5778, 0.0751
0.5778, 0.0751
0.5778, 0.0751
0.5778, 0.0751
0.5778, 0.0751
0.5778, 0.0751
0.5778, 0.0751
0.5778, 0.0751
0.5778, 0.0724
0.5778, 0.0724
0.5778, 0.0724
0.5778, 0.0724
0.5778, 0.0724
0.5778, 0.0724
0.5778, 0.0724
0.5778, 0.0724
0.5778, 0.0724
0.5778, 0.0724
0.5778, 0.0697
0.5778, 0.0697
0.5778, 0.0697
0.5778, 0.0697
0.5778, 0.0697
0.5778, 0.0697
0.5778, 0.0697
0.5778, 0.0697
0.5778, 0.0697
0.5778, 0.0697
0.5778, 0.0697
0.5778, 0.0697
0.5778, 0.0697
0.5778, 0.0697
0.5778, 0.0697
0.5778, 0.0697
0.5778, 0.0697
0.5778, 0.0697
0.5778, 0.0697
0.5778, 0.0697
0.5778, 0.0670
0.5778, 0.0670
0.5778, 0.0670
0.5778, 0.0670
0.5778, 0.0670
0.5778, 0.0670
0.5778, 0.0670
0.5778, 0.0670
0.5778, 0.0670
0.5778, 0.0670
0.5778, 0.0670
0.5778, 0.0670
0.5778, 0.0670
0.5778, 0.0643
0.5778, 0.0643
0.5778, 0.0643
0.5778, 0.0643
0.5778, 0.0643
0.5778, 0.0643
0.5778, 0.0643
0.5778, 0.0643
0.5778, 0.0643
0.5778, 0.0643
0.5778, 0.0643
0.5778, 0.0643
0.5778, 0.0643
0.5778, 0.0643
0.5778, 0.0643
0.5778, 0.0643
0.5778, 0.0643
0.5778, 0.0617
0.5778, 0.0617
0.5778, 0.0617
0.5778, 0.0617
0.5778, 0.0617
0.5778, 0.0617
0.5778, 0.0617
0.5778, 0.0617
0.5778, 0.0617
0.5778, 0.0590
0.5778, 0.0590
0.5778, 0.0590
0.5778, 0.0590
0.5778, 0.0590
0.5778, 0.0590
0.5778, 0.0590
0.5819, 0.0563
0.5819, 0.0563
0.5819, 0.0563
0.5819, 0.0563
0.5819, 0.0563
0.5819, 0.0563
0.5819, 0.0563
0.5819, 0.0563
0.5819, 0.0563
0.5819, 0.0563
0.5819, 0.0563
0.5819, 0.0563
0.5819, 0.0563
0.5819, 0.0563
0.5819, 0.0563
0.5819, 0.0563
0.5819, 0.0563
0.5819, 0.0563
0.5819, 0.0563
0.5819, 0.0536
0.5819, 0.0536
0.5819, 0.0536
0.5860, 0.0536
0.5860, 0.0536
0.5860, 0.0536
0.5860, 0.0509
0.5860, 0.0509
0.5860, 0.0509
0.5860, 0.0509
0.5860, 0.0509
0.5860, 0.0509
0.5860, 0.0509
0.5860, 0.0509
0.5860, 0.0509
0.5860, 0.0509
0.5860, 0.0509
0.5860, 0.0509
0.5860, 0.0509
0.5860, 0.0509
0.5860, 0.0509
0.5860, 0.0509
0.5860, 0.0509
0.5860, 0.0509
0.5860, 0.0509
0.5860, 0.0509
0.5860, 0.0509
0.5860, 0.0509
0.5860, 0.0509
0.5860, 0.0483
0.5860, 0.0483
0.5860, 0.0483
0.5860, 0.0483
0.5860, 0.0483
0.5860, 0.0483
0.5901, 0.0483
0.5901, 0.0483
0.5901, 0.0483
0.5901, 0.0456
0.5901, 0.0456
0.5901, 0.0456
0.5901, 0.0456
0.5901, 0.0456
0.5901, 0.0456
0.5901, 0.0456
0.5901, 0.0456
0.5901, 0.0456
0.5901, 0.0456
0.5901, 0.0456
0.5901, 0.0456
0.5901, 0.0456
0.5901, 0.0456
0.5901, 0.0456
0.5901, 0.0456
0.5901, 0.0456
0.5901, 0.0456
0.5901, 0.0456
0.5901, 0.0456
0.5942, 0.0456
0.5942, 0.0456
0.5942, 0.0456
0.5942, 0.0456
0.5942, 0.0456
0.5942, 0.0456
0.5942, 0.0456
0.5942, 0.0456
0.5942, 0.0456
0.5942, 0.0456
0.5942, 0.0456
0.5942, 0.0456
0.5942, 0.0456
0.5942, 0.0456
0.5942, 0.0456
0.5942, 0.0456
0.5942, 0.0456
0.5942, 0.0456
0.5942, 0.0456
0.5942, 0.0429
0.5942, 0.0429
0.5942, 0.0429
0.5942, 0.0429
0.5942, 0.0429
0.5942, 0.0429
0.5942, 0.0429
0.5942, 0.0429
0.5942, 0.0429
0.5942, 0.0429
0.5942, 0.0429
0.5942, 0.0429
0.5942, 0.0429
0.5942, 0.0429
0.5942, 0.0429
0.5942, 0.0429
0.5982, 0.0402
0.5982, 0.0402
0.5982, 0.0402
0.5982, 0.0402
0.5982, 0.0402
0.5982, 0.0402
0.5982, 0.0402
0.5982, 0.0402
0.5982, 0.0402
0.5982, 0.0402
0.5982, 0.0402
0.5982, 0.0402
0.5982, 0.0402
0.5982, 0.0402
0.5982, 0.0402
0.6024, 0.0375
0.6024, 0.0375
0.6024, 0.0375
0.6024, 0.0375
0.6024, 0.0375
0.6024, 0.0375
0.6024, 0.0375
0.6024, 0.0375
0.6024, 0.0375
0.6024, 0.0375
0.6024, 0.0375
0.6024, 0.0375
0.6024, 0.0375
0.6024, 0.0375
0.6024, 0.0375
0.6065, 0.0375
0.6065, 0.0375
0.6065, 0.0375
0.6065, 0.0375
0.6065, 0.0375
0.6065, 0.0375
0.6065, 0.0375
0.6065, 0.0375
0.6065, 0.0375
0.6065, 0.0375
0.6065, 0.0349
0.6065, 0.0349
0.6065, 0.0349
0.6065, 0.0349
0.6065, 0.0349
0.6065, 0.0349
0.6065, 0.0349
0.6065, 0.0349
0.6065, 0.0349
0.6065, 0.0349
0.6065, 0.0349
0.6065, 0.0349
0.6065, 0.0349
0.6065, 0.0349
0.6065, 0.0349
0.6065, 0.0349
0.6065, 0.0349
0.6065, 0.0349
0.6065, 0.0349
0.6065, 0.0322
0.6065, 0.0322
0.6065, 0.0322
0.6105, 0.0322
0.6105, 0.0322
0.6105, 0.0322
0.6105, 0.0322
0.6105, 0.0322
0.6105, 0.0322
0.6105, 0.0322
0.6105, 0.0322
0.6105, 0.0322
0.6105, 0.0322
0.6147, 0.0322
0.6147, 0.0322
0.6147, 0.0322
0.6147, 0.0322
0.6147, 0.0322
0.6147, 0.0322
0.6147, 0.0322
0.6147, 0.0322
0.6147, 0.0322
0.6147, 0.0322
0.6147, 0.0322
0.6147, 0.0322
0.6147, 0.0322
0.6147, 0.0322
0.6147, 0.0322
0.6147, 0.0295
0.6147, 0.0295
0.6147, 0.0295
0.6147, 0.0295
0.6147, 0.0295
0.6147, 0.0295
0.6188, 0.0295
0.6188, 0.0295
0.6188, 0.0295
0.6188, 0.0295
0.6188, 0.0295
0.6188, 0.0295
0.6188, 0.0268
0.6188, 0.0268
0.6188, 0.0268
0.6188, 0.0268
0.6188, 0.0268
0.6188, 0.0268
0.6228, 0.0268
0.6228, 0.0268
0.6228, 0.0268
0.6228, 0.0268
0.6228, 0.0268
0.6228, 0.0268
0.6228, 0.0268
0.6228, 0.0268
0.6228, 0.0268
0.6228, 0.0268
0.6228, 0.0241
0.6228, 0.0241
0.6270, 0.0241
0.6270, 0.0241
0.6270, 0.0241
0.6270, 0.0241
0.6270, 0.0241
0.6270, 0.0241
0.6270, 0.0241
0.6270, 0.0241
0.6270, 0.0241
0.6270, 0.0241
0.6270, 0.0241
0.6270, 0.0241
0.6270, 0.0241
0.6270, 0.0241
0.6270, 0.0241
0.6270, 0.0241
0.6270, 0.0241
0.6270, 0.0241
0.6311, 0.0214
0.6311, 0.0214
0.6311, 0.0214
0.6311, 0.0214
0.6311, 0.0214
0.6311, 0.0214
0.6311, 0.0214
0.6311, 0.0214
0.6311, 0.0214
0.6351, 0.0214
0.6351, 0.0214
0.6351, 0.0214
0.6351, 0.0188
0.6351, 0.0188
0.6351, 0.0188
0.6351, 0.0188
0.6351, 0.0188
0.6351, 0.0188
0.6351, 0.0188
0.6351, 0.0188
0.6351, 0.0188
0.6351, 0.0188
0.6351, 0.0188
0.6351, 0.0188
0.6351, 0.0188
0.6351, 0.0188
0.6351, 0.0188
0.6351, 0.0188
0.6351, 0.0188
0.6351, 0.0188
0.6351, 0.0188
0.6393, 0.0188
0.6393, 0.0188
0.6393, 0.0188
0.6393, 0.0188
0.6393, 0.0188
0.6393, 0.0188
0.6393, 0.0161
0.6393, 0.0161
0.6393, 0.0161
0.6434, 0.0161
0.6434, 0.0161
0.6434, 0.0161
0.6434, 0.0161
0.6434, 0.0161
0.6434, 0.0161
0.6434, 0.0161
0.6434, 0.0161
0.6434, 0.0161
0.6474, 0.0134
0.6474, 0.0134
0.6474, 0.0134
0.6474, 0.0134
0.6474, 0.0134
0.6474, 0.0134
0.6474, 0.0134
0.6474, 0.0134
0.6474, 0.0134
0.6474, 0.0107
0.6474, 0.0107
0.6474, 0.0107
0.6474, 0.0107
0.6474, 0.0107
0.6515, 0.0107
0.6515, 0.0107
0.6515, 0.0107
0.6515, 0.0107
0.6515, 0.0107
0.6515, 0.0107
0.6515, 0.0107
0.6515, 0.0107
0.6515, 0.0107
0.6556, 0.0107
0.6556, 0.0107
0.6556, 0.0107
0.6556, 0.0107
0.6556, 0.0107
0.6556, 0.0107
0.6556, 0.0107
0.6556, 0.0107
0.6556, 0.0107
0.6556, 0.0107
0.6556, 0.0107
0.6556, 0.0107
0.6556, 0.0107
0.6556, 0.0107
0.6556, 0.0107
0.6556, 0.0107
0.6556, 0.0107
0.6556, 0.0107
0.6556, 0.0107
0.6597, 0.0080
0.6597, 0.0080
0.6597, 0.0080
0.6597, 0.0080
0.6597, 0.0080
0.6597, 0.0080
0.6638, 0.0080
0.6638, 0.0080
0.6638, 0.0080
0.6638, 0.0080
0.6638, 0.0080
0.6638, 0.0080
0.6638, 0.0054
0.6638, 0.0054
0.6679, 0.0054
0.6679, 0.0054
0.6679, 0.0054
0.6679, 0.0054
0.6679, 0.0054
0.6679, 0.0054
0.6679, 0.0054
0.6679, 0.0054
0.6679, 0.0054
0.6679, 0.0054
0.6679, 0.0054
0.6679, 0.0054
0.6679, 0.0054
0.6679, 0.0054
0.6679, 0.0054
0.6720, 0.0054
0.6720, 0.0054
0.6720, 0.0054
0.6720, 0.0054
0.6720, 0.0054
0.6720, 0.0054
0.6761, 0.0054
0.6761, 0.0054
0.6761, 0.0054
0.6761, 0.0054
0.6761, 0.0054
0.6761, 0.0054
0.6761, 0.0054
0.6761, 0.0054
0.6761, 0.0054
0.6761, 0.0054
0.6761, 0.0054
0.6761, 0.0054
0.6802, 0.0054
0.6802, 0.0054
0.6802, 0.0054
0.6802, 0.0054
0.6802, 0.0054
0.6802, 0.0054
0.6802, 0.0054
0.6802, 0.0054
0.6802, 0.0054
0.6802, 0.0054
0.6802, 0.0054
0.6843, 0.0054
0.6843, 0.0054
0.6843, 0.0054
0.6843, 0.0027
0.6843, 0.0027
0.6843, 0.0027
0.6843, 0.0027
0.6843, 0.0027
0.6843, 0.0027
0.6843, 0.0027
0.6843, 0.0027
0.6843, 0.0027
0.6843, 0.0027
0.6843, 0.0027
0.6843, 0.0027
0.6884, 0.0027
0.6884, 0.0027
0.6884, 0.0027
0.6925, 0.0027
0.6925, 0.0027
0.6925, 0.0027
0.6925, 0.0027
0.6925, 0.0027
0.6966, 0.0027
0.6966, 0.0027
0.6966, 0.0027
0.6966, 0.0027
0.6966, 0.0027
0.6966, 0.0027
0.6966, 0.0027
0.6966, 0.0027
0.6966, 0.0027
0.6966, 0.0027
0.6966, 0.0027
0.6966, 0.0027
0.6966, 0.0027
0.6966, 0.0027
0.7006, 0.0027
0.7006, 0.0027
0.7006, 0.0027
0.7006, 0.0027
0.7006, 0.0027
0.7006, 0.0027
0.7006, 0.0027
0.7006, 0.0027
0.7006, 0.0027
0.7048, 0.0027
0.7048, 0.0027
0.7048, 0.0027
0.7048, 0.0027
0.7048, 0.0027
0.7048, 0.0027
0.7048, 0.0027
0.7048, 0.0027
0.7048, 0.0027
0.7048, 0.0027
0.7048, 0.0027
0.7048, 0.0027
0.7089, 0.0027
0.7089, 0.0027
0.7089, 0.0027
0.7089, 0.0027
0.7089, 0.0027
0.7089, 0.0027
0.7129, 0.0027
0.7129, 0.0027
0.7129, 0.0027
0.7129, 0.0027
0.7129, 0.0027
0.7129, 0.0027
0.7129, 0.0027
0.7129, 0.0027
0.7129, 0.0027
0.7170, 0.0027
0.7170, 0.0027
0.7170, 0.0027
0.7170, 0.0000
0.7170, 0.0000
0.7170, 0.0000
0.7170, 0.0000
0.7170, 0.0000
0.7170, 0.0000
0.7170, 0.0000
0.7170, 0.0000
0.7212, 0.0000
0.7212, 0.0000
0.7212, 0.0000
0.7212, 0.0000
0.7212, 0.0000
0.7212, 0.0000
0.7252, 0.0000
0.7252, 0.0000
0.7252, 0.0000
0.7252, 0.0000
0.7252, 0.0000
0.7252, 0.0000
0.7252, 0.0000
0.7252, 0.0000
0.7252, 0.0000
0.7252, 0.0000
0.7252, 0.0000
0.7293, 0.0000
0.7293, 0.0000
0.7293, 0.0000
0.7293, 0.0000
0.7293, 0.0000
0.7293, 0.0000
0.7293, 0.0000
0.7293, 0.0000
0.7293, 0.0000
0.7335, 0.0000
0.7335, 0.0000
0.7335, 0.0000
0.7335, 0.0000
0.7335, 0.0000
0.7335, 0.0000
0.7335, 0.0000
0.7335, 0.0000
0.7335, 0.0000
0.7375, 0.0000
0.7375, 0.0000
0.7375, 0.0000
0.7375, 0.0000
0.7375, 0.0000
0.7375, 0.0000
0.7375, 0.0000
0.7375, 0.0000
0.7375, 0.0000
0.7375, 0.0000
0.7375, 0.0000
0.7375, 0.0000
0.7416, 0.0000
0.7416, 0.0000
0.7416, 0.0000
0.7416, 0.0000
0.7416, 0.0000
0.7416, 0.0000
0.7458, 0.0000
0.7458, 0.0000
0.7458, 0.0000
0.7458, 0.0000
0.7458, 0.0000
0.7458, 0.0000
0.7458, 0.0000
0.7458, 0.0000
0.7458, 0.0000
0.7458, 0.0000
0.7458, 0.0000
0.7498, 0.0000
0.7498, 0.0000
0.7498, 0.0000
0.7498, 0.0000
0.7498, 0.0000
0.7539, 0.0000
0.7539, 0.0000
0.7539, 0.0000
0.7539, 0.0000
0.7539, 0.0000
0.7539, 0.0000
0.7581, 0.0000
0.7581, 0.0000
0.7581, 0.0000
0.7581, 0.0000
0.7581, 0.0000
0.7581, 0.0000
0.7621, 0.0000
0.7621, 0.0000
0.7621, 0.0000
0.7621, 0.0000
0.7621, 0.0000
0.7662, 0.0000
0.7662, 0.0000
0.7662, 0.0000
0.7662, 0.0000
0.7662, 0.0000
0.7662, 0.0000
0.7662, 0.0027
0.7662, 0.0027
0.7662, 0.0027
0.7662, 0.0027
0.7662, 0.0027
0.7662, 0.0027
0.7662, 0.0027
0.7662, 0.0027
0.7662, 0.0027
0.7703, 0.0027
0.7703, 0.0027
0.7703, 0.0027
0.7703, 0.0027
0.7703, 0.0027
0.7703, 0.0027
0.7703, 0.0027
0.7703, 0.0027
0.7744, 0.0027
0.7744, 0.0027
0.7744, 0.0027
0.7744, 0.0027
0.7744, 0.0027
0.7744, 0.0027
0.7785, 0.0027
0.7785, 0.0027
0.7785, 0.0027
0.7785, 0.0027
0.7785, 0.0027
0.7785, 0.0027
0.7785, 0.0027
0.7785, 0.0027
0.7785, 0.0054
0.7785, 0.0054
0.7825, 0.0054
0.7825, 0.0054
0.7825, 0.0054
0.7825, 0.0054
0.7825, 0.0054
0.7867, 0.0054
0.7867, 0.0054
0.7867, 0.0054
0.7867, 0.0080
0.7867, 0.0080
0.7867, 0.0080
0.7867, 0.0080
0.7867, 0.0080
0.7867, 0.0080
0.7867, 0.0080
0.7867, 0.0080
0.7867, 0.0080
0.7867, 0.0080
0.7867, 0.0080
0.7867, 0.0080
0.7908, 0.0080
0.7908, 0.0080
0.7908, 0.0080
0.7908, 0.0080
0.7908, 0.0080
0.7908, 0.0080
0.7948, 0.0080
0.7948, 0.0080
0.7948, 0.0080
0.7948, 0.0080
0.7948, 0.0080
0.7948, 0.0107
0.7948, 0.0107
0.7948, 0.0107
0.7990, 0.0107
0.7990, 0.0107
0.7990, 0.0107
0.7990, 0.0107
0.7990, 0.0107
0.7990, 0.0107
0.7990, 0.0107
0.7990, 0.0107
0.7990, 0.0134
0.7990, 0.0134
0.7990, 0.0134
0.7990, 0.0134
0.7990, 0.0134
0.7990, 0.0134
0.8031, 0.0134
0.8031, 0.0134
0.8071, 0.0161
0.8071, 0.0161
0.8071, 0.0161
0.8071, 0.0161
0.8071, 0.0161
0.8071, 0.0161
0.8071, 0.0161
0.8071, 0.0161
0.8071, 0.0161
0.8071, 0.0161
0.8071, 0.0161
0.8113, 0.0161
0.8113, 0.0161
0.8113, 0.0161
0.8113, 0.0161
0.8113, 0.0161
0.8113, 0.0161
0.8113, 0.0188
0.8113, 0.0188
0.8113, 0.0188
0.8153, 0.0188
0.8153, 0.0188
0.8153, 0.0188
0.8153, 0.0188
0.8153, 0.0188
0.8153, 0.0188
0.8153, 0.0188
0.8153, 0.0188
0.8153, 0.0214
0.8153, 0.0214
0.8153, 0.0214
0.8153, 0.0214
0.8153, 0.0214
0.8194, 0.0214
0.8194, 0.0214
0.8194, 0.0214
0.8194, 0.0214
0.8194, 0.0214
0.8194, 0.0214
0.8236, 0.0214
0.8236, 0.0214
0.8236, 0.0214
0.8236, 0.0214
0.8236, 0.0214
0.8236, 0.0214
0.8276, 0.0241
0.8276, 0.0241
0.8276, 0.0241
0.8276, 0.0241
0.8276, 0.0241
0.8276, 0.0241
0.8276, 0.0241
0.8276, 0.0241
0.8317, 0.0268
0.8317, 0.0268
0.8317, 0.0268
0.8317, 0.0268
0.8317, 0.0268
0.8317, 0.0268
0.8317, 0.0268
0.8317, 0.0268
0.8358, 0.0268
0.8358, 0.0268
0.8358, 0.0268
0.8358, 0.0295
0.8358, 0.0295
0.8358, 0.0295
0.8358, 0.0295
0.8358, 0.0295
0.8399, 0.0295
0.8399, 0.0295
0.8399, 0.0295
0.8399, 0.0295
0.8399, 0.0295
0.8399, 0.0295
0.8440, 0.0295
0.8440, 0.0295
0.8440, 0.0295
0.8481, 0.0322
0.8481, 0.0322
0.8481, 0.0322
0.8481, 0.0322
0.8481, 0.0322
0.8481, 0.0349
0.8481, 0.0349
0.8481, 0.0349
0.8522, 0.0349
0.8522, 0.0349
0.8563, 0.0349
0.8563, 0.0349
0.8563, 0.0349
0.8563, 0.0349
0.8563, 0.0349
0.8563, 0.0375
0.8563, 0.0375
0.8563, 0.0375
0.8563, 0.0375
0.8563, 0.0375
0.8563, 0.0375
0.8604, 0.0402
0.8604, 0.0402
0.8645, 0.0429
0.8645, 0.0429
0.8645, 0.0429
0.8645, 0.0429
0.8645, 0.0429
0.8645, 0.0429
0.8686, 0.0429
0.8686, 0.0429
0.8686, 0.0429
0.8686, 0.0429
0.8686, 0.0429
0.8686, 0.0456
0.8686, 0.0456
0.8686, 0.0456
0.8686, 0.0456
0.8686, 0.0456
0.8686, 0.0456
0.8727, 0.0483
0.8727, 0.0483
0.8768, 0.0483
0.8768, 0.0483
0.8768, 0.0483
0.8768, 0.0509
0.8768, 0.0509
0.8768, 0.0536
0.8768, 0.0536
0.8809, 0.0536
0.8809, 0.0536
0.8809, 0.0536
0.8809, 0.0536
0.8809, 0.0536
0.8809, 0.0536
0.8809, 0.0563
0.8809, 0.0563
0.8849, 0.0590
0.8849, 0.0590
0.8849, 0.0590
0.8849, 0.0617
0.8849, 0.0617
0.8849, 0.0617
0.8891, 0.0617
0.8891, 0.0617
0.8891, 0.0617
0.8891, 0.0617
0.8891, 0.0617
0.8891, 0.0643
0.8891, 0.0643
0.8891, 0.0643
0.8891, 0.0670
0.8891, 0.0670
0.8932, 0.0670
0.8932, 0.0670
0.8932, 0.0670
0.8972, 0.0697
0.8972, 0.0697
0.8972, 0.0724
0.8972, 0.0724
0.8972, 0.0724
0.8972, 0.0751
0.8972, 0.0751
0.8972, 0.0751
0.8972, 0.0751
0.8972, 0.0751
0.8972, 0.0777
0.8972, 0.0777
0.8972, 0.0777
0.9013, 0.0804
0.9013, 0.0804
0.9055, 0.0804
0.9055, 0.0804
0.9055, 0.0804
0.9055, 0.0831
0.9055, 0.0831
0.9055, 0.0831
0.9095, 0.0885
0.9095, 0.0885
0.9095, 0.0885
0.9095, 0.0885
0.9095, 0.0885
0.9136, 0.0912
0.9136, 0.0912
0.9136, 0.0938
0.9136, 0.0938
0.9136, 0.0938
0.9178, 0.0965
0.9178, 0.0965
0.9178, 0.0965
0.9178, 0.0965
0.9178, 0.0965
0.9178, 0.0992
0.9178, 0.0992
0.9218, 0.1019
0.9218, 0.1019
0.9218, 0.1019
0.9218, 0.1019
0.9218, 0.1019
0.9218, 0.1019
0.9259, 0.1019
0.9259, 0.1019
0.9259, 0.1046
0.9259, 0.1046
0.9259, 0.1046
0.9301, 0.1072
0.9301, 0.1072
0.9301, 0.1072
0.9301, 0.1072
0.9301, 0.1072
0.9301, 0.1099
0.9301, 0.1099
0.9301, 0.1099
0.9301, 0.1099
0.9301, 0.1099
0.9301, 0.1099
0.9301, 0.1099
0.9301, 0.1099
0.9301, 0.1126
0.9301, 0.1126
0.9301, 0.1126
0.9301, 0.1126
0.9301, 0.1126
0.9301, 0.1126
0.9301, 0.1126
0.9301, 0.1126
0.9301, 0.1153
0.9301, 0.1153
0.9301, 0.1153
0.9301, 0.1153
0.9301, 0.1153
0.9301, 0.1153
0.9301, 0.1153
0.9301, 0.1153
0.9341, 0.1153
0.9341, 0.1153
0.9341, 0.1153
0.9341, 0.1180
0.9341, 0.1180
0.9341, 0.1180
0.9341, 0.1180
0.9341, 0.1180
0.9341, 0.1180
0.9341, 0.1180
0.9341, 0.1180
0.9341, 0.1206
0.9341, 0.1206
0.9341, 0.1206
0.9341, 0.1233
0.9341, 0.1233
0.9382, 0.1233
0.9382, 0.1233
0.9382, 0.1233
0.9382, 0.1233
0.9382, 0.1233
0.9382, 0.1233
0.9382, 0.1260
0.9382, 0.1260
0.9382, 0.1287
0.9382, 0.1287
0.9382, 0.1287
0.9382, 0.1287
0.9382, 0.1287
0.9382, 0.1314
0.9382, 0.1314
0.9382, 0.1314
0.9382, 0.1340
0.9382, 0.1340
0.9423, 0.1367
0.9423, 0.1367
0.9423, 0.1367
0.9423, 0.1367
0.9423, 0.1367
0.9423, 0.1367
0.9423, 0.1367
0.9423, 0.1367
0.9423, 0.1394
0.9423, 0.1394
0.9464, 0.1421
0.9464, 0.1421
0.9464, 0.1421
0.9464, 0.1421
0.9464, 0.1421
0.9464, 0.1448
0.9464, 0.1448
0.9464, 0.1448
0.9505, 0.1475
0.9505, 0.1475
0.9505, 0.1475
0.9505, 0.1475
0.9505, 0.1475
0.9505, 0.1475
0.9505, 0.1475
0.9505, 0.1501
0.9505, 0.1501
0.9505, 0.1501
0.9505, 0.1528
0.9505, 0.1528
0.9505, 0.1555
0.9505, 0.1555
0.9505, 0.1555
0.9505, 0.1555
0.9505, 0.1555
0.9505, 0.1555
0.9505, 0.1555
0.9505, 0.1555
0.9505, 0.1555
0.9505, 0.1582
0.9505, 0.1582
0.9545, 0.1609
0.9545, 0.1609
0.9545, 0.1609
0.9545, 0.1609
0.9545, 0.1609
0.9545, 0.1635
0.9545, 0.1635
0.9545, 0.1635
0.9545, 0.1662
0.9545, 0.1662
0.9545, 0.1689
0.9545, 0.1689
0.9545, 0.1689
0.9545, 0.1689
0.9545, 0.1689
0.9587, 0.1716
0.9587, 0.1716
0.9587, 0.1716
0.9587, 0.1716
0.9587, 0.1716
0.9587, 0.1716
0.9587, 0.1743
0.9587, 0.1743
0.9587, 0.1743
0.9587, 0.1743
0.9587, 0.1743
0.9587, 0.1769
0.9587, 0.1769
0.9587, 0.1769
0.9587, 0.1769
0.9587, 0.1796
0.9587, 0.1796
0.9587, 0.1796
0.9587, 0.1823
0.9587, 0.1823
0.9587, 0.1823
0.9587, 0.1823
0.9587, 0.1823
0.9587, 0.1850
0.9587, 0.1850
0.9587, 0.1850
0.9587, 0.1850
0.9587, 0.1850
0.9587, 0.1877
0.9587, 0.1877
0.9587, 0.1877
0.9587, 0.1877
0.9587, 0.1877
0.9587, 0.1903
0.9587, 0.1903
0.9587, 0.1903
0.9587, 0.1930
0.9587, 0.1930
0.9587, 0.1957
0.9587, 0.1957
0.9587, 0.1957
0.9587, 0.1957
0.9587, 0.1957
0.9587, 0.1984
0.9587, 0.1984
0.9587, 0.1984
0.9587, 0.2011
0.9587, 0.2011
0.9587, 0.2011
0.9587, 0.2011
0.9587, 0.2011
0.9587, 0.2038
0.9587, 0.2038
0.9587, 0.2064
0.9587, 0.2064
0.9587, 0.2064
0.9587, 0.2091
0.9587, 0.2091
0.9587, 0.2091
0.9587, 0.2091
0.9587, 0.2091
0.9587, 0.2091
0.9587, 0.2091
0.9587, 0.2118
0.9587, 0.2118
0.9587, 0.2118
0.9587, 0.2145
0.9587, 0.2145
0.9587, 0.2145
0.9587, 0.2145
0.9587, 0.2145
0.9587, 0.2172
0.9587, 0.2172
0.9587, 0.2225
0.9587, 0.2225
0.9587, 0.2225
0.9587, 0.2225
0.9587, 0.2225
0.9545, 0.2252
0.9545, 0.2252
0.9545, 0.2252
0.9545, 0.2279
0.9545, 0.2279
0.9545, 0.2279
0.9545, 0.2279
0.9545, 0.2306
0.9545, 0.2306
0.9545, 0.2332
0.9545, 0.2332
0.9545, 0.2332
0.9545, 0.2359
0.9545, 0.2359
0.9545, 0.2359
0.9545, 0.2359
0.9545, 0.2359
0.9545, 0.2386
0.9545, 0.2386
0.9545, 0.2413
0.9545, 0.2413
0.9545, 0.2440
0.9545, 0.2440
0.9545, 0.2440
0.9505, 0.2466
0.9505, 0.2466
0.9505, 0.2493
0.9505, 0.2493
0.9505, 0.2493
0.9505, 0.2520
0.9505, 0.2520
0.9505, 0.2547
0.9505, 0.2547
0.9505, 0.2547
0.9464, 0.2574
0.9464, 0.2574
0.9464, 0.2574
0.9464, 0.2574
0.9464, 0.2574
0.9464, 0.2601
0.9464, 0.2601
0.9464, 0.2601
0.9464, 0.2601
0.9464, 0.2601
0.9464, 0.2627
0.9464, 0.2627
0.9464, 0.2627
0.9464, 0.2627
0.9464, 0.2627
0.9423, 0.2627
0.9423, 0.2627
0.9423, 0.2627
0.9423, 0.2654
0.9423, 0.2654
0.9423, 0.2681
0.9423, 0.2681
0.9423, 0.2681
0.9423, 0.2708
0.9423, 0.2708
0.9423, 0.2708
0.9423, 0.2708
0.9423, 0.2708
0.9423, 0.2735
0.9423, 0.2735
0.9423, 0.2761
0.9423, 0.2761
0.9423, 0.2761
0.9382, 0.2761
0.9382, 0.2761
0.9382, 0.2761
0.9382, 0.2761
0.9382, 0.2761
0.9382, 0.2788
0.9382, 0.2788
0.9382, 0.2788
0.9382, 0.2815
0.9382, 0.2815
0.9341, 0.2842
0.9341, 0.2842
0.9341, 0.2842
0.9341, 0.2842
0.9341, 0.2842
0.9341, 0.2842
0.9341, 0.2842
0.9341, 0.2842
0.9341, 0.2869
0.9341, 0.2869
0.9341, 0.2895
0.9341, 0.2895
0.9341, 0.2895
0.9341, 0.2895
0.9341, 0.2895
0.9341, 0.2922
0.9341, 0.2922
0.9341, 0.2922
0.9341, 0.2922
0.9341, 0.2922
0.9301, 0.2949
0.9301, 0.2949
0.9301, 0.2949
0.9301, 0.2976
0.9301, 0.2976
0.9301, 0.2976
0.9301, 0.2976
0.9301, 0.2976
0.9259, 0.3003
0.9259, 0.3003
0.9259, 0.3003
0.9259, 0.3003
0.9259, 0.3003
0.9259, 0.3029
0.9259, 0.3029
0.9259, 0.3029
0.9259, 0.3029
0.9259, 0.3029
0.9218, 0.3029
0.9218, 0.3029
0.9218, 0.3056
0.9218, 0.3056
0.9218, 0.3083
0.9218, 0.3083
0.9218, 0.3083
0.9218, 0.3083
0.9218, 0.3083
0.9218, 0.3083
0.9218, 0.3083
0.9218, 0.3083
0.9218, 0.3110
0.9218, 0.3110
0.9218, 0.3110
0.9218, 0.3110
0.9218, 0.3110
0.9178, 0.3137
0.9178, 0.3137
0.9178, 0.3137
0.9178, 0.3137
0.9178, 0.3137
0.9178, 0.3137
0.9178, 0.3164
0.9178, 0.3164
0.9178, 0.3164
0.9178, 0.3164
0.9136, 0.3164
0.9136, 0.3164
0.9136, 0.3164
0.9136, 0.3164
0.9136, 0.3164
0.9136, 0.3164
0.9136, 0.3190
0.9136, 0.3190
0.9136, 0.3190
0.9136, 0.3190
0.9136, 0.3190
0.9136, 0.3217
0.9136, 0.3217
0.9095, 0.3217
0.9095, 0.3217
0.9095, 0.3217
0.9095, 0.3217
0.9095, 0.3217
0.9095, 0.3244
0.9095, 0.3244
0.9095, 0.3244
0.9055, 0.3244
0.9055, 0.3244
0.9055, 0.3271
0.9055, 0.3271
0.9013, 0.3298
0.9013, 0.3298
0.9013, 0.3298
0.9013, 0.3298
0.9013, 0.3298
0.9013, 0.3298
0.9013, 0.3298
0.9013, 0.3298
0.9013, 0.3324
0.9013, 0.3324
0.8972, 0.3351
0.8972, 0.3351
0.8972, 0.3351
0.8972, 0.3351
0.8932, 0.3351
0.8932, 0.3351
0.8932, 0.3351
0.8932, 0.3378
0.8932, 0.3378
0.8932, 0.3405
0.8932, 0.3405
0.8932, 0.3405
0.8932, 0.3432
0.8891, 0.3432
0.8891, 0.3432
0.8891, 0.3432
0.8891, 0.3432
0.8891, 0.3432
0.8891, 0.3432
0.8849, 0.3432
0.8849, 0.3432
0.8849, 0.3458
0.8849, 0.3458
0.8849, 0.3485
0.8849, 0.3485
0.8849, 0.3485
0.8849, 0.3485
0.8849, 0.3485
0.8849, 0.3485
0.8849, 0.3485
0.8849, 0.3485
0.8809, 0.3485
0.8809, 0.3485
0.8809, 0.3512
0.8809, 0.3512
0.8809, 0.3512
0.8768, 0.3512
0.8768, 0.3512
0.8768, 0.3539
0.8768, 0.3539
0.8727, 0.3539
0.8727, 0.3539
0.8727, 0.3539
0.8727, 0.3566
0.8727, 0.3566
0.8727, 0.3566
0.8727, 0.3566
0.8727, 0.3566
0.8727, 0.3566
0.8727, 0.3566
0.8727, 0.3566
0.8727, 0.3566
0.8727, 0.3566
0.8727, 0.3592
0.8727, 0.3592
0.8686, 0.3592
0.8686, 0.3592
0.8686, 0.3619
0.8686, 0.3619
0.8686, 0.3619
0.8686, 0.3619
0.8686, 0.3619
0.8645, 0.3619
0.8645, 0.3619
0.8645, 0.3619
0.8645, 0.3619
0.8645, 0.3619
0.8645, 0.3619
0.8645, 0.3619
0.8645, 0.3619
0.8645, 0.3646
0.8645, 0.3646
0.8604, 0.3646
0.8604, 0.3646
0.8604, 0.3673
0.8604, 0.3673
0.8604, 0.3673
0.8604, 0.3673
0.8604, 0.3673
0.8563, 0.3700
0.8563, 0.3700
0.8563, 0.3700
0.8563, 0.3700
0.8563, 0.3700
0.8522, 0.3700
0.8522, 0.3700
0.8522, 0.3700
0.8522, 0.3700
0.8522, 0.3700
0.8522, 0.3727
0.8522, 0.3727
0.8481, 0.3727
0.8481, 0.3727
0.8481, 0.3727
0.8481, 0.3753
0.8481, 0.3753
0.8440, 0.3753
0.8440, 0.3753
0.8440, 0.3753
0.8440, 0.3753
0.8440, 0.3753
0.8399, 0.3780
0.8399, 0.3780
0.8358, 0.3807
0.8358, 0.3807
0.8358, 0.3807
0.8317, 0.3807
0.8317, 0.3807
0.8317, 0.3834
0.8317, 0.3834
0.8317, 0.3834
0.8317, 0.3834
0.8317, 0.3834
0.8276, 0.3834
0.8276, 0.3834
0.8236, 0.3861
0.8236, 0.3861
0.8236, 0.3861
0.8236, 0.3861
0.8236, 0.3861
0.8236, 0.3887
0.8236, 0.3887
0.8236, 0.3887
0.8194, 0.3887
0.8194, 0.3887
0.8153, 0.3887
0.8153, 0.3887
0.8113, 0.3914
0.8113, 0.3914
0.8113, 0.3914
0.8113, 0.3941
0.8113, 0.3941
0.8113, 0.3941
0.8113, 0.3941
0.8113, 0.3941
0.8071, 0.3941
0.8071, 0.3941
0.8031, 0.3941
0.8031, 0.3941
0.8031, 0.3968
0.8031, 0.3968
0.8031, 0.3968
0.8031, 0.3968
0.8031, 0.3968
0.7990, 0.3995
0.7990, 0.3995
0.7990, 0.3995
0.7948, 0.3995
0.7948, 0.3995
0.7948, 0.3995
0.7948, 0.3995
0.7908, 0.4021
0.7908, 0.4021
0.7908, 0.4021
0.7908, 0.4021
0.7908, 0.4021
0.7825, 0.4021
0.7825, 0.4021
0.7825, 0.4048
0.7825, 0.4048
0.7825, 0.4048
0.7785, 0.4048
0.7785, 0.4048
0.7744, 0.4075
0.7744, 0.4075
0.7703, 0.4075
0.7703, 0.4075
0.7703, 0.4075
0.7703, 0.4075
0.7703, 0.4075
0.7703, 0.4075
0.7703, 0.4075
0.7703, 0.4075
0.7662, 0.4102
0.7662, 0.4102
0.7621, 0.4102
0.7621, 0.4102
0.7621, 0.4102
0.7621, 0.4102
0.7621, 0.4102
0.7581, 0.4129
0.7581, 0.4129
0.7539, 0.4129
0.7539, 0.4129
0.7539, 0.4129
0.7539, 0.4155
0.7539, 0.4155
0.7498, 0.4155
0.7498, 0.4155
0.7458, 0.4155
0.7458, 0.4155
0.7458, 0.4155
0.7416, 0.4155
0.7416, 0.4155
0.7375, 0.4182
0.7375, 0.4182
0.7375, 0.4182
0.7375, 0.4182
0.7375, 0.4182
0.7335, 0.4209
0.7335, 0.4209
0.7293, 0.4209
0.7293, 0.4209
0.7293, 0.4209
0.7293, 0.4209
0.7293, 0.4209
0.7252, 0.4236
0.7252, 0.4236
0.7212, 0.4236
0.7212, 0.4236
0.7170, 0.4236
0.7170, 0.4236
0.7170, 0.4236
0.7170, 0.4236
0.7170, 0.4236
0.7129, 0.4236
0.7129, 0.4236
0.7129, 0.4236
0.7129, 0.4236
0.7129, 0.4236
0.7089, 0.4263
0.7089, 0.4263
0.7089, 0.4263
0.7089, 0.4263
0.7089, 0.4263
0.7048, 0.4263
0.7048, 0.4263
0.7006, 0.4263
0.7006, 0.4263
0.7006, 0.4263
0.6966, 0.4290
0.6966, 0.4290
0.6966, 0.4290
0.6966, 0.4290
0.6966, 0.4290
0.6884, 0.4290
0.6884, 0.4290
0.6884, 0.4290
0.6884, 0.4290
0.6843, 0.4290
0.6843, 0.4290
0.6843, 0.4290
0.6761, 0.4316
0.6761, 0.4316
0.6761, 0.4316
0.6761, 0.4316
0.6761, 0.4316
0.6720, 0.4343
0.6720, 0.4343
0.6679, 0.4343
0.6679, 0.4343
0.6638, 0.4343
0.6638, 0.4343
0.6638, 0.4343
0.6638, 0.4343
0.6638, 0.4343
0.6597, 0.4370
0.6597, 0.4370
0.6556, 0.4370
0.6556, 0.4370
0.6556, 0.4370
0.6556, 0.4370
0.6556, 0.4370
0.6556, 0.4370
0.6556, 0.4370
0.6556, 0.4370
0.6515, 0.4370
0.6515, 0.4370
0.6474, 0.4370
0.6474, 0.4370
0.6434, 0.4370
0.6434, 0.4370
0.6434, 0.4370
0.6434, 0.4370
0.6434, 0.4370
0.6351, 0.4397
0.6351, 0.4397
0.6311, 0.4397
0.6311, 0.4397
0.6311, 0.4424
0.6311, 0.4424
0.6311, 0.4424
0.6270, 0.4424
0.6270, 0.4424
0.6228, 0.4424
0.6228, 0.4424
0.6228, 0.4424
0.6228, 0.4424
0.6228, 0.4424
0.6228, 0.4424
0.6228, 0.4424
0.6188, 0.4424
0.6188, 0.4424
0.6188, 0.4424
0.6188, 0.4424
0.6188, 0.4424
0.6147, 0.4424
0.6147, 0.4424
0.6147, 0.4450
0.6147, 0.4450
0.6147, 0.4450
0.6147, 0.4450
0.6147, 0.4450
0.6105, 0.4450
0.6105, 0.4450
0.6105, 0.4450
0.6105, 0.4450
0.6105, 0.4450
0.6105, 0.4450
0.6105, 0.4450
0.6105, 0.4450
0.6105, 0.4450
0.6105, 0.4450
0.6105, 0.4450
0.6105, 0.4450
0.6105, 0.4450
0.6105, 0.4450
0.6105, 0.4450
0.6105, 0.4450
0.6105, 0.4450
0.6105, 0.4450
0.6105, 0.4450
0.6105, 0.4450
0.6105, 0.4450
0.6105, 0.4450
0.6105, 0.4450
0.6105, 0.4450
0.6105, 0.4450
0.6105, 0.4450
0.6105, 0.4450
0.6105, 0.4450
0.6105, 0.4450
0.6105, 0.4450
0.6105, 0.4450
0.6105, 0.4450
0.6105, 0.4450
0.6105, 0.4450
0.6105, 0.4450
0.6105, 0.4450
0.6105, 0.4450
0.6105, 0.4450
0.6105, 0.4450
0.6105, 0.4450
0.6105, 0.4450
0.6105, 0.4450
0.6105, 0.4450
0.6105, 0.4450
0.6105, 0.4450
0.6105, 0.4450
0.6105, 0.4450
0.6105, 0.4450
0.6105, 0.4450
0.6105, 0.4450
0.6105, 0.4450
0.6105, 0.4450
0.6105, 0.4450
0.6105, 0.4450
0.6105, 0.4450
0.6105, 0.4450
0.6105, 0.4450
0.6105, 0.4450
0.6105, 0.4450
0.6105, 0.4450
0.6105, 0.4450
0.6105, 0.4450
0.6105, 0.4450
0.6105, 0.4450
0.6105, 0.4450
0.6105, 0.4450
0.6105, 0.4450
0.6105, 0.4450
0.6105, 0.4450
0.6105, 0.4450
0.6105, 0.4450
0.6105, 0.4450
0.6105, 0.4450
0.6105, 0.4450
0.6105, 0.4450
0.6105, 0.4450
0.6105, 0.4450
0.6105, 0.4450
0.6105, 0.4450
0.6105, 0.4450
0.6105, 0.4450
0.6105, 0.4450
0.6105, 0.4450
0.6105, 0.4450
0.6105, 0.4450
0.6105, 0.4450
0.6105, 0.4450
0.6105, 0.4450
0.6105, 0.4450
0.6105, 0.4450
0.6105, 0.4450
0.6105, 0.4450
0.6105, 0.4450
0.6105, 0.4450
0.6105, 0.4450
0.6105, 0.4450
0.6105, 0.4450
0.6105, 0.4450
0.6105, 0.4450
0.6105, 0.4450
0.6105, 0.4450
0.6105, 0.4450
0.6105, 0.4450
0.6105, 0.4450
0.6105, 0.4450
0.6105, 0.4450
0.6105, 0.4450
0.6105, 0.4450
0.6105, 0.4450
0.6105, 0.4450
0.6105, 0.4450
0.6105, 0.4450
0.6105, 0.4450
0.6105, 0.4450
0.6105, 0.4450
0.6105, 0.4450
0.6105, 0.4450
0.6105, 0.4450
0.6105, 0.4450
0.6105, 0.4450
0.6105, 0.4450
0.6105, 0.4450
0.6105, 0.4450
0.6105, 0.4450
0.6105, 0.4450
0.6105, 0.4450
0.6105, 0.4450
0.6105, 0.4450
0.6105, 0.4450
0.6105, 0.4450
0.6105, 0.4450
0.6105, 0.4450
0.6105, 0.4450
0.6105, 0.4450
0.6105, 0.4450
0.6105, 0.4450
0.6105, 0.4450
0.6105, 0.4450
0.6105, 0.4450
0.6105, 0.4450
0.6105, 0.4450
0.6105, 0.4450
0.6105, 0.4450
0.6105, 0.4450
0.6105, 0.4450
0.6105, 0.4450
0.6105, 0.4450
0.6105, 0.4450
0.6105, 0.4450
0.6105, 0.4450
0.6105, 0.4450
0.6105, 0.4450
0.6105, 0.4450
0.6105, 0.4450
0.6105, 0.4450
0.6105, 0.4450
0.6105, 0.4450
0.6105, 0.4450
0.6105, 0.4450
0.6105, 0.4450
0.6105, 0.4450
0.6105, 0.4450
0.6105, 0.4450
0.6105, 0.4450
0.6105, 0.4450
0.6105, 0.4450
0.6105, 0.4450
0.6105, 0.4450
0.6105, 0.4450
0.6105, 0.4450
0.6105, 0.4450
0.6105, 0.4450
0.6105, 0.4450
0.6105, 0.4450
0.6105, 0.4450
0.6105, 0.4450
0.6105, 0.4450
0.6105, 0.4450
0.6105, 0.4450
0.6105, 0.4450
0.6105, 0.4450
0.6105, 0.4450
0.6105, 0.4450
