0.5083, 0.3011
0.5083, 0.2956
0.5083, 0.2901
0.5083, 0.2845
0.5083, 0.2790
0.5028, 0.2735
0.5028, 0.2569
0.4972, 0.2514
0.4917, 0.2459
0.4917, 0.2403
0.4751, 0.2348
0.4696, 0.2293
0.4641, 0.2238
0.4586, 0.2127
0.4475, 0.2017
0.4309, 0.1961
0.4254, 0.1906
0.4144, 0.1851
0.4033, 0.1796
0.3867, 0.1796
0.3757, 0.1740
0.3646, 0.1630
0.3536, 0.1630
0.3370, 0.1575
0.3315, 0.1575
0.3204, 0.1519
0.3094, 0.1519
0.2928, 0.1464
0.2818, 0.1464
0.2707, 0.1464
0.2652, 0.1409
0.2486, 0.1409
0.2431, 0.1409
0.2376, 0.1409
0.2265, 0.1409
0.2210, 0.1409
0.2044, 0.1409
0.1989, 0.1409
0.1878, 0.1409
0.1768, 0.1409
0.1713, 0.1464
0.1547, 0.1519
0.1436, 0.1575
0.1326, 0.1740
0.1215, 0.1796
0.1050, 0.1906
0.0994, 0.2017
0.0884, 0.2182
0.0829, 0.2238
0.0773, 0.2348
0.0663, 0.2459
0.0553, 0.2624
0.0553, 0.2735
0.0442, 0.2845
0.0442, 0.3066
0.0387, 0.3232
0.0332, 0.3343
0.0221, 0.3564
0.0166, 0.3729
0.0166, 0.3895
0.0110, 0.4116
0.0055, 0.4282
0.0055, 0.4503
0.0055, 0.4669
0.0000, 0.4945
0.0000, 0.5110
0.0000, 0.5387
0.0000, 0.5608
0.0000, 0.5884
0.0000, 0.6105
0.0055, 0.6326
0.0166, 0.6492
0.0276, 0.6713
0.0387, 0.6878
0.0442, 0.6989
0.0608, 0.7210
0.0773, 0.7376
0.0884, 0.7486
0.1050, 0.7652
0.1271, 0.7763
0.1436, 0.7873
0.1713, 0.7984
0.1878, 0.8094
0.2099, 0.8204
0.2320, 0.8260
0.2541, 0.8315
0.2762, 0.8370
0.2983, 0.8425
0.3204, 0.8425
0.3481, 0.8536
0.3702, 0.8536
0.3978, 0.8591
0.4199, 0.8591
0.4475, 0.8591
0.4696, 0.8591
0.4972, 0.8591
0.5249, 0.8591
0.5470, 0.8591
0.5635, 0.8591
0.5912, 0.8591
0.6188, 0.8591
0.6409, 0.8591
0.6685, 0.8481
0.6796, 0.8425
0.6961, 0.8425
0.7127, 0.8370
0.7293, 0.8315
0.7348, 0.8260
0.7569, 0.8149
0.7680, 0.8039
0.7790, 0.7928
0.8011, 0.7873
0.8177, 0.7763
0.8287, 0.7597
0.8508, 0.7486
0.8619, 0.7376
0.8785, 0.7210
0.8950, 0.7044
0.9116, 0.6934
0.9171, 0.6768
0.9282, 0.6602
0.9392, 0.6492
0.9503, 0.6326
0.9558, 0.6160
0.9668, 0.5995
0.9724, 0.5774
0.9834, 0.5608
0.9889, 0.5442
0.9945, 0.5221
1.0000, 0.5055
1.0000, 0.4779
1.0000, 0.4613
1.0000, 0.4337
1.0000, 0.4171
1.0000, 0.3895
1.0000, 0.3785
0.9889, 0.3564
0.9779, 0.3398
0.9668, 0.3287
0.9558, 0.3177
0.9503, 0.3122
0.9337, 0.2956
0.9227, 0.2956
0.9171, 0.2845
0.9006, 0.2790
0.8950, 0.2735
0.8785, 0.2735
0.8619, 0.2680
0.8508, 0.2569
0.8342, 0.2569
0.8177, 0.2569
0.8066, 0.2514
0.7900, 0.2514
0.7735, 0.2514
0.7624, 0.2459
0.7459, 0.2459
0.7403, 0.2459
0.7293, 0.2459
0.7182, 0.2459
0.7127, 0.2459
0.7017, 0.2459
0.7017, 0.2403
0.6961, 0.2403
0.6906, 0.2403
0.6851, 0.2403
0.6796, 0.2403
0.6740, 0.2403
0.6685, 0.2403
0.6574, 0.2403
0.6464, 0.2403
0.6409, 0.2459
0.6298, 0.2624
0.6133, 0.2680
0.6022, 0.2735
0.5967, 0.2845
0.5856, 0.2845
0.5856, 0.2901
0.5801, 0.2956
0.5691, 0.2956
0.5635, 0.2956
0.5635, 0.3066
0.5580, 0.3066
0.5580, 0.3122
