0.4277, 0.3012
0.4277, 0.2952
0.4157, 0.2711
0.4036, 0.2590
0.3855, 0.2470
0.3735, 0.2289
0.3494, 0.2169
0.3313, 0.2048
0.3012, 0.1867
0.2771, 0.1807
0.2530, 0.1747
0.2350, 0.1687
0.2109, 0.1687
0.1928, 0.1687
0.1807, 0.1687
0.1627, 0.1687
0.1506, 0.1687
0.1386, 0.1687
0.1265, 0.1687
0.1084, 0.1687
0.1024, 0.1747
0.0904, 0.1747
0.0843, 0.1928
0.0663, 0.1988
0.0542, 0.2108
0.0422, 0.2229
0.0362, 0.2470
0.0181, 0.2651
0.0121, 0.2892
0.0060, 0.3133
0.0000, 0.3434
0.0000, 0.3675
0.0000, 0.4036
0.0000, 0.4337
0.0000, 0.4578
0.0121, 0.4880
0.0362, 0.5120
0.0542, 0.5422
0.0783, 0.5603
0.1024, 0.5844
0.1325, 0.6084
0.1747, 0.6325
0.2169, 0.6627
0.2651, 0.6868
0.3072, 0.7048
0.3494, 0.7289
0.3976, 0.7470
0.4398, 0.7651
0.4759, 0.7831
0.5120, 0.7952
0.5482, 0.8072
0.5663, 0.8253
0.5904, 0.8313
0.6024, 0.8373
0.6084, 0.8434
0.6145, 0.8434
0.6205, 0.8434
0.6386, 0.8434
0.6566, 0.8193
0.6928, 0.8012
0.7169, 0.7831
0.7470, 0.7590
0.7892, 0.7349
0.8193, 0.7048
0.8494, 0.6807
0.8795, 0.6506
0.9036, 0.6205
0.9217, 0.5904
0.9398, 0.5603
0.9578, 0.5361
0.9699, 0.5060
0.9819, 0.4699
0.9940, 0.4458
0.9940, 0.4157
1.0000, 0.3855
1.0000, 0.3554
1.0000, 0.3253
0.9940, 0.3012
0.9880, 0.2711
0.9699, 0.2530
0.9578, 0.2350
0.9458, 0.2169
0.9277, 0.1988
0.9157, 0.1928
0.9036, 0.1747
0.8916, 0.1687
0.8735, 0.1627
0.8615, 0.1566
0.8434, 0.1566
0.8253, 0.1566
0.8072, 0.1566
0.7892, 0.1566
0.7651, 0.1566
0.7470, 0.1566
0.7169, 0.1566
0.7048, 0.1566
0.6747, 0.1687
0.6566, 0.1807
0.6386, 0.1928
0.6145, 0.1988
0.5904, 0.2169
0.5603, 0.2350
0.5301, 0.2470
0.5120, 0.2590
0.4940, 0.2771
0.4759, 0.2831
0.4639, 0.2952
0.4518, 0.3072
0.4398, 0.3072
0.4277, 0.3133
0.4217, 0.3193
