0.4142, 0.2781
0.4024, 0.2663
0.3905, 0.2604
0.3728, 0.2485
0.3610, 0.2308
0.3432, 0.2249
0.3195, 0.2130
0.3018, 0.2071
0.2722, 0.2012
0.2544, 0.1953
0.2367, 0.1834
0.2130, 0.1834
0.1953, 0.1834
0.1775, 0.1834
0.1657, 0.1834
0.1538, 0.1834
0.1420, 0.1834
0.1243, 0.1834
0.1124, 0.1834
0.1065, 0.1894
0.0888, 0.1953
0.0710, 0.2071
0.0592, 0.2249
0.0473, 0.2426
0.0414, 0.2604
0.0237, 0.2722
0.0118, 0.2959
0.0118, 0.3195
0.0059, 0.3432
0.0000, 0.3669
0.0000, 0.4024
0.0000, 0.4320
0.0059, 0.4616
0.0118, 0.4970
0.0355, 0.5325
0.0533, 0.5621
0.0828, 0.5917
0.1065, 0.6272
0.1420, 0.6509
0.1834, 0.6864
0.2189, 0.7042
0.2603, 0.7278
0.3077, 0.7456
0.3550, 0.7574
0.4083, 0.7752
0.4793, 0.7929
0.5503, 0.8047
0.6213, 0.8166
0.6805, 0.8166
0.7515, 0.8166
0.8107, 0.8166
0.8639, 0.8107
0.9112, 0.7988
0.9349, 0.7870
0.9467, 0.7752
0.9586, 0.7515
0.9704, 0.7337
0.9822, 0.7042
0.9941, 0.6805
0.9941, 0.6509
1.0000, 0.6154
1.0000, 0.5917
1.0000, 0.5621
1.0000, 0.5385
0.9941, 0.5089
0.9763, 0.4911
0.9645, 0.4616
0.9526, 0.4379
0.9408, 0.4142
0.9172, 0.3965
0.8994, 0.3728
0.8757, 0.3550
0.8521, 0.3373
0.8284, 0.3195
0.8047, 0.3018
0.7811, 0.2899
0.7633, 0.2840
0.7515, 0.2722
0.7278, 0.2604
0.7219, 0.2604
0.7100, 0.2545
0.6982, 0.2485
0.6805, 0.2485
0.6686, 0.2485
0.6568, 0.2426
0.6390, 0.2426
0.6272, 0.2426
0.6154, 0.2426
0.6035, 0.2426
0.5858, 0.2426
0.5740, 0.2426
0.5562, 0.2426
0.5385, 0.2485
0.5207, 0.2485
0.5030, 0.2545
0.4852, 0.2604
0.4734, 0.2663
0.4615, 0.2781
0.4438, 0.2781
0.4379, 0.2840
0.4320, 0.2840
0.4260, 0.2899
0.4201, 0.2899
0.4142, 0.2899
