0.4948, 0.2891
0.4948, 0.2786
0.4896, 0.2682
0.4896, 0.2630
0.4740, 0.2526
0.4635, 0.2474
0.4531, 0.2370
0.4323, 0.2265
0.4167, 0.2161
0.4010, 0.2109
0.3698, 0.2057
0.3437, 0.2005
0.3281, 0.2005
0.3021, 0.2005
0.2813, 0.2005
0.2604, 0.2005
0.2448, 0.2005
0.2188, 0.2005
0.2083, 0.2057
0.1927, 0.2109
0.1719, 0.2161
0.1562, 0.2318
0.1458, 0.2422
0.1250, 0.2526
0.1146, 0.2630
0.1042, 0.2786
0.0885, 0.2891
0.0729, 0.3151
0.0625, 0.3255
0.0469, 0.3463
0.0365, 0.3724
0.0260, 0.3932
0.0156, 0.4193
0.0052, 0.4453
0.0000, 0.4713
0.0000, 0.4974
0.0000, 0.5182
0.0000, 0.5443
0.0000, 0.5651
0.0156, 0.5963
0.0260, 0.6172
0.0365, 0.6328
0.0573, 0.6484
0.0781, 0.6693
0.1146, 0.6849
0.1458, 0.7057
0.1875, 0.7213
0.2292, 0.7422
0.2813, 0.7578
0.3333, 0.7786
0.3906, 0.7891
0.4323, 0.7995
0.4792, 0.8151
0.5156, 0.8255
0.5469, 0.8255
0.5625, 0.8307
0.5833, 0.8359
0.5938, 0.8359
0.6042, 0.8359
0.6094, 0.8359
0.6146, 0.8359
0.6250, 0.8359
0.6302, 0.8359
0.6354, 0.8411
0.6406, 0.8411
0.6458, 0.8411
0.6510, 0.8516
0.6563, 0.8516
0.6667, 0.8516
0.6719, 0.8516
0.6771, 0.8516
0.6823, 0.8516
0.6875, 0.8464
0.6979, 0.8464
0.7136, 0.8359
0.7187, 0.8307
0.7292, 0.8255
0.7344, 0.8203
0.7500, 0.8203
0.7552, 0.8151
0.7656, 0.8047
0.7760, 0.7995
0.7865, 0.7943
0.8073, 0.7838
0.8177, 0.7786
0.8385, 0.7630
0.8542, 0.7526
0.8698, 0.7474
0.8854, 0.7370
0.9011, 0.7266
0.9062, 0.7109
0.9115, 0.7057
0.9271, 0.6953
0.9375, 0.6849
0.9427, 0.6693
0.9531, 0.6484
0.9688, 0.6224
0.9740, 0.6016
0.9844, 0.5755
0.9896, 0.5443
0.9948, 0.5234
1.0000, 0.4922
1.0000, 0.4713
1.0000, 0.4505
1.0000, 0.4297
1.0000, 0.4036
1.0000, 0.3828
0.9896, 0.3516
0.9740, 0.3255
0.9583, 0.3047
0.9375, 0.2786
0.9115, 0.2578
0.8958, 0.2318
0.8646, 0.2161
0.8438, 0.2005
0.8177, 0.1901
0.8021, 0.1797
0.7760, 0.1745
0.7604, 0.1693
0.7396, 0.1588
0.7240, 0.1588
0.7136, 0.1536
0.6979, 0.1536
0.6875, 0.1536
0.6719, 0.1484
0.6615, 0.1484
0.6510, 0.1484
0.6406, 0.1484
0.6302, 0.1484
0.6146, 0.1484
0.6042, 0.1484
0.5885, 0.1484
0.5677, 0.1536
0.5573, 0.1693
0.5417, 0.1745
0.5208, 0.1797
0.5156, 0.1849
0.5052, 0.1901
0.4896, 0.1953
0.4792, 0.2109
0.4792, 0.2161
0.4688, 0.2213
0.4688, 0.2318
0.4635, 0.2370
0.4583, 0.2422
0.4583, 0.2526
0.4583, 0.2578
0.4583, 0.2630
