0.4386, 0.2368
0.4386, 0.2251
0.4269, 0.2193
0.4152, 0.2135
0.3977, 0.2017
0.3801, 0.1959
0.3626, 0.1901
0.3333, 0.1725
0.3158, 0.1667
0.2866, 0.1608
0.2632, 0.1550
0.2339, 0.1550
0.2105, 0.1491
0.1871, 0.1491
0.1637, 0.1491
0.1404, 0.1491
0.1228, 0.1491
0.1111, 0.1491
0.0994, 0.1491
0.0936, 0.1491
0.0819, 0.1550
0.0702, 0.1667
0.0526, 0.1901
0.0468, 0.2076
0.0351, 0.2310
0.0234, 0.2485
0.0117, 0.2895
0.0000, 0.3246
0.0000, 0.3538
0.0000, 0.3889
0.0000, 0.4240
0.0117, 0.4532
0.0234, 0.4883
0.0409, 0.5234
0.0702, 0.5585
0.1053, 0.5936
0.1345, 0.6287
0.1755, 0.6696
0.2047, 0.6930
0.2515, 0.7281
0.2983, 0.7632
0.3450, 0.7865
0.3743, 0.8099
0.4152, 0.8275
0.4503, 0.8509
0.4854, 0.8626
0.5029, 0.8684
0.5322, 0.8801
0.5556, 0.8801
0.5673, 0.8860
0.5907, 0.8860
0.6082, 0.8860
0.6257, 0.8860
0.6374, 0.8860
0.6491, 0.8860
0.6550, 0.8860
0.6725, 0.8801
0.6784, 0.8743
0.6901, 0.8684
0.6959, 0.8626
0.7018, 0.8567
0.7076, 0.8567
0.7135, 0.8450
0.7252, 0.8392
0.7310, 0.8392
0.7368, 0.8392
0.7427, 0.8392
0.7427, 0.8333
0.7485, 0.8333
0.7544, 0.8275
0.7603, 0.8275
0.7778, 0.8275
0.7836, 0.8216
0.7953, 0.8158
0.8070, 0.8099
0.8246, 0.7983
0.8363, 0.7983
0.8480, 0.7865
0.8655, 0.7807
0.8713, 0.7749
0.8831, 0.7632
0.8947, 0.7456
0.9064, 0.7339
0.9240, 0.7222
0.9357, 0.7047
0.9415, 0.6871
0.9649, 0.6696
0.9708, 0.6404
0.9825, 0.6170
0.9883, 0.5760
0.9942, 0.5409
0.9942, 0.5000
1.0000, 0.4708
1.0000, 0.4298
1.0000, 0.3830
0.9883, 0.3480
0.9766, 0.3129
0.9474, 0.2778
0.9240, 0.2427
0.8947, 0.2076
0.8597, 0.1901
0.8363, 0.1608
0.8070, 0.1491
0.7778, 0.1316
0.7427, 0.1257
0.7135, 0.1140
0.6901, 0.1140
0.6667, 0.1140
0.6550, 0.1140
0.6491, 0.1140
0.6374, 0.1140
0.6316, 0.1140
0.6140, 0.1140
0.6024, 0.1140
0.5907, 0.1140
0.5673, 0.1199
0.5497, 0.1257
0.5263, 0.1433
0.5146, 0.1491
0.4971, 0.1550
0.4912, 0.1608
0.4737, 0.1667
0.4679, 0.1725
0.4620, 0.1842
0.4561, 0.1842
0.4503, 0.1901
0.4503, 0.1959
0.4445, 0.1959
