0.4842, 0.2421
0.4737, 0.2368
0.4579, 0.2211
0.4316, 0.2105
0.4105, 0.2000
0.3790, 0.1895
0.3474, 0.1790
0.3158, 0.1684
0.2895, 0.1631
0.2632, 0.1631
0.2474, 0.1631
0.2158, 0.1684
0.1263, 0.2368
0.0789, 0.2895
0.0421, 0.3421
0.0105, 0.4105
0.0000, 0.4684
0.0000, 0.5263
0.0052, 0.5895
0.0368, 0.6316
0.0737, 0.6737
0.1263, 0.7000
0.2000, 0.7368
0.2684, 0.7632
0.3526, 0.7947
0.4158, 0.8105
0.4895, 0.8210
0.5368, 0.8369
0.5895, 0.8369
0.6210, 0.8369
0.6474, 0.8369
0.6790, 0.8369
0.6947, 0.8369
0.7105, 0.8263
0.7369, 0.8158
0.7526, 0.8105
0.7684, 0.8053
0.7790, 0.8000
0.7895, 0.7842
0.8000, 0.7842
0.8105, 0.7789
0.8158, 0.7789
0.8158, 0.7737
0.8211, 0.7737
0.8263, 0.7737
0.8316, 0.7737
0.8368, 0.7737
0.8421, 0.7737
0.8526, 0.7684
0.8579, 0.7684
0.8632, 0.7632
0.8737, 0.7632
0.8842, 0.7526
0.9000, 0.7368
0.9158, 0.7211
0.9263, 0.7053
0.9421, 0.6895
0.9526, 0.6684
0.9632, 0.6474
0.9737, 0.6211
0.9895, 0.5895
0.9948, 0.5526
1.0000, 0.5211
1.0000, 0.4789
1.0000, 0.4368
0.9948, 0.4000
0.9737, 0.3632
0.9579, 0.3211
0.9368, 0.2895
0.9211, 0.2579
0.9053, 0.2421
0.8842, 0.2263
0.8684, 0.2105
0.8579, 0.2053
0.8421, 0.2000
0.8263, 0.1947
0.8158, 0.1895
0.8000, 0.1895
0.7790, 0.1895
0.7474, 0.1895
0.7263, 0.1895
0.6947, 0.1895
0.6632, 0.1895
0.6316, 0.1895
0.6105, 0.1895
0.5842, 0.1947
0.5684, 0.2000
0.5526, 0.2053
0.5368, 0.2105
0.5263, 0.2263
0.5158, 0.2316
0.5105, 0.2368
0.5000, 0.2421
0.4895, 0.2474
0.4895, 0.2526
0.4842, 0.2526
0.4789, 0.2684
0.4737, 0.2684
0.4684, 0.2737
0.4684, 0.2789
0.4579, 0.2789
