0.4508, 0.2876
0.4456, 0.2824
0.4352, 0.2720
0.4249, 0.2668
0.4145, 0.2617
0.4093, 0.2565
0.3938, 0.2461
0.3782, 0.2409
0.3679, 0.2358
0.3523, 0.2254
0.3368, 0.2202
0.3212, 0.2150
0.3005, 0.2099
0.2901, 0.2099
0.2798, 0.2047
0.2642, 0.2047
0.2539, 0.1995
0.2383, 0.1995
0.2228, 0.1943
0.2124, 0.1943
0.2021, 0.1943
0.1917, 0.1839
0.1762, 0.1839
0.1658, 0.1788
0.1606, 0.1788
0.1502, 0.1788
0.1399, 0.1788
0.1295, 0.1788
0.1243, 0.1736
0.1192, 0.1736
0.1140, 0.1736
0.1088, 0.1736
0.1036, 0.1736
0.0933, 0.1736
0.0881, 0.1736
0.0829, 0.1736
0.0777, 0.1788
0.0674, 0.1891
0.0622, 0.1943
0.0518, 0.1995
0.0466, 0.2099
0.0414, 0.2150
0.0363, 0.2306
0.0311, 0.2358
0.0311, 0.2461
0.0259, 0.2565
0.0207, 0.2668
0.0207, 0.2824
0.0104, 0.2927
0.0104, 0.3031
0.0052, 0.3238
0.0052, 0.3342
0.0000, 0.3498
0.0000, 0.3653
0.0000, 0.3757
0.0000, 0.3860
0.0000, 0.4067
0.0000, 0.4171
0.0000, 0.4275
0.0000, 0.4378
0.0000, 0.4534
0.0000, 0.4637
0.0000, 0.4741
0.0000, 0.4896
0.0000, 0.5000
0.0000, 0.5104
0.0000, 0.5207
0.0000, 0.5363
0.0052, 0.5466
0.0155, 0.5570
0.0207, 0.5777
0.0259, 0.5829
0.0311, 0.5984
0.0414, 0.6088
0.0570, 0.6244
0.0674, 0.6347
0.0777, 0.6503
0.0881, 0.6658
0.1036, 0.6762
0.1192, 0.6865
0.1347, 0.7021
0.1554, 0.7124
0.1658, 0.7228
0.1865, 0.7332
0.2073, 0.7383
0.2332, 0.7539
0.2539, 0.7643
0.2850, 0.7746
0.3161, 0.7902
0.3420, 0.8005
0.3782, 0.8057
0.4145, 0.8161
0.4560, 0.8316
0.4870, 0.8368
0.5130, 0.8420
0.5389, 0.8471
0.5544, 0.8523
0.5699, 0.8575
0.5751, 0.8575
0.5803, 0.8575
0.5855, 0.8575
0.5907, 0.8575
0.6062, 0.8627
0.6166, 0.8627
0.6218, 0.8731
0.6269, 0.8731
0.6321, 0.8731
0.6373, 0.8731
0.6425, 0.8731
0.6529, 0.8679
0.6632, 0.8627
0.6736, 0.8575
0.6995, 0.8420
0.7150, 0.8264
0.7357, 0.8109
0.7513, 0.8005
0.7668, 0.7798
0.7927, 0.7643
0.8083, 0.7435
0.8342, 0.7176
0.8549, 0.6917
0.8756, 0.6710
0.8964, 0.6399
0.9223, 0.6088
0.9378, 0.5777
0.9586, 0.5466
0.9689, 0.5104
0.9793, 0.4845
0.9844, 0.4586
0.9948, 0.4275
1.0000, 0.3964
1.0000, 0.3757
1.0000, 0.3498
1.0000, 0.3342
1.0000, 0.3135
1.0000, 0.2979
1.0000, 0.2876
1.0000, 0.2668
0.9896, 0.2513
0.9844, 0.2409
0.9793, 0.2202
0.9689, 0.2099
0.9637, 0.1995
0.9534, 0.1943
0.9326, 0.1788
0.9119, 0.1684
0.8860, 0.1580
0.8549, 0.1529
0.8290, 0.1425
0.7979, 0.1373
0.7668, 0.1321
0.7461, 0.1269
0.7202, 0.1269
0.6995, 0.1269
0.6736, 0.1269
0.6477, 0.1269
0.6321, 0.1269
0.6114, 0.1269
0.5907, 0.1269
0.5751, 0.1269
0.5596, 0.1269
0.5492, 0.1269
0.5389, 0.1269
0.5337, 0.1269
0.5285, 0.1269
0.5181, 0.1269
0.5130, 0.1321
0.5078, 0.1321
0.5026, 0.1321
0.4974, 0.1321
0.4922, 0.1373
0.4870, 0.1373
0.4767, 0.1477
0.4715, 0.1477
0.4715, 0.1529
0.4663, 0.1580
0.4663, 0.1632
0.4611, 0.1684
0.4611, 0.1736
0.4611, 0.1788
0.4611, 0.1891
