0.4331, 0.2898
0.4331, 0.2834
0.4331, 0.2771
0.4204, 0.2643
0.4076, 0.2580
0.3949, 0.2516
0.3822, 0.2452
0.3694, 0.2389
0.3567, 0.2261
0.3439, 0.2261
0.3312, 0.2198
0.3185, 0.2198
0.2994, 0.2134
0.2803, 0.2134
0.2611, 0.2070
0.2420, 0.2070
0.2166, 0.2070
0.1975, 0.2070
0.1656, 0.2134
0.1465, 0.2198
0.1210, 0.2325
0.1083, 0.2452
0.0955, 0.2516
0.0828, 0.2643
0.0637, 0.2771
0.0510, 0.2962
0.0382, 0.3089
0.0318, 0.3280
0.0191, 0.3471
0.0064, 0.3663
0.0064, 0.3917
0.0000, 0.4108
0.0000, 0.4427
0.0000, 0.4618
0.0000, 0.4873
0.0127, 0.5191
0.0382, 0.5510
0.0573, 0.5828
0.0892, 0.6147
0.1146, 0.6401
0.1401, 0.6656
0.1783, 0.6911
0.2038, 0.7229
0.2420, 0.7420
0.2675, 0.7675
0.2994, 0.7803
0.3376, 0.7930
0.3567, 0.7994
0.3822, 0.8185
0.4013, 0.8185
0.4268, 0.8249
0.4586, 0.8312
0.4968, 0.8312
0.5287, 0.8312
0.5669, 0.8312
0.6051, 0.8312
0.6306, 0.8312
0.6624, 0.8249
0.7006, 0.8185
0.7261, 0.7994
0.7580, 0.7866
0.7771, 0.7739
0.8089, 0.7548
0.8280, 0.7357
0.8471, 0.7166
0.8726, 0.6847
0.8917, 0.6656
0.9108, 0.6401
0.9236, 0.6210
0.9363, 0.5892
0.9554, 0.5510
0.9618, 0.5255
0.9682, 0.4936
0.9745, 0.4682
0.9809, 0.4363
0.9873, 0.3981
0.9936, 0.3790
1.0000, 0.3471
1.0000, 0.3280
1.0000, 0.3089
1.0000, 0.2834
1.0000, 0.2707
1.0000, 0.2580
1.0000, 0.2516
0.9936, 0.2325
0.9873, 0.2261
0.9809, 0.2134
0.9682, 0.2070
0.9427, 0.1879
0.9299, 0.1815
0.9108, 0.1752
0.8854, 0.1688
0.8599, 0.1688
0.8344, 0.1688
0.7962, 0.1688
0.7707, 0.1688
0.7325, 0.1688
0.7070, 0.1688
0.6752, 0.1688
0.6497, 0.1752
0.6178, 0.1815
0.5987, 0.1943
0.5669, 0.2006
0.5478, 0.2134
0.5223, 0.2261
0.5032, 0.2325
0.4777, 0.2452
0.4713, 0.2516
0.4650, 0.2580
0.4586, 0.2580
0.4522, 0.2580
0.4459, 0.2643
