0.4550, 0.4005
0.4550, 0.3957
0.4550, 0.3910
0.4550, 0.3768
0.4550, 0.3720
0.4455, 0.3626
0.4408, 0.3531
0.4360, 0.3483
0.4265, 0.3341
0.4218, 0.3294
0.4028, 0.3199
0.3934, 0.3104
0.3744, 0.3010
0.3554, 0.2915
0.3365, 0.2867
0.3128, 0.2820
0.2844, 0.2773
0.2654, 0.2725
0.2417, 0.2678
0.2227, 0.2678
0.2038, 0.2678
0.1896, 0.2678
0.1706, 0.2678
0.1611, 0.2678
0.1517, 0.2678
0.1422, 0.2678
0.1280, 0.2678
0.1185, 0.2678
0.1090, 0.2773
0.0901, 0.2867
0.0806, 0.2962
0.0664, 0.3152
0.0521, 0.3294
0.0427, 0.3483
0.0332, 0.3626
0.0237, 0.3815
0.0142, 0.3957
0.0095, 0.4194
0.0047, 0.4289
0.0000, 0.4431
0.0000, 0.4526
0.0000, 0.4716
0.0000, 0.4858
0.0000, 0.5048
0.0047, 0.5190
0.0190, 0.5285
0.0284, 0.5474
0.0427, 0.5569
0.0616, 0.5758
0.0758, 0.5948
0.0995, 0.6043
0.1137, 0.6232
0.1374, 0.6374
0.1564, 0.6564
0.1754, 0.6706
0.1896, 0.6848
0.2133, 0.6991
0.2275, 0.7133
0.2370, 0.7180
0.2559, 0.7275
0.2654, 0.7417
0.2749, 0.7512
0.2844, 0.7559
0.3033, 0.7607
0.3128, 0.7749
0.3317, 0.7796
0.3412, 0.7844
0.3554, 0.7891
0.3697, 0.7938
0.3791, 0.7986
0.3839, 0.7986
0.3886, 0.8033
0.3886, 0.8128
0.3934, 0.8128
0.3981, 0.8128
0.4028, 0.8175
0.4123, 0.8223
0.4171, 0.8223
0.4265, 0.8223
0.4408, 0.8270
0.4597, 0.8270
0.4739, 0.8318
0.4976, 0.8318
0.5118, 0.8318
0.5355, 0.8318
0.5545, 0.8318
0.5782, 0.8318
0.5972, 0.8318
0.6209, 0.8318
0.6493, 0.8318
0.6730, 0.8270
0.7062, 0.8175
0.7346, 0.8081
0.7630, 0.7986
0.7867, 0.7891
0.8152, 0.7701
0.8341, 0.7559
0.8578, 0.7322
0.8720, 0.7180
0.8910, 0.6991
0.9052, 0.6801
0.9242, 0.6517
0.9336, 0.6374
0.9431, 0.6138
0.9573, 0.5948
0.9621, 0.5711
0.9716, 0.5521
0.9763, 0.5237
0.9810, 0.5048
0.9858, 0.4763
0.9905, 0.4526
0.9905, 0.4289
1.0000, 0.4005
1.0000, 0.3863
1.0000, 0.3626
1.0000, 0.3389
1.0000, 0.3199
1.0000, 0.3010
1.0000, 0.2867
0.9953, 0.2725
0.9905, 0.2536
0.9858, 0.2393
0.9763, 0.2204
0.9668, 0.2109
0.9526, 0.2062
0.9479, 0.1967
0.9336, 0.1919
0.9242, 0.1825
0.9052, 0.1777
0.8863, 0.1730
0.8673, 0.1682
0.8389, 0.1682
0.8199, 0.1682
0.7915, 0.1682
0.7725, 0.1682
0.7488, 0.1682
0.7299, 0.1682
0.7014, 0.1682
0.6777, 0.1730
0.6635, 0.1872
0.6398, 0.1919
0.6256, 0.2014
0.6019, 0.2109
0.5829, 0.2251
0.5640, 0.2299
0.5545, 0.2393
0.5450, 0.2488
0.5355, 0.2536
0.5213, 0.2630
0.5166, 0.2725
0.5118, 0.2773
0.5071, 0.2867
0.5024, 0.2915
0.5024, 0.3057
0.5024, 0.3104
0.5024, 0.3152
0.5024, 0.3199
