0.4970, 0.2216
0.4970, 0.2156
0.4970, 0.2096
0.4970, 0.1976
0.4970, 0.1916
0.4970, 0.1796
0.4970, 0.1677
0.4970, 0.1617
0.4970, 0.1497
0.4970, 0.1437
0.4970, 0.1377
0.4970, 0.1317
0.4910, 0.1257
0.4850, 0.1197
0.4790, 0.1138
0.4730, 0.1138
0.4671, 0.1078
0.4491, 0.0958
0.4431, 0.0958
0.4371, 0.0898
0.4311, 0.0898
0.4251, 0.0898
0.4132, 0.0838
0.4012, 0.0838
0.3952, 0.0838
0.3892, 0.0778
0.3772, 0.0778
0.3653, 0.0778
0.3413, 0.0778
0.3234, 0.0778
0.3054, 0.0778
0.2874, 0.0838
0.2754, 0.0898
0.2515, 0.1018
0.2395, 0.1078
0.2275, 0.1078
0.2156, 0.1138
0.1976, 0.1197
0.1916, 0.1257
0.1796, 0.1317
0.1736, 0.1377
0.1557, 0.1557
0.1437, 0.1617
0.1317, 0.1736
0.1257, 0.1856
0.1078, 0.1916
0.1018, 0.2096
0.0898, 0.2216
0.0838, 0.2335
0.0778, 0.2515
0.0718, 0.2635
0.0659, 0.2695
0.0539, 0.2814
0.0479, 0.2994
0.0419, 0.3174
0.0359, 0.3353
0.0299, 0.3533
0.0239, 0.3772
0.0180, 0.3892
0.0060, 0.4132
0.0060, 0.4251
0.0060, 0.4371
0.0060, 0.4551
0.0000, 0.4730
0.0000, 0.4970
0.0000, 0.5090
0.0000, 0.5269
0.0000, 0.5509
0.0000, 0.5629
0.0120, 0.5808
0.0120, 0.5988
0.0180, 0.6168
0.0239, 0.6287
0.0299, 0.6467
0.0359, 0.6587
0.0479, 0.6707
0.0599, 0.6826
0.0718, 0.7006
0.0838, 0.7126
0.0958, 0.7245
0.1138, 0.7485
0.1257, 0.7605
0.1437, 0.7724
0.1676, 0.7844
0.1856, 0.8024
0.2096, 0.8144
0.2275, 0.8203
0.2455, 0.8323
0.2695, 0.8443
0.2874, 0.8503
0.2994, 0.8623
0.3234, 0.8623
0.3413, 0.8742
0.3713, 0.8802
0.3832, 0.8862
0.4072, 0.8982
0.4251, 0.9042
0.4431, 0.9102
0.4671, 0.9102
0.4850, 0.9162
0.5090, 0.9222
0.5269, 0.9222
0.5449, 0.9222
0.5629, 0.9222
0.5808, 0.9222
0.5928, 0.9222
0.6168, 0.9222
0.6347, 0.9222
0.6587, 0.9222
0.6707, 0.9222
0.6826, 0.9162
0.7066, 0.9102
0.7245, 0.8922
0.7425, 0.8862
0.7724, 0.8742
0.7844, 0.8683
0.8084, 0.8563
0.8263, 0.8383
0.8383, 0.8263
0.8623, 0.8144
0.8742, 0.7904
0.8862, 0.7724
0.9042, 0.7545
0.9162, 0.7245
0.9281, 0.6886
0.9401, 0.6587
0.9581, 0.6108
0.9701, 0.5749
0.9820, 0.5329
0.9880, 0.5030
1.0000, 0.4611
1.0000, 0.4251
1.0000, 0.3952
1.0000, 0.3713
1.0000, 0.3473
1.0000, 0.3234
0.9940, 0.2934
0.9880, 0.2755
0.9760, 0.2575
0.9641, 0.2335
0.9461, 0.2216
0.9341, 0.2096
0.9162, 0.1916
0.8922, 0.1796
0.8802, 0.1677
0.8623, 0.1617
0.8443, 0.1617
0.8383, 0.1497
0.8263, 0.1497
0.8144, 0.1497
0.7964, 0.1497
0.7844, 0.1437
0.7724, 0.1437
0.7485, 0.1437
0.7365, 0.1437
0.7186, 0.1437
0.6946, 0.1437
0.6826, 0.1437
0.6647, 0.1437
0.6467, 0.1437
0.6407, 0.1437
0.6347, 0.1437
0.6287, 0.1437
0.6228, 0.1437
0.6168, 0.1437
0.6168, 0.1557
0.6108, 0.1557
0.5988, 0.1557
0.5928, 0.1557
0.5928, 0.1617
0.5868, 0.1617
0.5868, 0.1677
0.5808, 0.1677
