0.5430, 0.0924
0.5430, 0.0924
0.5430, 0.0924
0.5430, 0.0924
0.5430, 0.0924
0.5430, 0.0924
0.5430, 0.0924
0.5430, 0.0924
0.5430, 0.0924
0.5430, 0.0924
0.5430, 0.0924
0.5430, 0.0924
0.5430, 0.0924
0.5430, 0.0924
0.5430, 0.0924
0.5430, 0.0924
0.5430, 0.0924
0.5430, 0.0924
0.5430, 0.0924
0.5430, 0.0924
0.5430, 0.0924
0.5430, 0.0924
0.5430, 0.0924
0.5430, 0.0924
0.5430, 0.0924
0.5430, 0.0924
0.5430, 0.0924
0.5430, 0.0924
0.5430, 0.0924
0.5430, 0.0924
0.5430, 0.0924
0.5430, 0.0924
0.5430, 0.0924
0.5430, 0.0924
0.5430, 0.0924
0.5430, 0.0924
0.5430, 0.0924
0.5430, 0.0924
0.5430, 0.0924
0.5430, 0.0924
0.5430, 0.0924
0.5430, 0.0924
0.5430, 0.0924
0.5430, 0.0924
0.5430, 0.0924
0.5430, 0.0924
0.5430, 0.0924
0.5430, 0.0924
0.5430, 0.0924
0.5430, 0.0924
0.5430, 0.0924
0.5430, 0.0924
0.5430, 0.0924
0.5430, 0.0924
0.5430, 0.0924
0.5430, 0.0924
0.5430, 0.0924
0.5430, 0.0924
0.5430, 0.0924
0.5430, 0.0924
0.5430, 0.0924
0.5430, 0.0924
0.5430, 0.0924
0.5430, 0.0924
0.5430, 0.0924
0.5430, 0.0924
0.5430, 0.0924
0.5430, 0.0924
0.5430, 0.0924
0.5430, 0.0924
0.5430, 0.0924
0.5430, 0.0924
0.5430, 0.0924
0.5430, 0.0897
0.5430, 0.0897
0.5430, 0.0897
0.5430, 0.0897
0.5430, 0.0897
0.5430, 0.0897
0.5430, 0.0897
0.5430, 0.0897
0.5430, 0.0870
0.5430, 0.0870
0.5430, 0.0870
0.5430, 0.0870
0.5430, 0.0870
0.5430, 0.0842
0.5430, 0.0842
0.5430, 0.0842
0.5430, 0.0842
0.5430, 0.0842
0.5430, 0.0842
0.5430, 0.0842
0.5430, 0.0842
0.5430, 0.0842
0.5430, 0.0842
0.5430, 0.0842
0.5430, 0.0842
0.5430, 0.0842
0.5430, 0.0842
0.5383, 0.0815
0.5383, 0.0815
0.5383, 0.0815
0.5383, 0.0815
0.5383, 0.0788
0.5383, 0.0788
0.5383, 0.0788
0.5383, 0.0788
0.5383, 0.0788
0.5383, 0.0788
0.5383, 0.0788
0.5383, 0.0788
0.5383, 0.0788
0.5383, 0.0788
0.5383, 0.0761
0.5383, 0.0761
0.5383, 0.0761
0.5383, 0.0761
0.5383, 0.0761
0.5383, 0.0761
0.5383, 0.0761
0.5383, 0.0761
0.5383, 0.0734
0.5383, 0.0734
0.5383, 0.0734
0.5383, 0.0734
0.5383, 0.0734
0.5383, 0.0734
0.5383, 0.0734
0.5383, 0.0734
0.5383, 0.0734
0.5335, 0.0734
0.5335, 0.0734
0.5335, 0.0734
0.5335, 0.0734
0.5335, 0.0707
0.5335, 0.0707
0.5335, 0.0707
0.5335, 0.0707
0.5335, 0.0707
0.5335, 0.0707
0.5335, 0.0707
0.5335, 0.0707
0.5335, 0.0707
0.5335, 0.0707
0.5286, 0.0679
0.5286, 0.0679
0.5286, 0.0679
0.5286, 0.0679
0.5286, 0.0652
0.5286, 0.0652
0.5286, 0.0652
0.5286, 0.0652
0.5286, 0.0652
0.5286, 0.0652
0.5286, 0.0652
0.5286, 0.0652
0.5286, 0.0652
0.5286, 0.0652
0.5286, 0.0652
0.5286, 0.0652
0.5286, 0.0652
0.5286, 0.0652
0.5286, 0.0652
0.5286, 0.0652
0.5286, 0.0652
0.5286, 0.0652
0.5239, 0.0625
0.5239, 0.0625
0.5239, 0.0625
0.5239, 0.0625
0.5239, 0.0625
0.5239, 0.0625
0.5239, 0.0625
0.5239, 0.0625
0.5239, 0.0625
0.5239, 0.0598
0.5239, 0.0598
0.5239, 0.0598
0.5239, 0.0598
0.5191, 0.0598
0.5191, 0.0598
0.5191, 0.0598
0.5191, 0.0598
0.5191, 0.0598
0.5191, 0.0598
0.5191, 0.0598
0.5191, 0.0598
0.5191, 0.0571
0.5191, 0.0571
0.5191, 0.0571
0.5191, 0.0571
0.5143, 0.0571
0.5143, 0.0571
0.5143, 0.0571
0.5143, 0.0571
0.5143, 0.0543
0.5143, 0.0543
0.5143, 0.0543
0.5143, 0.0543
0.5143, 0.0516
0.5143, 0.0516
0.5143, 0.0516
0.5143, 0.0516
0.5143, 0.0516
0.5143, 0.0516
0.5143, 0.0516
0.5143, 0.0516
0.5143, 0.0516
0.5143, 0.0516
0.5143, 0.0516
0.5143, 0.0516
0.5143, 0.0516
0.5143, 0.0516
0.5095, 0.0516
0.5095, 0.0516
0.5095, 0.0516
0.5095, 0.0516
0.5095, 0.0489
0.5095, 0.0489
0.5095, 0.0489
0.5095, 0.0489
0.5095, 0.0489
0.5095, 0.0489
0.5095, 0.0489
0.5095, 0.0489
0.5048, 0.0462
0.5048, 0.0462
0.5048, 0.0462
0.5048, 0.0462
0.5048, 0.0462
0.5048, 0.0462
0.5048, 0.0462
0.5048, 0.0462
0.5048, 0.0462
0.5048, 0.0462
0.5048, 0.0462
0.5048, 0.0462
0.5048, 0.0462
0.5048, 0.0462
0.5048, 0.0462
0.5048, 0.0462
0.5048, 0.0462
0.5048, 0.0462
0.5000, 0.0435
0.5000, 0.0435
0.5000, 0.0435
0.5000, 0.0435
0.5000, 0.0435
0.5000, 0.0435
0.5000, 0.0435
0.5000, 0.0435
0.4952, 0.0408
0.4952, 0.0408
0.4952, 0.0408
0.4952, 0.0408
0.4952, 0.0408
0.4952, 0.0408
0.4952, 0.0408
0.4952, 0.0408
0.4952, 0.0408
0.4952, 0.0380
0.4952, 0.0380
0.4952, 0.0380
0.4952, 0.0380
0.4952, 0.0380
0.4952, 0.0380
0.4952, 0.0380
0.4952, 0.0380
0.4952, 0.0380
0.4905, 0.0380
0.4905, 0.0380
0.4905, 0.0380
0.4905, 0.0380
0.4905, 0.0380
0.4905, 0.0380
0.4905, 0.0380
0.4905, 0.0380
0.4905, 0.0380
0.4857, 0.0380
0.4857, 0.0380
0.4857, 0.0380
0.4857, 0.0380
0.4857, 0.0353
0.4857, 0.0353
0.4857, 0.0353
0.4857, 0.0353
0.4809, 0.0353
0.4809, 0.0353
0.4809, 0.0353
0.4809, 0.0353
0.4809, 0.0326
0.4809, 0.0326
0.4809, 0.0326
0.4809, 0.0326
0.4809, 0.0326
0.4809, 0.0326
0.4809, 0.0326
0.4809, 0.0326
0.4761, 0.0326
0.4761, 0.0326
0.4761, 0.0326
0.4761, 0.0326
0.4714, 0.0299
0.4714, 0.0299
0.4714, 0.0299
0.4714, 0.0299
0.4714, 0.0299
0.4714, 0.0299
0.4714, 0.0299
0.4714, 0.0299
0.4714, 0.0272
0.4714, 0.0272
0.4714, 0.0272
0.4714, 0.0272
0.4665, 0.0272
0.4665, 0.0272
0.4665, 0.0272
0.4665, 0.0272
0.4617, 0.0245
0.4617, 0.0245
0.4617, 0.0245
0.4617, 0.0245
0.4617, 0.0245
0.4617, 0.0245
0.4617, 0.0245
0.4617, 0.0245
0.4570, 0.0245
0.4570, 0.0245
0.4570, 0.0245
0.4570, 0.0245
0.4570, 0.0245
0.4570, 0.0245
0.4570, 0.0245
0.4570, 0.0245
0.4570, 0.0245
0.4570, 0.0245
0.4570, 0.0245
0.4570, 0.0245
0.4570, 0.0245
0.4570, 0.0245
0.4570, 0.0245
0.4570, 0.0245
0.4522, 0.0217
0.4522, 0.0217
0.4522, 0.0217
0.4522, 0.0217
0.4474, 0.0217
0.4474, 0.0217
0.4474, 0.0217
0.4474, 0.0217
0.4474, 0.0217
0.4474, 0.0217
0.4474, 0.0217
0.4474, 0.0217
0.4474, 0.0217
0.4474, 0.0190
0.4474, 0.0190
0.4474, 0.0190
0.4474, 0.0190
0.4474, 0.0190
0.4474, 0.0190
0.4474, 0.0190
0.4474, 0.0190
0.4474, 0.0190
0.4427, 0.0190
0.4427, 0.0190
0.4427, 0.0190
0.4427, 0.0190
0.4379, 0.0190
0.4379, 0.0190
0.4379, 0.0190
0.4379, 0.0190
0.4331, 0.0190
0.4331, 0.0190
0.4331, 0.0190
0.4331, 0.0190
0.4331, 0.0190
0.4331, 0.0190
0.4331, 0.0190
0.4331, 0.0190
0.4284, 0.0163
0.4284, 0.0163
0.4284, 0.0163
0.4284, 0.0163
0.4284, 0.0163
0.4284, 0.0163
0.4284, 0.0163
0.4284, 0.0163
0.4284, 0.0163
0.4236, 0.0136
0.4236, 0.0136
0.4236, 0.0136
0.4236, 0.0136
0.4236, 0.0136
0.4236, 0.0136
0.4236, 0.0136
0.4236, 0.0136
0.4188, 0.0136
0.4188, 0.0136
0.4188, 0.0136
0.4188, 0.0136
0.4140, 0.0109
0.4140, 0.0109
0.4140, 0.0109
0.4140, 0.0109
0.4140, 0.0109
0.4140, 0.0109
0.4140, 0.0109
0.4140, 0.0109
0.4092, 0.0109
0.4092, 0.0109
0.4092, 0.0109
0.4092, 0.0109
0.4092, 0.0109
0.4092, 0.0109
0.4092, 0.0109
0.4044, 0.0109
0.4044, 0.0109
0.4044, 0.0109
0.4044, 0.0109
0.4044, 0.0109
0.4044, 0.0109
0.4044, 0.0109
0.4044, 0.0109
0.3996, 0.0109
0.3996, 0.0109
0.3996, 0.0109
0.3996, 0.0109
0.3996, 0.0109
0.3996, 0.0109
0.3996, 0.0109
0.3996, 0.0109
0.3996, 0.0109
0.3949, 0.0109
0.3949, 0.0109
0.3949, 0.0109
0.3949, 0.0082
0.3949, 0.0082
0.3949, 0.0082
0.3949, 0.0082
0.3901, 0.0082
0.3901, 0.0082
0.3901, 0.0082
0.3901, 0.0082
0.3853, 0.0082
0.3853, 0.0082
0.3853, 0.0082
0.3853, 0.0082
0.3853, 0.0082
0.3853, 0.0082
0.3853, 0.0082
0.3853, 0.0082
0.3806, 0.0082
0.3806, 0.0082
0.3806, 0.0082
0.3806, 0.0082
0.3758, 0.0054
0.3758, 0.0054
0.3758, 0.0054
0.3758, 0.0054
0.3758, 0.0054
0.3758, 0.0054
0.3758, 0.0054
0.3758, 0.0054
0.3710, 0.0054
0.3710, 0.0054
0.3710, 0.0054
0.3710, 0.0054
0.3710, 0.0054
0.3710, 0.0054
0.3710, 0.0054
0.3710, 0.0054
0.3662, 0.0054
0.3662, 0.0054
0.3662, 0.0054
0.3662, 0.0054
0.3615, 0.0054
0.3615, 0.0054
0.3615, 0.0054
0.3615, 0.0054
0.3615, 0.0054
0.3615, 0.0054
0.3615, 0.0054
0.3615, 0.0054
0.3567, 0.0054
0.3567, 0.0054
0.3567, 0.0054
0.3567, 0.0054
0.3518, 0.0054
0.3518, 0.0054
0.3518, 0.0054
0.3518, 0.0054
0.3518, 0.0054
0.3518, 0.0054
0.3518, 0.0054
0.3518, 0.0054
0.3471, 0.0054
0.3471, 0.0054
0.3471, 0.0054
0.3471, 0.0054
0.3423, 0.0054
0.3423, 0.0054
0.3423, 0.0054
0.3423, 0.0054
0.3423, 0.0054
0.3423, 0.0054
0.3423, 0.0054
0.3423, 0.0054
0.3375, 0.0054
0.3375, 0.0054
0.3375, 0.0054
0.3375, 0.0054
0.3328, 0.0054
0.3328, 0.0054
0.3328, 0.0054
0.3280, 0.0054
0.3280, 0.0054
0.3280, 0.0054
0.3280, 0.0054
0.3280, 0.0054
0.3280, 0.0054
0.3280, 0.0054
0.3280, 0.0054
0.3280, 0.0054
0.3232, 0.0054
0.3232, 0.0054
0.3232, 0.0054
0.3185, 0.0054
0.3185, 0.0054
0.3185, 0.0054
0.3185, 0.0054
0.3185, 0.0054
0.3185, 0.0054
0.3185, 0.0054
0.3185, 0.0054
0.3137, 0.0054
0.3137, 0.0054
0.3137, 0.0054
0.3137, 0.0054
0.3089, 0.0054
0.3089, 0.0054
0.3089, 0.0054
0.3089, 0.0054
0.3089, 0.0054
0.3089, 0.0054
0.3089, 0.0054
0.3089, 0.0054
0.3041, 0.0054
0.3041, 0.0054
0.3041, 0.0054
0.3041, 0.0054
0.3041, 0.0054
0.3041, 0.0054
0.3041, 0.0054
0.3041, 0.0054
0.2993, 0.0054
0.2993, 0.0054
0.2993, 0.0054
0.2993, 0.0054
0.2993, 0.0054
0.2993, 0.0054
0.2993, 0.0054
0.2993, 0.0054
0.2945, 0.0054
0.2945, 0.0054
0.2945, 0.0054
0.2945, 0.0054
0.2945, 0.0054
0.2945, 0.0054
0.2945, 0.0054
0.2945, 0.0054
0.2897, 0.0054
0.2897, 0.0054
0.2897, 0.0054
0.2897, 0.0054
0.2850, 0.0054
0.2850, 0.0054
0.2850, 0.0054
0.2850, 0.0054
0.2850, 0.0054
0.2850, 0.0054
0.2850, 0.0054
0.2802, 0.0054
0.2802, 0.0054
0.2802, 0.0054
0.2802, 0.0054
0.2802, 0.0054
0.2802, 0.0054
0.2802, 0.0054
0.2802, 0.0054
0.2754, 0.0054
0.2754, 0.0054
0.2754, 0.0054
0.2754, 0.0054
0.2707, 0.0054
0.2707, 0.0054
0.2707, 0.0054
0.2707, 0.0054
0.2707, 0.0054
0.2707, 0.0054
0.2707, 0.0054
0.2707, 0.0054
0.2707, 0.0054
0.2707, 0.0054
0.2707, 0.0054
0.2707, 0.0054
0.2659, 0.0054
0.2659, 0.0054
0.2659, 0.0054
0.2659, 0.0054
0.2611, 0.0054
0.2611, 0.0054
0.2611, 0.0054
0.2564, 0.0054
0.2564, 0.0054
0.2564, 0.0054
0.2564, 0.0054
0.2564, 0.0054
0.2564, 0.0054
0.2564, 0.0054
0.2564, 0.0054
0.2564, 0.0054
0.2564, 0.0054
0.2564, 0.0054
0.2564, 0.0054
0.2516, 0.0054
0.2516, 0.0054
0.2516, 0.0054
0.2516, 0.0054
0.2468, 0.0054
0.2468, 0.0054
0.2468, 0.0054
0.2468, 0.0054
0.2468, 0.0054
0.2468, 0.0054
0.2468, 0.0054
0.2468, 0.0054
0.2468, 0.0054
0.2468, 0.0054
0.2468, 0.0054
0.2468, 0.0054
0.2419, 0.0054
0.2419, 0.0054
0.2419, 0.0054
0.2419, 0.0054
0.2372, 0.0054
0.2372, 0.0054
0.2372, 0.0054
0.2372, 0.0054
0.2372, 0.0054
0.2372, 0.0054
0.2372, 0.0054
0.2372, 0.0054
0.2324, 0.0054
0.2324, 0.0054
0.2324, 0.0054
0.2324, 0.0054
0.2324, 0.0054
0.2324, 0.0054
0.2324, 0.0054
0.2324, 0.0054
0.2324, 0.0054
0.2324, 0.0054
0.2324, 0.0054
0.2324, 0.0054
0.2276, 0.0054
0.2276, 0.0054
0.2276, 0.0054
0.2229, 0.0054
0.2229, 0.0054
0.2229, 0.0054
0.2229, 0.0054
0.2229, 0.0054
0.2229, 0.0054
0.2229, 0.0054
0.2229, 0.0054
0.2181, 0.0082
0.2181, 0.0082
0.2181, 0.0082
0.2181, 0.0082
0.2133, 0.0082
0.2133, 0.0082
0.2133, 0.0082
0.2133, 0.0082
0.2133, 0.0082
0.2133, 0.0082
0.2133, 0.0082
0.2086, 0.0082
0.2086, 0.0082
0.2086, 0.0082
0.2086, 0.0082
0.2086, 0.0082
0.2086, 0.0082
0.2086, 0.0082
0.2086, 0.0082
0.2038, 0.0082
0.2038, 0.0082
0.2038, 0.0082
0.2038, 0.0082
0.1990, 0.0082
0.1990, 0.0082
0.1990, 0.0082
0.1990, 0.0109
0.1990, 0.0109
0.1990, 0.0109
0.1990, 0.0109
0.1942, 0.0109
0.1942, 0.0109
0.1942, 0.0109
0.1942, 0.0109
0.1895, 0.0136
0.1895, 0.0136
0.1895, 0.0136
0.1895, 0.0136
0.1895, 0.0136
0.1895, 0.0136
0.1895, 0.0136
0.1895, 0.0136
0.1895, 0.0136
0.1895, 0.0136
0.1895, 0.0136
0.1895, 0.0136
0.1847, 0.0163
0.1847, 0.0163
0.1847, 0.0163
0.1798, 0.0163
0.1798, 0.0163
0.1798, 0.0163
0.1751, 0.0163
0.1751, 0.0163
0.1751, 0.0163
0.1751, 0.0163
0.1751, 0.0163
0.1751, 0.0163
0.1751, 0.0163
0.1751, 0.0163
0.1703, 0.0190
0.1703, 0.0190
0.1703, 0.0190
0.1703, 0.0190
0.1703, 0.0190
0.1703, 0.0190
0.1703, 0.0190
0.1703, 0.0190
0.1655, 0.0217
0.1655, 0.0217
0.1655, 0.0217
0.1655, 0.0217
0.1655, 0.0217
0.1655, 0.0217
0.1655, 0.0217
0.1655, 0.0217
0.1655, 0.0217
0.1655, 0.0217
0.1655, 0.0217
0.1655, 0.0217
0.1655, 0.0217
0.1655, 0.0217
0.1655, 0.0217
0.1608, 0.0217
0.1608, 0.0217
0.1608, 0.0217
0.1608, 0.0217
0.1560, 0.0245
0.1560, 0.0245
0.1560, 0.0245
0.1560, 0.0245
0.1560, 0.0245
0.1560, 0.0245
0.1560, 0.0245
0.1560, 0.0245
0.1512, 0.0272
0.1512, 0.0272
0.1512, 0.0272
0.1512, 0.0272
0.1512, 0.0272
0.1512, 0.0272
0.1512, 0.0272
0.1512, 0.0299
0.1512, 0.0299
0.1512, 0.0299
0.1512, 0.0299
0.1512, 0.0299
0.1512, 0.0299
0.1512, 0.0299
0.1512, 0.0299
0.1465, 0.0299
0.1465, 0.0299
0.1465, 0.0299
0.1465, 0.0326
0.1465, 0.0326
0.1465, 0.0326
0.1417, 0.0326
0.1417, 0.0326
0.1417, 0.0326
0.1417, 0.0326
0.1417, 0.0353
0.1417, 0.0353
0.1417, 0.0353
0.1417, 0.0353
0.1417, 0.0353
0.1417, 0.0353
0.1417, 0.0353
0.1417, 0.0353
0.1417, 0.0353
0.1417, 0.0353
0.1417, 0.0353
0.1417, 0.0380
0.1417, 0.0380
0.1417, 0.0380
0.1369, 0.0408
0.1369, 0.0408
0.1369, 0.0408
0.1369, 0.0408
0.1369, 0.0408
0.1369, 0.0408
0.1369, 0.0408
0.1369, 0.0408
0.1321, 0.0435
0.1321, 0.0435
0.1321, 0.0435
0.1321, 0.0435
0.1321, 0.0435
0.1321, 0.0435
0.1321, 0.0435
0.1273, 0.0435
0.1273, 0.0435
0.1273, 0.0435
0.1273, 0.0435
0.1273, 0.0462
0.1273, 0.0462
0.1273, 0.0462
0.1273, 0.0489
0.1273, 0.0489
0.1273, 0.0489
0.1273, 0.0489
0.1273, 0.0489
0.1273, 0.0489
0.1273, 0.0489
0.1273, 0.0489
0.1273, 0.0489
0.1273, 0.0489
0.1273, 0.0489
0.1225, 0.0516
0.1225, 0.0516
0.1225, 0.0516
0.1225, 0.0516
0.1225, 0.0516
0.1225, 0.0516
0.1225, 0.0516
0.1225, 0.0516
0.1225, 0.0543
0.1225, 0.0543
0.1225, 0.0543
0.1177, 0.0571
0.1177, 0.0571
0.1177, 0.0571
0.1177, 0.0571
0.1177, 0.0571
0.1177, 0.0571
0.1177, 0.0571
0.1177, 0.0571
0.1177, 0.0598
0.1177, 0.0598
0.1177, 0.0598
0.1177, 0.0598
0.1177, 0.0598
0.1177, 0.0598
0.1177, 0.0598
0.1177, 0.0625
0.1177, 0.0625
0.1177, 0.0625
0.1177, 0.0625
0.1177, 0.0625
0.1177, 0.0625
0.1177, 0.0625
0.1130, 0.0652
0.1130, 0.0652
0.1130, 0.0652
0.1130, 0.0652
0.1130, 0.0652
0.1130, 0.0652
0.1130, 0.0652
0.1130, 0.0652
0.1130, 0.0679
0.1130, 0.0679
0.1130, 0.0679
0.1130, 0.0679
0.1130, 0.0679
0.1130, 0.0679
0.1130, 0.0679
0.1082, 0.0707
0.1082, 0.0707
0.1082, 0.0707
0.1082, 0.0707
0.1082, 0.0707
0.1082, 0.0707
0.1082, 0.0707
0.1082, 0.0707
0.1082, 0.0707
0.1082, 0.0707
0.1082, 0.0707
0.1082, 0.0707
0.1082, 0.0707
0.1082, 0.0707
0.1034, 0.0734
0.1034, 0.0734
0.1034, 0.0761
0.1034, 0.0761
0.1034, 0.0761
0.1034, 0.0761
0.1034, 0.0761
0.1034, 0.0761
0.1034, 0.0761
0.1034, 0.0761
0.1034, 0.0761
0.1034, 0.0761
0.1034, 0.0788
0.1034, 0.0788
0.1034, 0.0788
0.1034, 0.0815
0.1034, 0.0815
0.1034, 0.0815
0.1034, 0.0815
0.1034, 0.0815
0.1034, 0.0815
0.1034, 0.0815
0.1034, 0.0815
0.1034, 0.0842
0.1034, 0.0842
0.1034, 0.0842
0.0987, 0.0870
0.0987, 0.0870
0.0987, 0.0870
0.0987, 0.0870
0.0987, 0.0897
0.0987, 0.0897
0.0987, 0.0897
0.0987, 0.0897
0.0987, 0.0897
0.0987, 0.0897
0.0987, 0.0897
0.0987, 0.0924
0.0987, 0.0924
0.0987, 0.0924
0.0987, 0.0924
0.0987, 0.0978
0.0987, 0.0978
0.0987, 0.0978
0.0939, 0.0978
0.0939, 0.0978
0.0939, 0.0978
0.0939, 0.1005
0.0939, 0.1005
0.0939, 0.1005
0.0939, 0.1005
0.0939, 0.1033
0.0939, 0.1033
0.0939, 0.1033
0.0939, 0.1033
0.0939, 0.1033
0.0939, 0.1033
0.0939, 0.1033
0.0939, 0.1060
0.0939, 0.1060
0.0939, 0.1060
0.0939, 0.1060
0.0939, 0.1114
0.0939, 0.1114
0.0939, 0.1114
0.0939, 0.1114
0.0939, 0.1114
0.0939, 0.1114
0.0939, 0.1114
0.0939, 0.1141
0.0939, 0.1141
0.0939, 0.1141
0.0939, 0.1196
0.0939, 0.1196
0.0939, 0.1196
0.0939, 0.1196
0.0939, 0.1196
0.0939, 0.1196
0.0939, 0.1196
0.0939, 0.1196
0.0939, 0.1250
0.0939, 0.1250
0.0939, 0.1250
0.0939, 0.1277
0.0939, 0.1277
0.0939, 0.1277
0.0939, 0.1277
0.0939, 0.1304
0.0939, 0.1304
0.0939, 0.1304
0.0939, 0.1359
0.0939, 0.1359
0.0939, 0.1359
0.0939, 0.1359
0.0939, 0.1359
0.0939, 0.1359
0.0939, 0.1359
0.0939, 0.1413
0.0939, 0.1413
0.0939, 0.1413
0.0939, 0.1413
0.0939, 0.1440
0.0939, 0.1440
0.0939, 0.1440
0.0939, 0.1440
0.0939, 0.1440
0.0939, 0.1440
0.0939, 0.1440
0.0939, 0.1467
0.0939, 0.1467
0.0939, 0.1467
0.0939, 0.1495
0.0939, 0.1495
0.0939, 0.1495
0.0939, 0.1495
0.0939, 0.1522
0.0939, 0.1522
0.0939, 0.1522
0.0939, 0.1549
0.0939, 0.1549
0.0939, 0.1549
0.0939, 0.1576
0.0939, 0.1576
0.0939, 0.1576
0.0939, 0.1576
0.0939, 0.1576
0.0939, 0.1576
0.0939, 0.1576
0.0939, 0.1576
0.0939, 0.1603
0.0939, 0.1603
0.0939, 0.1603
0.0939, 0.1630
0.0939, 0.1630
0.0939, 0.1630
0.0939, 0.1630
0.0939, 0.1630
0.0939, 0.1630
0.0939, 0.1630
0.0939, 0.1658
0.0939, 0.1658
0.0939, 0.1658
0.0939, 0.1685
0.0939, 0.1685
0.0939, 0.1685
0.0939, 0.1712
0.0939, 0.1712
0.0939, 0.1712
0.0939, 0.1712
0.0939, 0.1712
0.0939, 0.1712
0.0939, 0.1712
0.0939, 0.1712
0.0939, 0.1739
0.0939, 0.1739
0.0939, 0.1739
0.0939, 0.1766
0.0939, 0.1766
0.0939, 0.1766
0.0939, 0.1766
0.0939, 0.1766
0.0939, 0.1766
0.0939, 0.1766
0.0939, 0.1766
0.0939, 0.1766
0.0939, 0.1766
0.0939, 0.1766
0.0939, 0.1793
0.0939, 0.1793
0.0939, 0.1793
0.0939, 0.1821
0.0939, 0.1821
0.0939, 0.1821
0.0939, 0.1821
0.0939, 0.1848
0.0939, 0.1848
0.0939, 0.1848
0.0939, 0.1848
0.0939, 0.1848
0.0939, 0.1848
0.0939, 0.1848
0.0987, 0.1875
0.0987, 0.1875
0.0987, 0.1875
0.0987, 0.1902
0.0987, 0.1902
0.0987, 0.1902
0.0987, 0.1902
0.0987, 0.1902
0.0987, 0.1902
0.0987, 0.1902
0.0987, 0.1929
0.0987, 0.1929
0.0987, 0.1929
0.0987, 0.1957
0.0987, 0.1957
0.0987, 0.1957
0.0987, 0.1957
0.0987, 0.1984
0.0987, 0.1984
0.0987, 0.1984
0.0987, 0.1984
0.0987, 0.1984
0.0987, 0.1984
0.0987, 0.1984
0.0987, 0.2011
0.0987, 0.2011
0.0987, 0.2011
0.1034, 0.2038
0.1034, 0.2038
0.1034, 0.2038
0.1034, 0.2038
0.1034, 0.2038
0.1034, 0.2038
0.1034, 0.2038
0.1082, 0.2092
0.1082, 0.2092
0.1082, 0.2092
0.1082, 0.2120
0.1082, 0.2120
0.1082, 0.2120
0.1082, 0.2120
0.1082, 0.2120
0.1082, 0.2120
0.1082, 0.2120
0.1130, 0.2120
0.1130, 0.2120
0.1130, 0.2120
0.1130, 0.2147
0.1130, 0.2147
0.1130, 0.2147
0.1130, 0.2147
0.1130, 0.2174
0.1130, 0.2174
0.1130, 0.2174
0.1130, 0.2174
0.1130, 0.2174
0.1130, 0.2174
0.1130, 0.2201
0.1130, 0.2201
0.1130, 0.2201
0.1130, 0.2201
0.1130, 0.2255
0.1130, 0.2255
0.1130, 0.2255
0.1130, 0.2255
0.1130, 0.2255
0.1130, 0.2255
0.1130, 0.2255
0.1177, 0.2283
0.1177, 0.2283
0.1177, 0.2283
0.1177, 0.2310
0.1177, 0.2310
0.1177, 0.2310
0.1177, 0.2337
0.1177, 0.2337
0.1177, 0.2337
0.1225, 0.2337
0.1225, 0.2337
0.1225, 0.2337
0.1225, 0.2337
0.1225, 0.2364
0.1225, 0.2364
0.1225, 0.2364
0.1225, 0.2391
0.1225, 0.2391
0.1225, 0.2391
0.1225, 0.2391
0.1225, 0.2391
0.1225, 0.2391
0.1225, 0.2391
0.1225, 0.2418
0.1225, 0.2418
0.1225, 0.2418
0.1225, 0.2446
0.1225, 0.2446
0.1225, 0.2446
0.1273, 0.2473
0.1273, 0.2473
0.1273, 0.2473
0.1273, 0.2473
0.1273, 0.2473
0.1273, 0.2473
0.1273, 0.2473
0.1321, 0.2473
0.1321, 0.2473
0.1321, 0.2473
0.1321, 0.2527
0.1321, 0.2527
0.1321, 0.2527
0.1321, 0.2527
0.1321, 0.2527
0.1321, 0.2527
0.1321, 0.2527
0.1369, 0.2554
0.1369, 0.2554
0.1369, 0.2554
0.1369, 0.2582
0.1369, 0.2582
0.1369, 0.2582
0.1369, 0.2582
0.1369, 0.2609
0.1369, 0.2609
0.1369, 0.2609
0.1417, 0.2636
0.1417, 0.2636
0.1417, 0.2636
0.1417, 0.2636
0.1417, 0.2636
0.1417, 0.2636
0.1417, 0.2636
0.1465, 0.2690
0.1465, 0.2690
0.1465, 0.2690
0.1465, 0.2717
0.1465, 0.2717
0.1465, 0.2717
0.1512, 0.2717
0.1512, 0.2717
0.1512, 0.2717
0.1512, 0.2745
0.1512, 0.2745
0.1512, 0.2745
0.1512, 0.2745
0.1512, 0.2745
0.1512, 0.2745
0.1560, 0.2772
0.1560, 0.2772
0.1560, 0.2772
0.1560, 0.2772
0.1560, 0.2772
0.1560, 0.2772
0.1560, 0.2772
0.1608, 0.2799
0.1608, 0.2799
0.1608, 0.2799
0.1608, 0.2826
0.1608, 0.2826
0.1608, 0.2826
0.1608, 0.2826
0.1655, 0.2853
0.1655, 0.2853
0.1655, 0.2853
0.1655, 0.2880
0.1655, 0.2880
0.1655, 0.2880
0.1655, 0.2908
0.1655, 0.2908
0.1655, 0.2908
0.1703, 0.2935
0.1703, 0.2935
0.1703, 0.2935
0.1751, 0.2935
0.1751, 0.2935
0.1751, 0.2935
0.1751, 0.2935
0.1751, 0.2962
0.1751, 0.2962
0.1751, 0.2962
0.1751, 0.2989
0.1751, 0.2989
0.1751, 0.2989
0.1751, 0.3016
0.1751, 0.3016
0.1751, 0.3016
0.1798, 0.3043
0.1798, 0.3043
0.1798, 0.3043
0.1847, 0.3071
0.1847, 0.3071
0.1847, 0.3071
0.1847, 0.3071
0.1847, 0.3071
0.1847, 0.3071
0.1847, 0.3071
0.1895, 0.3098
0.1895, 0.3098
0.1895, 0.3098
0.1895, 0.3125
0.1895, 0.3125
0.1895, 0.3125
0.1895, 0.3125
0.1895, 0.3125
0.1895, 0.3125
0.1895, 0.3125
0.1942, 0.3152
0.1942, 0.3152
0.1942, 0.3152
0.1990, 0.3179
0.1990, 0.3179
0.1990, 0.3179
0.1990, 0.3207
0.1990, 0.3207
0.1990, 0.3207
0.1990, 0.3234
0.1990, 0.3234
0.1990, 0.3234
0.2038, 0.3261
0.2038, 0.3261
0.2038, 0.3261
0.2038, 0.3288
0.2038, 0.3288
0.2038, 0.3288
0.2086, 0.3288
0.2086, 0.3288
0.2086, 0.3288
0.2133, 0.3288
0.2133, 0.3288
0.2133, 0.3288
0.2133, 0.3315
0.2133, 0.3315
0.2133, 0.3315
0.2133, 0.3342
0.2133, 0.3342
0.2133, 0.3342
0.2133, 0.3342
0.2133, 0.3342
0.2133, 0.3342
0.2181, 0.3370
0.2181, 0.3370
0.2181, 0.3370
0.2229, 0.3370
0.2229, 0.3370
0.2229, 0.3370
0.2229, 0.3370
0.2229, 0.3397
0.2229, 0.3397
0.2229, 0.3397
0.2229, 0.3424
0.2229, 0.3424
0.2229, 0.3424
0.2276, 0.3424
0.2276, 0.3424
0.2276, 0.3424
0.2324, 0.3451
0.2324, 0.3451
0.2324, 0.3451
0.2372, 0.3478
0.2372, 0.3478
0.2372, 0.3478
0.2372, 0.3478
0.2372, 0.3478
0.2372, 0.3478
0.2372, 0.3478
0.2419, 0.3505
0.2419, 0.3505
0.2419, 0.3505
0.2419, 0.3505
0.2419, 0.3505
0.2468, 0.3533
0.2468, 0.3533
0.2468, 0.3533
0.2468, 0.3533
0.2468, 0.3533
0.2468, 0.3533
0.2516, 0.3560
0.2516, 0.3560
0.2516, 0.3560
0.2564, 0.3587
0.2564, 0.3587
0.2564, 0.3587
0.2611, 0.3614
0.2611, 0.3614
0.2611, 0.3614
0.2611, 0.3614
0.2611, 0.3614
0.2611, 0.3614
0.2659, 0.3641
0.2707, 0.3668
0.2707, 0.3668
0.2707, 0.3668
0.2707, 0.3668
0.2707, 0.3668
0.2754, 0.3668
0.2754, 0.3668
0.2754, 0.3668
0.2802, 0.3696
0.2802, 0.3696
0.2802, 0.3723
0.2802, 0.3723
0.2802, 0.3723
0.2850, 0.3723
0.2850, 0.3723
0.2850, 0.3723
0.2897, 0.3750
0.2897, 0.3750
0.2945, 0.3750
0.2945, 0.3750
0.2945, 0.3750
0.2993, 0.3777
0.2993, 0.3777
0.2993, 0.3777
0.3041, 0.3804
0.3041, 0.3804
0.3089, 0.3804
0.3089, 0.3804
0.3089, 0.3804
0.3089, 0.3832
0.3089, 0.3832
0.3137, 0.3832
0.3137, 0.3832
0.3137, 0.3832
0.3185, 0.3832
0.3185, 0.3832
0.3185, 0.3859
0.3185, 0.3859
0.3185, 0.3859
0.3232, 0.3886
0.3232, 0.3886
0.3232, 0.3886
0.3280, 0.3886
0.3280, 0.3886
0.3280, 0.3886
0.3328, 0.3886
0.3328, 0.3886
0.3328, 0.3913
0.3328, 0.3913
0.3328, 0.3913
0.3375, 0.3940
0.3375, 0.3940
0.3375, 0.3940
0.3471, 0.3940
0.3471, 0.3940
0.3471, 0.3940
0.3471, 0.3940
0.3471, 0.3940
0.3471, 0.3940
0.3471, 0.3940
0.3518, 0.3967
0.3518, 0.3967
0.3518, 0.3967
0.3615, 0.3995
0.3615, 0.3995
0.3615, 0.3995
0.3615, 0.3995
0.3615, 0.3995
0.3615, 0.3995
0.3615, 0.3995
0.3662, 0.4022
0.3662, 0.4022
0.3662, 0.4022
0.3710, 0.4022
0.3710, 0.4022
0.3710, 0.4022
0.3758, 0.4022
0.3758, 0.4022
0.3758, 0.4022
0.3853, 0.4022
0.3853, 0.4022
0.3853, 0.4022
0.3853, 0.4049
0.3853, 0.4049
0.3853, 0.4049
0.3949, 0.4049
0.3949, 0.4049
0.3949, 0.4049
0.3996, 0.4076
0.3996, 0.4076
0.3996, 0.4076
0.4044, 0.4076
0.4044, 0.4076
0.4044, 0.4076
0.4044, 0.4076
0.4140, 0.4103
0.4140, 0.4103
0.4140, 0.4103
0.4188, 0.4103
0.4188, 0.4103
0.4188, 0.4103
0.4284, 0.4130
0.4284, 0.4130
0.4284, 0.4130
0.4379, 0.4130
0.4379, 0.4130
0.4379, 0.4130
0.4427, 0.4130
0.4427, 0.4130
0.4427, 0.4130
0.4522, 0.4130
0.4522, 0.4130
0.4522, 0.4130
0.4617, 0.4158
0.4617, 0.4158
0.4617, 0.4158
0.4665, 0.4158
0.4665, 0.4158
0.4665, 0.4158
0.4761, 0.4185
0.4761, 0.4185
0.4761, 0.4185
0.4857, 0.4185
0.4857, 0.4185
0.4857, 0.4185
0.4905, 0.4212
0.4905, 0.4212
0.4905, 0.4212
0.4952, 0.4212
0.4952, 0.4212
0.4952, 0.4212
0.4952, 0.4212
0.5048, 0.4239
0.5048, 0.4239
0.5048, 0.4239
0.5095, 0.4239
0.5095, 0.4239
0.5095, 0.4239
0.5191, 0.4266
0.5191, 0.4266
0.5191, 0.4266
0.5239, 0.4266
0.5239, 0.4266
0.5239, 0.4266
0.5286, 0.4266
0.5286, 0.4266
0.5286, 0.4266
0.5383, 0.4293
0.5383, 0.4293
0.5383, 0.4293
0.5478, 0.4321
0.5478, 0.4321
0.5478, 0.4321
0.5478, 0.4321
0.5478, 0.4321
0.5478, 0.4321
0.5573, 0.4348
0.5573, 0.4348
0.5573, 0.4348
0.5669, 0.4375
0.5669, 0.4375
0.5669, 0.4375
0.5669, 0.4375
0.5669, 0.4375
0.5669, 0.4375
0.5669, 0.4375
0.5716, 0.4375
0.5716, 0.4375
0.5716, 0.4375
0.5764, 0.4375
0.5764, 0.4375
0.5764, 0.4375
0.5764, 0.4402
0.5764, 0.4402
0.5764, 0.4402
0.5812, 0.4402
0.5812, 0.4402
0.5812, 0.4402
0.5860, 0.4429
0.5860, 0.4429
0.5860, 0.4429
0.5908, 0.4429
0.5908, 0.4429
0.5908, 0.4429
0.5908, 0.4429
0.5908, 0.4429
0.5908, 0.4429
0.5956, 0.4429
0.5956, 0.4429
0.5956, 0.4429
0.5956, 0.4429
0.5956, 0.4429
0.5956, 0.4429
0.6004, 0.4429
0.6004, 0.4429
0.6004, 0.4429
0.6004, 0.4429
0.6004, 0.4429
0.6004, 0.4429
0.6004, 0.4429
0.6004, 0.4457
0.6004, 0.4457
0.6004, 0.4457
0.6004, 0.4457
0.6004, 0.4457
0.6004, 0.4457
0.6004, 0.4457
0.6004, 0.4457
0.6004, 0.4457
0.6004, 0.4457
0.6004, 0.4457
0.6004, 0.4457
0.6004, 0.4457
0.6004, 0.4457
0.6004, 0.4457
0.6004, 0.4457
0.6004, 0.4457
0.6004, 0.4457
0.6004, 0.4457
0.6004, 0.4457
0.6004, 0.4457
0.6004, 0.4457
0.6004, 0.4457
0.6004, 0.4457
0.6004, 0.4457
0.6004, 0.4457
0.6004, 0.4457
0.6004, 0.4457
0.6004, 0.4457
0.6004, 0.4457
0.6004, 0.4457
0.6004, 0.4457
0.6004, 0.4457
0.6004, 0.4457
0.6004, 0.4457
0.6004, 0.4457
0.6004, 0.4457
0.6004, 0.4457
0.6004, 0.4457
0.6004, 0.4457
0.6004, 0.4457
0.6004, 0.4457
0.6004, 0.4457
0.6004, 0.4457
0.6004, 0.4457
0.6004, 0.4457
0.6004, 0.4457
0.6004, 0.4457
0.6004, 0.4457
0.6004, 0.4457
0.6004, 0.4457
0.6004, 0.4457
0.6004, 0.4457
0.6004, 0.4457
0.6004, 0.4457
0.6004, 0.4457
0.6004, 0.4457
0.6004, 0.4457
0.6004, 0.4457
0.6004, 0.4457
0.6004, 0.4457
0.6004, 0.4457
0.6004, 0.4457

0.5478, 0.0897
0.5478, 0.0897
0.5478, 0.0897
0.5478, 0.0897
0.5478, 0.0897
0.5478, 0.0897
0.5478, 0.0897
0.5478, 0.0897
0.5478, 0.0897
0.5478, 0.0897
0.5478, 0.0897
0.5478, 0.0897
0.5478, 0.0897
0.5478, 0.0897
0.5478, 0.0897
0.5478, 0.0897
0.5478, 0.0897
0.5478, 0.0897
0.5478, 0.0897
0.5478, 0.0897
0.5478, 0.0897
0.5478, 0.0897
0.5478, 0.0897
0.5478, 0.0897
0.5478, 0.0897
0.5478, 0.0897
0.5478, 0.0897
0.5478, 0.0897
0.5478, 0.0897
0.5478, 0.0897
0.5478, 0.0897
0.5478, 0.0897
0.5478, 0.0897
0.5478, 0.0897
0.5478, 0.0897
0.5478, 0.0897
0.5478, 0.0897
0.5478, 0.0897
0.5478, 0.0897
0.5478, 0.0897
0.5478, 0.0897
0.5478, 0.0897
0.5478, 0.0897
0.5478, 0.0897
0.5478, 0.0897
0.5478, 0.0897
0.5478, 0.0897
0.5478, 0.0870
0.5478, 0.0870
0.5478, 0.0870
0.5478, 0.0870
0.5478, 0.0870
0.5478, 0.0870
0.5478, 0.0870
0.5478, 0.0870
0.5478, 0.0870
0.5478, 0.0842
0.5478, 0.0842
0.5478, 0.0842
0.5478, 0.0842
0.5478, 0.0842
0.5478, 0.0842
0.5478, 0.0842
0.5478, 0.0842
0.5478, 0.0842
0.5478, 0.0815
0.5478, 0.0815
0.5478, 0.0815
0.5478, 0.0815
0.5478, 0.0815
0.5478, 0.0815
0.5478, 0.0815
0.5478, 0.0815
0.5478, 0.0815
0.5478, 0.0815
0.5478, 0.0815
0.5478, 0.0815
0.5478, 0.0815
0.5478, 0.0815
0.5478, 0.0788
0.5478, 0.0788
0.5478, 0.0788
0.5478, 0.0788
0.5478, 0.0788
0.5478, 0.0788
0.5478, 0.0788
0.5478, 0.0788
0.5478, 0.0788
0.5526, 0.0761
0.5526, 0.0761
0.5526, 0.0761
0.5526, 0.0761
0.5526, 0.0761
0.5526, 0.0761
0.5526, 0.0761
0.5526, 0.0761
0.5526, 0.0761
0.5526, 0.0761
0.5526, 0.0761
0.5526, 0.0761
0.5526, 0.0761
0.5526, 0.0761
0.5526, 0.0761
0.5526, 0.0761
0.5526, 0.0761
0.5526, 0.0761
0.5526, 0.0734
0.5526, 0.0734
0.5526, 0.0734
0.5526, 0.0734
0.5526, 0.0734
0.5526, 0.0734
0.5526, 0.0734
0.5526, 0.0707
0.5526, 0.0707
0.5526, 0.0707
0.5526, 0.0707
0.5526, 0.0707
0.5526, 0.0707
0.5526, 0.0707
0.5526, 0.0707
0.5526, 0.0707
0.5526, 0.0679
0.5526, 0.0679
0.5526, 0.0679
0.5526, 0.0679
0.5526, 0.0679
0.5526, 0.0679
0.5526, 0.0679
0.5526, 0.0679
0.5526, 0.0679
0.5526, 0.0679
0.5526, 0.0679
0.5526, 0.0679
0.5526, 0.0679
0.5526, 0.0679
0.5526, 0.0679
0.5526, 0.0679
0.5526, 0.0679
0.5573, 0.0652
0.5573, 0.0652
0.5573, 0.0652
0.5573, 0.0652
0.5573, 0.0652
0.5573, 0.0652
0.5573, 0.0652
0.5573, 0.0652
0.5573, 0.0652
0.5573, 0.0625
0.5573, 0.0625
0.5573, 0.0625
0.5573, 0.0625
0.5573, 0.0625
0.5573, 0.0625
0.5573, 0.0625
0.5573, 0.0625
0.5573, 0.0625
0.5573, 0.0625
0.5573, 0.0625
0.5573, 0.0625
0.5573, 0.0625
0.5573, 0.0625
0.5573, 0.0625
0.5573, 0.0625
0.5573, 0.0625
0.5573, 0.0625
0.5573, 0.0598
0.5573, 0.0598
0.5573, 0.0598
0.5573, 0.0598
0.5573, 0.0598
0.5573, 0.0598
0.5573, 0.0598
0.5573, 0.0598
0.5573, 0.0598
0.5573, 0.0571
0.5573, 0.0571
0.5573, 0.0571
0.5573, 0.0571
0.5621, 0.0571
0.5621, 0.0571
0.5621, 0.0571
0.5621, 0.0571
0.5621, 0.0571
0.5621, 0.0571
0.5621, 0.0571
0.5621, 0.0571
0.5621, 0.0543
0.5621, 0.0543
0.5621, 0.0543
0.5621, 0.0543
0.5621, 0.0543
0.5669, 0.0543
0.5669, 0.0543
0.5669, 0.0543
0.5669, 0.0543
0.5669, 0.0516
0.5669, 0.0516
0.5669, 0.0516
0.5669, 0.0516
0.5669, 0.0516
0.5669, 0.0516
0.5669, 0.0516
0.5669, 0.0516
0.5669, 0.0489
0.5669, 0.0489
0.5669, 0.0489
0.5669, 0.0489
0.5669, 0.0489
0.5669, 0.0489
0.5669, 0.0489
0.5669, 0.0489
0.5669, 0.0489
0.5669, 0.0489
0.5669, 0.0489
0.5669, 0.0489
0.5669, 0.0489
0.5669, 0.0462
0.5669, 0.0462
0.5669, 0.0462
0.5669, 0.0462
0.5669, 0.0462
0.5716, 0.0462
0.5716, 0.0462
0.5716, 0.0462
0.5716, 0.0435
0.5716, 0.0435
0.5716, 0.0435
0.5716, 0.0435
0.5716, 0.0435
0.5764, 0.0435
0.5764, 0.0435
0.5764, 0.0435
0.5764, 0.0435
0.5764, 0.0435
0.5764, 0.0435
0.5764, 0.0435
0.5764, 0.0435
0.5764, 0.0435
0.5764, 0.0435
0.5764, 0.0435
0.5764, 0.0435
0.5764, 0.0435
0.5812, 0.0408
0.5812, 0.0408
0.5812, 0.0408
0.5812, 0.0408
0.5812, 0.0408
0.5812, 0.0408
0.5812, 0.0408
0.5812, 0.0408
0.5812, 0.0408
0.5812, 0.0408
0.5812, 0.0408
0.5812, 0.0408
0.5812, 0.0380
0.5812, 0.0380
0.5812, 0.0380
0.5812, 0.0380
0.5812, 0.0380
0.5812, 0.0380
0.5812, 0.0380
0.5812, 0.0380
0.5812, 0.0380
0.5812, 0.0380
0.5812, 0.0380
0.5812, 0.0380
0.5812, 0.0380
0.5812, 0.0380
0.5812, 0.0380
0.5812, 0.0380
0.5812, 0.0380
0.5812, 0.0353
0.5812, 0.0353
0.5812, 0.0353
0.5812, 0.0353
0.5812, 0.0353
0.5812, 0.0353
0.5812, 0.0353
0.5812, 0.0353
0.5812, 0.0353
0.5812, 0.0353
0.5812, 0.0353
0.5860, 0.0353
0.5860, 0.0353
0.5860, 0.0353
0.5860, 0.0353
0.5860, 0.0326
0.5860, 0.0326
0.5860, 0.0326
0.5860, 0.0326
0.5908, 0.0326
0.5908, 0.0326
0.5908, 0.0326
0.5908, 0.0326
0.5908, 0.0326
0.5908, 0.0299
0.5908, 0.0299
0.5908, 0.0299
0.5908, 0.0299
0.5908, 0.0299
0.5908, 0.0299
0.5908, 0.0299
0.5908, 0.0299
0.5908, 0.0299
0.5908, 0.0299
0.5908, 0.0299
0.5908, 0.0299
0.5908, 0.0299
0.5908, 0.0299
0.5908, 0.0299
0.5908, 0.0299
0.5908, 0.0299
0.5908, 0.0299
0.5908, 0.0299
0.5908, 0.0299
0.5908, 0.0299
0.5908, 0.0299
0.5908, 0.0299
0.5908, 0.0299
0.5908, 0.0299
0.5908, 0.0299
0.5956, 0.0272
0.5956, 0.0272
0.5956, 0.0272
0.5956, 0.0272
0.5956, 0.0272
0.5956, 0.0272
0.5956, 0.0272
0.5956, 0.0272
0.5956, 0.0272
0.5956, 0.0272
0.5956, 0.0272
0.5956, 0.0272
0.5956, 0.0272
0.5956, 0.0245
0.5956, 0.0245
0.5956, 0.0245
0.5956, 0.0245
0.6004, 0.0245
0.6004, 0.0245
0.6004, 0.0245
0.6004, 0.0245
0.6004, 0.0245
0.6004, 0.0245
0.6004, 0.0245
0.6004, 0.0245
0.6004, 0.0217
0.6004, 0.0217
0.6004, 0.0217
0.6004, 0.0217
0.6051, 0.0217
0.6051, 0.0217
0.6051, 0.0217
0.6051, 0.0217
0.6051, 0.0217
0.6051, 0.0217
0.6051, 0.0217
0.6051, 0.0217
0.6051, 0.0217
0.6051, 0.0217
0.6051, 0.0217
0.6051, 0.0217
0.6051, 0.0190
0.6051, 0.0190
0.6051, 0.0190
0.6051, 0.0190
0.6051, 0.0190
0.6051, 0.0190
0.6051, 0.0190
0.6051, 0.0190
0.6051, 0.0190
0.6099, 0.0190
0.6099, 0.0190
0.6099, 0.0190
0.6099, 0.0190
0.6099, 0.0163
0.6099, 0.0163
0.6099, 0.0163
0.6099, 0.0163
0.6099, 0.0163
0.6099, 0.0163
0.6099, 0.0163
0.6099, 0.0163
0.6099, 0.0163
0.6099, 0.0163
0.6099, 0.0163
0.6099, 0.0163
0.6099, 0.0163
0.6147, 0.0163
0.6147, 0.0163
0.6147, 0.0163
0.6147, 0.0163
0.6147, 0.0163
0.6147, 0.0163
0.6147, 0.0163
0.6147, 0.0163
0.6147, 0.0163
0.6147, 0.0163
0.6147, 0.0163
0.6147, 0.0163
0.6147, 0.0163
0.6147, 0.0163
0.6147, 0.0163
0.6147, 0.0163
0.6147, 0.0163
0.6147, 0.0163
0.6147, 0.0163
0.6147, 0.0163
0.6147, 0.0163
0.6147, 0.0136
0.6147, 0.0136
0.6147, 0.0136
0.6147, 0.0136
0.6147, 0.0136
0.6147, 0.0136
0.6147, 0.0136
0.6147, 0.0136
0.6194, 0.0136
0.6194, 0.0136
0.6194, 0.0136
0.6194, 0.0136
0.6194, 0.0136
0.6194, 0.0136
0.6194, 0.0136
0.6194, 0.0136
0.6194, 0.0136
0.6242, 0.0109
0.6242, 0.0109
0.6242, 0.0109
0.6242, 0.0109
0.6242, 0.0109
0.6242, 0.0109
0.6242, 0.0109
0.6242, 0.0109
0.6290, 0.0109
0.6290, 0.0109
0.6290, 0.0109
0.6290, 0.0109
0.6290, 0.0082
0.6290, 0.0082
0.6290, 0.0082
0.6290, 0.0082
0.6290, 0.0082
0.6290, 0.0082
0.6290, 0.0082
0.6290, 0.0082
0.6290, 0.0082
0.6290, 0.0082
0.6290, 0.0082
0.6290, 0.0082
0.6290, 0.0082
0.6338, 0.0082
0.6338, 0.0082
0.6338, 0.0082
0.6338, 0.0082
0.6385, 0.0082
0.6385, 0.0082
0.6385, 0.0082
0.6385, 0.0082
0.6385, 0.0082
0.6385, 0.0082
0.6385, 0.0082
0.6385, 0.0082
0.6385, 0.0082
0.6385, 0.0082
0.6385, 0.0082
0.6385, 0.0082
0.6434, 0.0082
0.6434, 0.0082
0.6434, 0.0082
0.6434, 0.0082
0.6482, 0.0082
0.6482, 0.0082
0.6482, 0.0082
0.6482, 0.0054
0.6482, 0.0054
0.6482, 0.0054
0.6482, 0.0054
0.6529, 0.0054
0.6529, 0.0054
0.6529, 0.0054
0.6529, 0.0054
0.6529, 0.0054
0.6529, 0.0054
0.6529, 0.0054
0.6529, 0.0054
0.6577, 0.0054
0.6577, 0.0054
0.6577, 0.0054
0.6577, 0.0054
0.6577, 0.0027
0.6577, 0.0027
0.6577, 0.0027
0.6577, 0.0027
0.6625, 0.0027
0.6625, 0.0027
0.6625, 0.0027
0.6625, 0.0027
0.6625, 0.0027
0.6625, 0.0027
0.6625, 0.0027
0.6625, 0.0027
0.6672, 0.0027
0.6672, 0.0027
0.6672, 0.0027
0.6672, 0.0027
0.6672, 0.0027
0.6672, 0.0027
0.6672, 0.0027
0.6720, 0.0027
0.6720, 0.0027
0.6720, 0.0027
0.6768, 0.0027
0.6768, 0.0027
0.6768, 0.0027
0.6768, 0.0027
0.6768, 0.0027
0.6768, 0.0027
0.6768, 0.0027
0.6768, 0.0027
0.6768, 0.0027
0.6768, 0.0027
0.6768, 0.0027
0.6768, 0.0027
0.6815, 0.0027
0.6815, 0.0027
0.6815, 0.0027
0.6863, 0.0027
0.6863, 0.0027
0.6863, 0.0027
0.6863, 0.0027
0.6863, 0.0027
0.6863, 0.0027
0.6863, 0.0027
0.6863, 0.0027
0.6863, 0.0027
0.6863, 0.0027
0.6863, 0.0027
0.6863, 0.0027
0.6911, 0.0027
0.6911, 0.0027
0.6911, 0.0027
0.6911, 0.0027
0.6911, 0.0027
0.6911, 0.0027
0.6911, 0.0027
0.6911, 0.0027
0.6911, 0.0027
0.6959, 0.0027
0.6959, 0.0027
0.6959, 0.0027
0.7007, 0.0000
0.7007, 0.0000
0.7007, 0.0000
0.7007, 0.0000
0.7007, 0.0000
0.7007, 0.0000
0.7007, 0.0000
0.7007, 0.0000
0.7007, 0.0000
0.7007, 0.0000
0.7007, 0.0000
0.7007, 0.0000
0.7055, 0.0000
0.7055, 0.0000
0.7055, 0.0000
0.7055, 0.0000
0.7103, 0.0000
0.7103, 0.0000
0.7103, 0.0000
0.7103, 0.0000
0.7103, 0.0000
0.7103, 0.0000
0.7103, 0.0000
0.7103, 0.0000
0.7150, 0.0000
0.7150, 0.0000
0.7150, 0.0000
0.7150, 0.0000
0.7198, 0.0000
0.7198, 0.0000
0.7198, 0.0000
0.7198, 0.0000
0.7198, 0.0000
0.7198, 0.0000
0.7198, 0.0000
0.7198, 0.0000
0.7198, 0.0000
0.7198, 0.0000
0.7198, 0.0000
0.7198, 0.0000
0.7246, 0.0000
0.7246, 0.0000
0.7246, 0.0000
0.7246, 0.0000
0.7293, 0.0000
0.7293, 0.0000
0.7293, 0.0000
0.7293, 0.0000
0.7293, 0.0000
0.7293, 0.0000
0.7293, 0.0000
0.7293, 0.0000
0.7341, 0.0000
0.7341, 0.0000
0.7341, 0.0000
0.7341, 0.0000
0.7341, 0.0000
0.7341, 0.0000
0.7341, 0.0000
0.7341, 0.0000
0.7341, 0.0000
0.7341, 0.0000
0.7341, 0.0000
0.7341, 0.0000
0.7341, 0.0000
0.7341, 0.0000
0.7341, 0.0000
0.7341, 0.0000
0.7389, 0.0000
0.7389, 0.0000
0.7389, 0.0000
0.7389, 0.0000
0.7436, 0.0000
0.7436, 0.0000
0.7436, 0.0000
0.7436, 0.0000
0.7436, 0.0000
0.7436, 0.0000
0.7436, 0.0000
0.7436, 0.0000
0.7436, 0.0000
0.7436, 0.0000
0.7436, 0.0000
0.7484, 0.0000
0.7484, 0.0000
0.7484, 0.0000
0.7484, 0.0000
0.7484, 0.0000
0.7484, 0.0000
0.7484, 0.0000
0.7484, 0.0000
0.7532, 0.0000
0.7532, 0.0000
0.7532, 0.0000
0.7532, 0.0000
0.7581, 0.0027
0.7581, 0.0027
0.7581, 0.0027
0.7581, 0.0027
0.7581, 0.0027
0.7581, 0.0027
0.7581, 0.0027
0.7581, 0.0027
0.7581, 0.0027
0.7581, 0.0027
0.7581, 0.0027
0.7581, 0.0027
0.7628, 0.0054
0.7628, 0.0054
0.7628, 0.0054
0.7628, 0.0054
0.7628, 0.0054
0.7628, 0.0054
0.7628, 0.0054
0.7676, 0.0054
0.7676, 0.0054
0.7676, 0.0054
0.7676, 0.0054
0.7676, 0.0054
0.7676, 0.0054
0.7676, 0.0054
0.7676, 0.0054
0.7676, 0.0054
0.7676, 0.0054
0.7676, 0.0054
0.7676, 0.0054
0.7676, 0.0054
0.7724, 0.0054
0.7724, 0.0054
0.7724, 0.0054
0.7771, 0.0082
0.7771, 0.0082
0.7771, 0.0082
0.7771, 0.0082
0.7819, 0.0082
0.7819, 0.0082
0.7819, 0.0082
0.7819, 0.0082
0.7819, 0.0082
0.7819, 0.0082
0.7819, 0.0082
0.7819, 0.0082
0.7819, 0.0109
0.7819, 0.0109
0.7819, 0.0109
0.7819, 0.0109
0.7867, 0.0109
0.7867, 0.0109
0.7867, 0.0109
0.7867, 0.0109
0.7867, 0.0109
0.7867, 0.0109
0.7914, 0.0136
0.7914, 0.0136
0.7914, 0.0136
0.7914, 0.0136
0.7914, 0.0136
0.7914, 0.0136
0.7914, 0.0136
0.7914, 0.0136
0.7914, 0.0136
0.7914, 0.0136
0.7914, 0.0136
0.7914, 0.0136
0.7962, 0.0136
0.7962, 0.0136
0.7962, 0.0136
0.8010, 0.0136
0.8010, 0.0136
0.8010, 0.0136
0.8010, 0.0136
0.8010, 0.0163
0.8010, 0.0163
0.8010, 0.0163
0.8010, 0.0163
0.8058, 0.0163
0.8058, 0.0163
0.8058, 0.0163
0.8058, 0.0190
0.8058, 0.0190
0.8058, 0.0190
0.8058, 0.0190
0.8058, 0.0190
0.8058, 0.0190
0.8058, 0.0190
0.8105, 0.0190
0.8105, 0.0190
0.8105, 0.0190
0.8105, 0.0190
0.8105, 0.0190
0.8105, 0.0190
0.8105, 0.0190
0.8154, 0.0190
0.8154, 0.0190
0.8154, 0.0190
0.8154, 0.0190
0.8154, 0.0217
0.8154, 0.0217
0.8154, 0.0217
0.8154, 0.0217
0.8154, 0.0217
0.8154, 0.0217
0.8154, 0.0217
0.8202, 0.0245
0.8202, 0.0245
0.8202, 0.0245
0.8202, 0.0245
0.8249, 0.0245
0.8249, 0.0245
0.8249, 0.0245
0.8249, 0.0272
0.8249, 0.0272
0.8249, 0.0272
0.8249, 0.0272
0.8297, 0.0272
0.8297, 0.0272
0.8297, 0.0272
0.8297, 0.0272
0.8297, 0.0272
0.8297, 0.0272
0.8297, 0.0272
0.8297, 0.0272
0.8297, 0.0299
0.8297, 0.0299
0.8297, 0.0299
0.8345, 0.0299
0.8345, 0.0299
0.8345, 0.0299
0.8345, 0.0299
0.8392, 0.0326
0.8392, 0.0326
0.8392, 0.0326
0.8392, 0.0326
0.8392, 0.0326
0.8392, 0.0326
0.8392, 0.0326
0.8392, 0.0326
0.8392, 0.0326
0.8392, 0.0326
0.8392, 0.0326
0.8392, 0.0326
0.8392, 0.0326
0.8392, 0.0326
0.8440, 0.0353
0.8440, 0.0353
0.8440, 0.0353
0.8440, 0.0353
0.8440, 0.0353
0.8440, 0.0353
0.8440, 0.0380
0.8440, 0.0380
0.8440, 0.0380
0.8488, 0.0380
0.8488, 0.0380
0.8488, 0.0380
0.8488, 0.0408
0.8488, 0.0408
0.8535, 0.0408
0.8535, 0.0408
0.8535, 0.0408
0.8535, 0.0408
0.8535, 0.0408
0.8535, 0.0408
0.8535, 0.0408
0.8535, 0.0408
0.8535, 0.0408
0.8583, 0.0435
0.8583, 0.0435
0.8583, 0.0435
0.8583, 0.0462
0.8583, 0.0462
0.8583, 0.0462
0.8631, 0.0462
0.8631, 0.0462
0.8631, 0.0462
0.8631, 0.0462
0.8631, 0.0462
0.8631, 0.0462
0.8631, 0.0462
0.8631, 0.0462
0.8631, 0.0462
0.8631, 0.0489
0.8631, 0.0489
0.8631, 0.0489
0.8679, 0.0516
0.8679, 0.0516
0.8679, 0.0516
0.8679, 0.0516
0.8679, 0.0516
0.8679, 0.0516
0.8727, 0.0543
0.8727, 0.0543
0.8727, 0.0543
0.8727, 0.0543
0.8727, 0.0543
0.8727, 0.0543
0.8727, 0.0571
0.8727, 0.0571
0.8775, 0.0598
0.8775, 0.0598
0.8775, 0.0598
0.8775, 0.0598
0.8775, 0.0598
0.8775, 0.0598
0.8823, 0.0625
0.8823, 0.0625
0.8823, 0.0625
0.8870, 0.0652
0.8870, 0.0652
0.8870, 0.0652
0.8870, 0.0652
0.8870, 0.0652
0.8870, 0.0652
0.8870, 0.0679
0.8870, 0.0679
0.8870, 0.0679
0.8870, 0.0707
0.8870, 0.0707
0.8918, 0.0734
0.8918, 0.0734
0.8918, 0.0734
0.8918, 0.0734
0.8918, 0.0734
0.8918, 0.0734
0.8966, 0.0761
0.8966, 0.0761
0.8966, 0.0788
0.8966, 0.0788
0.8966, 0.0788
0.8966, 0.0788
0.8966, 0.0788
0.8966, 0.0788
0.8966, 0.0788
0.8966, 0.0788
0.8966, 0.0788
0.9013, 0.0815
0.9013, 0.0815
0.9013, 0.0815
0.9013, 0.0842
0.9013, 0.0842
0.9013, 0.0842
0.9061, 0.0870
0.9061, 0.0870
0.9061, 0.0870
0.9061, 0.0897
0.9061, 0.0897
0.9109, 0.0924
0.9109, 0.0924
0.9109, 0.0924
0.9109, 0.0951
0.9109, 0.0951
0.9109, 0.0951
0.9109, 0.0951
0.9109, 0.0951
0.9109, 0.0951
0.9109, 0.0978
0.9109, 0.0978
0.9157, 0.1005
0.9157, 0.1005
0.9157, 0.1005
0.9157, 0.1005
0.9157, 0.1005
0.9157, 0.1005
0.9204, 0.1033
0.9204, 0.1033
0.9204, 0.1033
0.9204, 0.1060
0.9204, 0.1060
0.9204, 0.1060
0.9204, 0.1087
0.9204, 0.1087
0.9204, 0.1087
0.9204, 0.1087
0.9204, 0.1087
0.9204, 0.1114
0.9204, 0.1114
0.9204, 0.1114
0.9204, 0.1141
0.9204, 0.1141
0.9204, 0.1141
0.9252, 0.1141
0.9252, 0.1141
0.9252, 0.1141
0.9252, 0.1196
0.9252, 0.1196
0.9252, 0.1223
0.9252, 0.1223
0.9252, 0.1223
0.9301, 0.1223
0.9301, 0.1223
0.9301, 0.1250
0.9301, 0.1250
0.9301, 0.1250
0.9301, 0.1277
0.9301, 0.1277
0.9301, 0.1277
0.9301, 0.1304
0.9301, 0.1304
0.9348, 0.1332
0.9348, 0.1332
0.9348, 0.1332
0.9348, 0.1359
0.9348, 0.1359
0.9348, 0.1359
0.9348, 0.1359
0.9348, 0.1359
0.9348, 0.1386
0.9348, 0.1386
0.9348, 0.1386
0.9348, 0.1440
0.9348, 0.1440
0.9348, 0.1440
0.9348, 0.1440
0.9348, 0.1440
0.9348, 0.1440
0.9396, 0.1495
0.9396, 0.1495
0.9396, 0.1495
0.9396, 0.1522
0.9396, 0.1522
0.9396, 0.1549
0.9396, 0.1549
0.9396, 0.1549
0.9444, 0.1603
0.9444, 0.1603
0.9444, 0.1603
0.9444, 0.1603
0.9444, 0.1603
0.9444, 0.1603
0.9444, 0.1658
0.9444, 0.1658
0.9491, 0.1685
0.9491, 0.1685
0.9491, 0.1685
0.9491, 0.1712
0.9491, 0.1712
0.9491, 0.1712
0.9491, 0.1739
0.9491, 0.1739
0.9491, 0.1739
0.9491, 0.1766
0.9491, 0.1766
0.9491, 0.1793
0.9491, 0.1793
0.9491, 0.1793
0.9491, 0.1821
0.9491, 0.1821
0.9491, 0.1821
0.9491, 0.1848
0.9491, 0.1848
0.9491, 0.1848
0.9491, 0.1875
0.9491, 0.1875
0.9491, 0.1902
0.9491, 0.1902
0.9491, 0.1902
0.9491, 0.1929
0.9491, 0.1929
0.9539, 0.1957
0.9539, 0.1957
0.9539, 0.1957
0.9539, 0.1984
0.9539, 0.1984
0.9539, 0.2011
0.9539, 0.2011
0.9539, 0.2011
0.9539, 0.2038
0.9539, 0.2038
0.9539, 0.2038
0.9539, 0.2065
0.9539, 0.2065
0.9539, 0.2065
0.9539, 0.2065
0.9539, 0.2065
0.9539, 0.2092
0.9539, 0.2092
0.9539, 0.2092
0.9539, 0.2147
0.9539, 0.2147
0.9587, 0.2147
0.9587, 0.2147
0.9587, 0.2147
0.9587, 0.2174
0.9587, 0.2174
0.9587, 0.2174
0.9587, 0.2201
0.9587, 0.2201
0.9587, 0.2228
0.9587, 0.2228
0.9587, 0.2228
0.9587, 0.2255
0.9587, 0.2255
0.9587, 0.2255
0.9587, 0.2283
0.9587, 0.2283
0.9587, 0.2283
0.9587, 0.2283
0.9587, 0.2283
0.9587, 0.2310
0.9587, 0.2310
0.9587, 0.2310
0.9587, 0.2337
0.9587, 0.2337
0.9587, 0.2364
0.9587, 0.2364
0.9587, 0.2364
0.9587, 0.2364
0.9587, 0.2364
0.9587, 0.2364
0.9587, 0.2391
0.9587, 0.2391
0.9587, 0.2391
0.9587, 0.2418
0.9587, 0.2418
0.9587, 0.2418
0.9587, 0.2418
0.9587, 0.2418
0.9587, 0.2446
0.9587, 0.2446
0.9587, 0.2446
0.9587, 0.2500
0.9587, 0.2500
0.9587, 0.2500
0.9587, 0.2500
0.9587, 0.2500
0.9587, 0.2554
0.9587, 0.2554
0.9587, 0.2582
0.9587, 0.2582
0.9587, 0.2582
0.9539, 0.2582
0.9539, 0.2582
0.9539, 0.2636
0.9539, 0.2636
0.9539, 0.2636
0.9539, 0.2663
0.9539, 0.2663
0.9539, 0.2663
0.9539, 0.2663
0.9539, 0.2663
0.9539, 0.2690
0.9539, 0.2690
0.9539, 0.2690
0.9539, 0.2717
0.9539, 0.2717
0.9539, 0.2717
0.9539, 0.2717
0.9539, 0.2717
0.9491, 0.2745
0.9491, 0.2745
0.9491, 0.2772
0.9491, 0.2772
0.9491, 0.2772
0.9491, 0.2799
0.9491, 0.2799
0.9491, 0.2799
0.9444, 0.2826
0.9444, 0.2826
0.9444, 0.2853
0.9444, 0.2853
0.9444, 0.2853
0.9444, 0.2853
0.9444, 0.2853
0.9444, 0.2853
0.9396, 0.2880
0.9396, 0.2880
0.9396, 0.2908
0.9396, 0.2908
0.9396, 0.2908
0.9396, 0.2935
0.9396, 0.2935
0.9396, 0.2935
0.9396, 0.2935
0.9396, 0.2935
0.9396, 0.2935
0.9396, 0.2935
0.9396, 0.2935
0.9396, 0.2962
0.9396, 0.2962
0.9396, 0.2962
0.9396, 0.2989
0.9396, 0.2989
0.9348, 0.2989
0.9348, 0.2989
0.9348, 0.2989
0.9348, 0.3043
0.9348, 0.3043
0.9348, 0.3043
0.9301, 0.3071
0.9301, 0.3071
0.9301, 0.3071
0.9301, 0.3071
0.9301, 0.3071
0.9301, 0.3098
0.9301, 0.3098
0.9301, 0.3098
0.9301, 0.3125
0.9301, 0.3125
0.9252, 0.3152
0.9252, 0.3152
0.9252, 0.3152
0.9252, 0.3179
0.9252, 0.3179
0.9252, 0.3179
0.9204, 0.3207
0.9204, 0.3207
0.9204, 0.3234
0.9204, 0.3234
0.9204, 0.3234
0.9157, 0.3234
0.9157, 0.3234
0.9157, 0.3261
0.9157, 0.3261
0.9157, 0.3261
0.9157, 0.3288
0.9157, 0.3288
0.9157, 0.3288
0.9109, 0.3288
0.9109, 0.3288
0.9109, 0.3315
0.9109, 0.3315
0.9109, 0.3315
0.9061, 0.3342
0.9061, 0.3342
0.9061, 0.3342
0.9061, 0.3342
0.9061, 0.3342
0.9061, 0.3370
0.9061, 0.3370
0.9061, 0.3370
0.9013, 0.3424
0.9013, 0.3424
0.8966, 0.3424
0.8966, 0.3424
0.8966, 0.3424
0.8918, 0.3451
0.8918, 0.3451
0.8918, 0.3478
0.8918, 0.3478
0.8918, 0.3478
0.8918, 0.3505
0.8918, 0.3505
0.8870, 0.3505
0.8870, 0.3505
0.8870, 0.3505
0.8823, 0.3533
0.8823, 0.3533
0.8823, 0.3560
0.8823, 0.3560
0.8823, 0.3560
0.8823, 0.3560
0.8823, 0.3560
0.8823, 0.3560
0.8775, 0.3587
0.8775, 0.3587
0.8727, 0.3614
0.8727, 0.3614
0.8727, 0.3614
0.8679, 0.3641
0.8679, 0.3641
0.8679, 0.3641
0.8679, 0.3641
0.8679, 0.3641
0.8631, 0.3668
0.8631, 0.3668
0.8631, 0.3668
0.8583, 0.3696
0.8583, 0.3696
0.8583, 0.3696
0.8583, 0.3696
0.8583, 0.3696
0.8535, 0.3723
0.8535, 0.3723
0.8535, 0.3723
0.8488, 0.3750
0.8488, 0.3750
0.8488, 0.3777
0.8488, 0.3777
0.8488, 0.3777
0.8440, 0.3777
0.8440, 0.3777
0.8440, 0.3777
0.8440, 0.3777
0.8440, 0.3777
0.8392, 0.3804
0.8392, 0.3804
0.8392, 0.3804
0.8297, 0.3859
0.8297, 0.3859
0.8297, 0.3859
0.8297, 0.3859
0.8297, 0.3859
0.8249, 0.3886
0.8249, 0.3886
0.8249, 0.3886
0.8154, 0.3913
0.8154, 0.3913
0.8154, 0.3940
0.8154, 0.3940
0.8154, 0.3940
0.8058, 0.3940
0.8058, 0.3940
0.8010, 0.3940
0.8010, 0.3940
0.8010, 0.3967
0.8010, 0.3967
0.8010, 0.3967
0.7962, 0.3995
0.7962, 0.3995
0.7914, 0.3995
0.7914, 0.3995
0.7914, 0.3995
0.7914, 0.3995
0.7914, 0.3995
0.7867, 0.4022
0.7867, 0.4022
0.7867, 0.4022
0.7819, 0.4049
0.7819, 0.4049
0.7819, 0.4049
0.7819, 0.4049
0.7819, 0.4049
0.7771, 0.4049
0.7771, 0.4049
0.7724, 0.4076
0.7724, 0.4076
0.7724, 0.4076
0.7676, 0.4076
0.7676, 0.4076
0.7628, 0.4103
0.7628, 0.4103
0.7628, 0.4103
0.7581, 0.4103
0.7581, 0.4103
0.7532, 0.4130
0.7532, 0.4130
0.7532, 0.4130
0.7532, 0.4130
0.7532, 0.4130
0.7436, 0.4130
0.7436, 0.4130
0.7436, 0.4130
0.7389, 0.4158
0.7389, 0.4158
0.7341, 0.4185
0.7341, 0.4185
0.7341, 0.4185
0.7293, 0.4185
0.7293, 0.4185
0.7246, 0.4212
0.7246, 0.4212
0.7246, 0.4212
0.7198, 0.4212
0.7198, 0.4212
0.7150, 0.4212
0.7150, 0.4212
0.7150, 0.4212
0.7103, 0.4239
0.7103, 0.4239
0.7007, 0.4239
0.7007, 0.4239
0.7007, 0.4239
0.6959, 0.4266
0.6959, 0.4266
0.6911, 0.4293
0.6911, 0.4293
0.6911, 0.4293
0.6863, 0.4293
0.6863, 0.4293
0.6863, 0.4293
0.6815, 0.4293
0.6815, 0.4293
0.6768, 0.4321
0.6768, 0.4321
0.6768, 0.4321
0.6672, 0.4348
0.6672, 0.4348
0.6625, 0.4375
0.6625, 0.4375
0.6529, 0.4375
0.6529, 0.4375
0.6529, 0.4375
0.6434, 0.4402
0.6434, 0.4402
0.6434, 0.4402
0.6434, 0.4402
0.6434, 0.4402
0.6338, 0.4402
0.6338, 0.4402
0.6290, 0.4429
0.6290, 0.4429
0.6290, 0.4429
0.6290, 0.4429
0.6290, 0.4429
0.6242, 0.4457
0.6242, 0.4457
0.6242, 0.4457
0.6194, 0.4457
0.6194, 0.4457
0.6147, 0.4457
0.6147, 0.4457
0.6147, 0.4457
0.6147, 0.4457
0.6147, 0.4457
0.6147, 0.4457
0.6099, 0.4484
0.6099, 0.4484
0.6051, 0.4484
0.6051, 0.4484
0.6051, 0.4484
0.6051, 0.4511
0.6051, 0.4511
0.6004, 0.4511
0.6004, 0.4511
0.6004, 0.4511
0.5956, 0.4538
0.5956, 0.4538
0.5908, 0.4538
0.5908, 0.4538
0.5908, 0.4538
0.5908, 0.4538
0.5908, 0.4538
0.5908, 0.4538
0.5908, 0.4538
0.5908, 0.4538
0.5860, 0.4538
0.5860, 0.4538
0.5860, 0.4538
0.5860, 0.4538
0.5860, 0.4538
0.5860, 0.4538
0.5860, 0.4538
0.5860, 0.4538
0.5860, 0.4538
0.5860, 0.4538
0.5860, 0.4538
0.5860, 0.4538
0.5860, 0.4538
0.5860, 0.4538
0.5860, 0.4538
0.5860, 0.4538
0.5860, 0.4538
0.5860, 0.4538
0.5860, 0.4538
0.5860, 0.4538
0.5860, 0.4538
0.5860, 0.4538
0.5860, 0.4538
0.5860, 0.4538
0.5860, 0.4538
0.5860, 0.4538
0.5860, 0.4538
0.5860, 0.4538
0.5860, 0.4538
0.5860, 0.4538
0.5860, 0.4538
0.5860, 0.4538
0.5860, 0.4538
0.5860, 0.4538
0.5860, 0.4538
0.5860, 0.4538
0.5860, 0.4538
0.5860, 0.4538
