0.5054, 0.3967
0.5054, 0.3750
0.5000, 0.3587
0.4891, 0.3370
0.4728, 0.3261
0.4620, 0.3098
0.4511, 0.2880
0.4402, 0.2772
0.4239, 0.2663
0.4130, 0.2500
0.4076, 0.2446
0.3859, 0.2337
0.3750, 0.2228
0.3641, 0.2065
0.3478, 0.1957
0.3261, 0.1794
0.3098, 0.1630
0.2826, 0.1522
0.2717, 0.1413
0.2500, 0.1359
0.2391, 0.1304
0.2283, 0.1196
0.2228, 0.1141
0.2065, 0.1141
0.2011, 0.1087
0.1902, 0.1087
0.1794, 0.1087
0.1685, 0.1087
0.1413, 0.1141
0.1250, 0.1304
0.1033, 0.1413
0.0870, 0.1576
0.0652, 0.1794
0.0435, 0.2011
0.0272, 0.2391
0.0163, 0.2717
0.0054, 0.3043
0.0054, 0.3261
0.0000, 0.3587
0.0000, 0.3804
0.0000, 0.4130
0.0054, 0.4402
0.0217, 0.4674
0.0489, 0.5054
0.0815, 0.5489
0.1033, 0.5870
0.1359, 0.6196
0.1522, 0.6413
0.1739, 0.6685
0.1848, 0.6848
0.1957, 0.7065
0.2174, 0.7228
0.2283, 0.7337
0.2391, 0.7500
0.2554, 0.7609
0.2663, 0.7663
0.2826, 0.7772
0.2989, 0.7935
0.3098, 0.7989
0.3315, 0.8098
0.3533, 0.8206
0.3696, 0.8370
0.3967, 0.8478
0.4130, 0.8533
0.4348, 0.8641
0.4511, 0.8804
0.4674, 0.8859
0.4783, 0.8913
0.4891, 0.8913
0.4946, 0.8967
0.5000, 0.8967
0.5000, 0.9022
0.5054, 0.9022
0.5109, 0.9022
0.5217, 0.9022
0.5272, 0.9022
0.5380, 0.9022
0.5543, 0.9022
0.5761, 0.8967
0.5978, 0.8913
0.6250, 0.8859
0.6467, 0.8696
0.6739, 0.8641
0.6957, 0.8533
0.7228, 0.8424
0.7500, 0.8261
0.7718, 0.8152
0.8043, 0.7989
0.8207, 0.7826
0.8478, 0.7663
0.8641, 0.7500
0.8859, 0.7228
0.8967, 0.7065
0.9131, 0.6793
0.9348, 0.6522
0.9456, 0.6250
0.9565, 0.5978
0.9728, 0.5707
0.9837, 0.5326
0.9891, 0.5000
0.9946, 0.4674
1.0000, 0.4348
1.0000, 0.4076
1.0000, 0.3696
1.0000, 0.3370
1.0000, 0.3152
0.9946, 0.2826
0.9891, 0.2554
0.9783, 0.2283
0.9620, 0.2120
0.9511, 0.1902
0.9402, 0.1739
0.9239, 0.1522
0.9131, 0.1413
0.8967, 0.1304
0.8804, 0.1196
0.8696, 0.1087
0.8587, 0.1033
0.8424, 0.0978
0.8207, 0.0978
0.7989, 0.0978
0.7772, 0.0978
0.7554, 0.0978
0.7337, 0.0978
0.7120, 0.0978
0.6848, 0.0978
0.6685, 0.1033
0.6467, 0.1141
0.6304, 0.1250
0.6033, 0.1359
0.5870, 0.1467
0.5598, 0.1685
0.5435, 0.1794
0.5272, 0.1957
0.5054, 0.2120
0.4946, 0.2228
0.4837, 0.2337
0.4728, 0.2500
0.4674, 0.2609
0.4620, 0.2717
0.4565, 0.2772
0.4511, 0.2880
0.4511, 0.3043
0.4457, 0.3152
0.4457, 0.3207
0.4457, 0.3261
0.4457, 0.3315
0.4457, 0.3424
