0.0000, 0.6867
0.0000, 0.6822
0.0044, 0.6644
0.0133, 0.6556
0.0222, 0.6467
0.0311, 0.6378
0.0400, 0.6244
0.0533, 0.6200
0.0667, 0.6111
0.0800, 0.6022
0.0978, 0.5933
0.1111, 0.5889
0.1244, 0.5889
0.1333, 0.5844
0.1422, 0.5844
0.1511, 0.5800
0.1644, 0.5800
0.1689, 0.5800
0.1778, 0.5800
0.1867, 0.5800
0.2000, 0.5800
0.2133, 0.5800
0.2222, 0.5800
0.2400, 0.5800
0.2489, 0.5800
0.2622, 0.5800
0.2756, 0.5800
0.2844, 0.5800
0.2933, 0.5800
0.2978, 0.5800
0.3067, 0.5800
0.3156, 0.5800
0.3200, 0.5800
0.3289, 0.5800
0.3467, 0.5844
0.3556, 0.5889
0.3689, 0.5978
0.3911, 0.6022
0.4089, 0.6111
0.4311, 0.6156
0.4622, 0.6244
0.4800, 0.6333
0.5067, 0.6422
0.5378, 0.6511
0.5644, 0.6556
0.5911, 0.6689
0.6222, 0.6733
0.6444, 0.6778
0.6667, 0.6822
0.6978, 0.6867
0.7200, 0.6911
0.7422, 0.6956
0.7644, 0.7044
0.7867, 0.7044
0.8044, 0.7044
0.8267, 0.7089
0.8444, 0.7089
0.8622, 0.7089
0.8756, 0.7089
0.8844, 0.7089
0.8978, 0.7089
0.9067, 0.7089
0.9156, 0.7089
0.9244, 0.7089
0.9333, 0.7000
0.9422, 0.6956
0.9467, 0.6956
0.9511, 0.6911
0.9556, 0.6867
0.9600, 0.6822
0.9600, 0.6778

0.1867, 0.5800
0.1867, 0.5667
0.1867, 0.5578
0.1867, 0.5533
0.1867, 0.5444
0.1867, 0.5311
0.1867, 0.5178
0.1867, 0.5089
0.1867, 0.5000
0.1867, 0.4867
0.1911, 0.4778
0.1911, 0.4689
0.1911, 0.4644
0.1956, 0.4556
0.2000, 0.4467
0.2000, 0.4378
0.2044, 0.4289
0.2044, 0.4156
0.2044, 0.4067
0.2133, 0.4022
0.2178, 0.3978
0.2178, 0.3844
0.2222, 0.3800
0.2267, 0.3756
0.2267, 0.3711
0.2311, 0.3667
0.2356, 0.3622
0.2400, 0.3578
0.2400, 0.3533
0.2489, 0.3444
0.2533, 0.3444
0.2533, 0.3400
0.2622, 0.3356
0.2622, 0.3311
0.2711, 0.3267
0.2844, 0.3222
0.2889, 0.3178
0.2933, 0.3089
0.2978, 0.3089
0.3022, 0.3044
0.3067, 0.3000
0.3111, 0.3000
0.3244, 0.2956
0.3289, 0.2956
0.3333, 0.2956
0.3422, 0.2911
0.3600, 0.2911
0.3733, 0.2911
0.3867, 0.2911
0.4000, 0.2911
0.4178, 0.2911
0.4311, 0.2911
0.4400, 0.2911
0.4444, 0.2911
0.4533, 0.2911
0.4578, 0.2956
0.4711, 0.3000
0.4800, 0.3000
0.4889, 0.3044
0.5067, 0.3133
0.5156, 0.3133
0.5289, 0.3178
0.5333, 0.3178
0.5467, 0.3222
0.5556, 0.3267
0.5600, 0.3267
0.5644, 0.3311
0.5689, 0.3311
0.5778, 0.3311
0.5822, 0.3356
0.5867, 0.3356
0.5956, 0.3356
0.6044, 0.3356
0.6178, 0.3400
0.6222, 0.3400
0.6311, 0.3400
0.6400, 0.3400
0.6533, 0.3489
0.6622, 0.3489
0.6711, 0.3489
0.6756, 0.3489
0.6889, 0.3489
0.6978, 0.3533
0.7067, 0.3533
0.7244, 0.3533
0.7333, 0.3533
0.7467, 0.3533
0.7644, 0.3533
0.7778, 0.3533
0.8000, 0.3533
0.8133, 0.3533
0.8267, 0.3533
0.8489, 0.3533
0.8711, 0.3533
0.8844, 0.3533
0.9067, 0.3533
0.9244, 0.3533
0.9378, 0.3533
0.9556, 0.3533
0.9689, 0.3533
0.9822, 0.3533
0.9867, 0.3533
0.9911, 0.3533
0.9956, 0.3533
0.9956, 0.3444
1.0000, 0.3444
1.0000, 0.3400
