0.0000, 0.7156
0.0138, 0.7018
0.0275, 0.6927
0.0413, 0.6789
0.0688, 0.6651
0.0826, 0.6560
0.1055, 0.6514
0.1193, 0.6468
0.1422, 0.6376
0.1606, 0.6284
0.1835, 0.6284
0.2018, 0.6193
0.2248, 0.6147
0.2339, 0.6147
0.2523, 0.6101
0.2615, 0.6101
0.2752, 0.6101
0.2890, 0.6101
0.2982, 0.6101
0.3073, 0.6009
0.3165, 0.6009
0.3349, 0.6009
0.3440, 0.6009
0.3532, 0.6009
0.3670, 0.6009
0.3761, 0.6009
0.3853, 0.6009
0.3991, 0.6055
0.4083, 0.6055
0.4174, 0.6101
0.4312, 0.6101
0.4450, 0.6147
0.4541, 0.6147
0.4679, 0.6193
0.4817, 0.6193
0.5000, 0.6238
0.5138, 0.6284
0.5275, 0.6330
0.5413, 0.6330
0.5596, 0.6422
0.5780, 0.6468
0.6009, 0.6514
0.6193, 0.6560
0.6376, 0.6605
0.6514, 0.6605
0.6697, 0.6651
0.6835, 0.6697
0.7018, 0.6697
0.7156, 0.6743
0.7248, 0.6743
0.7477, 0.6835
0.7615, 0.6835
0.7706, 0.6835
0.7936, 0.6835
0.8027, 0.6881
0.8211, 0.6881
0.8303, 0.6881
0.8395, 0.6881
0.8578, 0.6881
0.8670, 0.6881
0.8761, 0.6881
0.8853, 0.6881
0.8991, 0.6881
0.9083, 0.6927
0.9174, 0.6927
0.9312, 0.6927
0.9404, 0.6927
0.9450, 0.6927
0.9495, 0.6927
0.9541, 0.6927
0.9587, 0.6927
0.9587, 0.6881

0.1927, 0.5917
0.1927, 0.5872
0.1927, 0.5780
0.1927, 0.5642
0.1835, 0.5550
0.1835, 0.5459
0.1835, 0.5321
0.1835, 0.5229
0.1835, 0.5137
0.1835, 0.5000
0.1835, 0.4862
0.1881, 0.4816
0.1881, 0.4725
0.1927, 0.4679
0.1927, 0.4541
0.1973, 0.4450
0.1973, 0.4404
0.2018, 0.4358
0.2064, 0.4266
0.2064, 0.4174
0.2064, 0.4128
0.2110, 0.4083
0.2156, 0.4083
0.2156, 0.4037
0.2156, 0.3991
0.2202, 0.3945
0.2294, 0.3899
0.2294, 0.3853
0.2339, 0.3761
0.2385, 0.3715
0.2431, 0.3670
0.2477, 0.3624
0.2523, 0.3578
0.2569, 0.3532
0.2661, 0.3486
0.2706, 0.3394
0.2752, 0.3349
0.2798, 0.3303
0.2844, 0.3257
0.2890, 0.3211
0.2936, 0.3165
0.3028, 0.3119
0.3119, 0.3119
0.3211, 0.3028
0.3257, 0.2982
0.3395, 0.2936
0.3440, 0.2936
0.3532, 0.2890
0.3624, 0.2890
0.3716, 0.2890
0.3853, 0.2844
0.3945, 0.2844
0.4037, 0.2844
0.4174, 0.2844
0.4266, 0.2844
0.4358, 0.2844
0.4450, 0.2844
0.4587, 0.2844
0.4725, 0.2844
0.4771, 0.2890
0.4908, 0.2936
0.5000, 0.2936
0.5046, 0.2982
0.5138, 0.3073
0.5229, 0.3119
0.5321, 0.3165
0.5413, 0.3211
0.5505, 0.3257
0.5596, 0.3349
0.5734, 0.3440
0.5780, 0.3486
0.5872, 0.3532
0.5963, 0.3578
0.6055, 0.3624
0.6101, 0.3670
0.6147, 0.3715
0.6193, 0.3853
0.6239, 0.3853
0.6284, 0.3899
0.6330, 0.3945
0.6422, 0.3991
0.6468, 0.4037
0.6514, 0.4083
0.6560, 0.4128
0.6651, 0.4128
0.6697, 0.4220
0.6743, 0.4266
0.6835, 0.4266
0.6881, 0.4312
0.6973, 0.4312
0.7018, 0.4312
0.7064, 0.4358
0.7202, 0.4358
0.7248, 0.4404
0.7339, 0.4404
0.7385, 0.4404
0.7477, 0.4404
0.7569, 0.4404
0.7661, 0.4404
0.7752, 0.4404
0.7844, 0.4404
0.7982, 0.4404
0.8073, 0.4404
0.8165, 0.4404
0.8257, 0.4358
0.8440, 0.4358
0.8532, 0.4358
0.8624, 0.4312
0.8807, 0.4266
0.8899, 0.4266
0.8991, 0.4266
0.9128, 0.4266
0.9220, 0.4174
0.9312, 0.4174
0.9404, 0.4174
0.9541, 0.4174
0.9587, 0.4174
0.9679, 0.4128
0.9725, 0.4128
0.9771, 0.4128
0.9862, 0.4128
0.9908, 0.4128
0.9954, 0.4128
1.0000, 0.4128
