0.0000, 0.7751
0.0000, 0.7703
0.0000, 0.7608
0.0000, 0.7560
0.0000, 0.7512
0.0143, 0.7369
0.0191, 0.7273
0.0335, 0.7129
0.0478, 0.7034
0.0574, 0.6938
0.0670, 0.6890
0.0861, 0.6746
0.0957, 0.6699
0.1053, 0.6651
0.1244, 0.6555
0.1340, 0.6555
0.1435, 0.6507
0.1531, 0.6412
0.1675, 0.6364
0.1770, 0.6364
0.1818, 0.6316
0.1914, 0.6316
0.2057, 0.6268
0.2201, 0.6268
0.2297, 0.6220
0.2440, 0.6220
0.2584, 0.6220
0.2679, 0.6172
0.2871, 0.6172
0.3014, 0.6172
0.3110, 0.6172
0.3301, 0.6172
0.3397, 0.6172
0.3541, 0.6172
0.3732, 0.6172
0.3828, 0.6172
0.4019, 0.6172
0.4163, 0.6172
0.4306, 0.6172
0.4498, 0.6220
0.4641, 0.6268
0.4737, 0.6316
0.4928, 0.6364
0.5072, 0.6459
0.5263, 0.6507
0.5407, 0.6555
0.5646, 0.6603
0.5742, 0.6651
0.5885, 0.6699
0.6029, 0.6746
0.6172, 0.6842
0.6268, 0.6842
0.6459, 0.6938
0.6603, 0.6938
0.6699, 0.6986
0.6842, 0.7034
0.6938, 0.7034
0.7034, 0.7081
0.7177, 0.7129
0.7273, 0.7129
0.7368, 0.7129
0.7416, 0.7225
0.7560, 0.7225
0.7655, 0.7273
0.7751, 0.7273
0.7799, 0.7273
0.7895, 0.7321
0.8038, 0.7321
0.8134, 0.7321
0.8277, 0.7369
0.8469, 0.7369
0.8565, 0.7369
0.8756, 0.7369
0.8899, 0.7369
0.8995, 0.7369
0.9139, 0.7369
0.9235, 0.7369
0.9282, 0.7369
0.9378, 0.7369
0.9426, 0.7369
0.9474, 0.7369
0.9617, 0.7321
0.9665, 0.7321
0.9761, 0.7321
0.9809, 0.7273
0.9952, 0.7273
1.0000, 0.7273
1.0000, 0.7177

0.2775, 0.6220
0.2727, 0.6220
0.2584, 0.6172
0.2536, 0.6172
0.2488, 0.6077
0.2392, 0.6029
0.2345, 0.5981
0.2297, 0.5933
0.2153, 0.5885
0.2105, 0.5837
0.2057, 0.5790
0.1962, 0.5694
0.1914, 0.5646
0.1866, 0.5598
0.1770, 0.5550
0.1723, 0.5502
0.1723, 0.5454
0.1675, 0.5407
0.1627, 0.5263
0.1627, 0.5215
0.1579, 0.5120
0.1579, 0.5072
0.1579, 0.4976
0.1531, 0.4832
0.1531, 0.4785
0.1531, 0.4689
0.1531, 0.4641
0.1531, 0.4593
0.1531, 0.4450
0.1531, 0.4354
0.1531, 0.4306
0.1531, 0.4210
0.1531, 0.4067
0.1531, 0.3971
0.1531, 0.3876
0.1531, 0.3732
0.1531, 0.3636
0.1531, 0.3541
0.1531, 0.3445
0.1579, 0.3397
0.1627, 0.3254
0.1627, 0.3206
0.1675, 0.3110
0.1723, 0.3062
0.1818, 0.3014
0.1866, 0.2871
0.1914, 0.2871
0.1962, 0.2775
0.2057, 0.2727
0.2201, 0.2679
0.2297, 0.2632
0.2345, 0.2536
0.2488, 0.2488
0.2631, 0.2392
0.2727, 0.2392
0.2823, 0.2345
0.2919, 0.2297
0.3062, 0.2297
0.3206, 0.2249
0.3301, 0.2249
0.3541, 0.2249
0.3636, 0.2249
0.3876, 0.2249
0.4019, 0.2249
0.4210, 0.2249
0.4354, 0.2249
0.4593, 0.2249
0.4737, 0.2297
0.4976, 0.2297
0.5120, 0.2392
0.5359, 0.2392
0.5454, 0.2488
0.5598, 0.2584
0.5694, 0.2632
0.5885, 0.2679
0.6029, 0.2679
0.6172, 0.2775
0.6316, 0.2775
0.6412, 0.2775
0.6603, 0.2823
0.6746, 0.2823
0.6842, 0.2871
0.7034, 0.2871
0.7129, 0.2871
0.7273, 0.2871
0.7464, 0.2871
0.7560, 0.2871
0.7608, 0.2871
0.7799, 0.2871
0.7847, 0.2871
0.7943, 0.2871
0.8038, 0.2871
0.8182, 0.2871
0.8277, 0.2871
0.8325, 0.2871
0.8421, 0.2871
0.8517, 0.2871
0.8565, 0.2871
0.8613, 0.2871
0.8660, 0.2871
0.8708, 0.2871
0.8756, 0.2871
0.8804, 0.2871
0.8947, 0.2823
0.8995, 0.2823
0.9091, 0.2823
0.9187, 0.2775
0.9235, 0.2775
0.9330, 0.2775
0.9378, 0.2775
0.9426, 0.2775
0.9474, 0.2775
0.9521, 0.2775
