0.0000, 0.7876
0.0000, 0.7824
0.0000, 0.7720
0.0000, 0.7565
0.0104, 0.7513
0.0156, 0.7409
0.0259, 0.7306
0.0363, 0.7150
0.0415, 0.7047
0.0518, 0.6943
0.0570, 0.6891
0.0777, 0.6736
0.0881, 0.6632
0.1036, 0.6580
0.1244, 0.6528
0.1451, 0.6477
0.1762, 0.6425
0.2073, 0.6373
0.2383, 0.6373
0.2643, 0.6373
0.2902, 0.6373
0.3109, 0.6373
0.3420, 0.6373
0.3575, 0.6373
0.3834, 0.6373
0.4093, 0.6373
0.4352, 0.6373
0.4612, 0.6373
0.4819, 0.6373
0.5026, 0.6425
0.5233, 0.6425
0.5440, 0.6425
0.5648, 0.6477
0.5855, 0.6477
0.6062, 0.6528
0.6321, 0.6580
0.6529, 0.6632
0.6736, 0.6684
0.6891, 0.6684
0.7099, 0.6788
0.7254, 0.6788
0.7409, 0.6839
0.7617, 0.6839
0.7772, 0.6891
0.7876, 0.6891
0.8083, 0.6891
0.8187, 0.6891
0.8394, 0.6891
0.8498, 0.6891
0.8601, 0.6891
0.8653, 0.6891
0.8860, 0.6891
0.8964, 0.6891
0.9067, 0.6891
0.9171, 0.6891
0.9326, 0.6891
0.9430, 0.6891
0.9534, 0.6891
0.9689, 0.6891
0.9741, 0.6891
0.9793, 0.6891
0.9845, 0.6891
0.9896, 0.6891
0.9948, 0.6891

0.0933, 0.6891
0.0933, 0.6839
0.0933, 0.6632
0.0881, 0.6528
0.0881, 0.6425
0.0881, 0.6270
0.0881, 0.6218
0.0829, 0.6114
0.0829, 0.6010
0.0829, 0.5959
0.0829, 0.5803
0.0777, 0.5751
0.0777, 0.5699
0.0777, 0.5596
0.0725, 0.5544
0.0725, 0.5492
0.0622, 0.5337
0.0622, 0.5285
0.0622, 0.5233
0.0570, 0.5181
0.0570, 0.5078
0.0570, 0.4974
0.0518, 0.4922
0.0518, 0.4819
0.0518, 0.4767
0.0466, 0.4715
0.0466, 0.4663
0.0466, 0.4611
0.0466, 0.4508
0.0466, 0.4456
0.0415, 0.4404
0.0415, 0.4301
0.0415, 0.4249
0.0415, 0.4197
0.0415, 0.4093
0.0415, 0.4041
0.0415, 0.3990
0.0415, 0.3938
0.0415, 0.3886
0.0415, 0.3834
0.0415, 0.3782
0.0415, 0.3679
0.0466, 0.3627
0.0518, 0.3575
0.0518, 0.3472
0.0570, 0.3420
0.0674, 0.3368
0.0777, 0.3212
0.0881, 0.3161
0.0933, 0.3057
0.0984, 0.3005
0.1088, 0.2953
0.1192, 0.2902
0.1244, 0.2798
0.1295, 0.2694
0.1399, 0.2694
0.1555, 0.2642
0.1606, 0.2591
0.1710, 0.2539
0.1814, 0.2487
0.1969, 0.2383
0.2073, 0.2383
0.2176, 0.2332
0.2280, 0.2280
0.2435, 0.2280
0.2591, 0.2228
0.2694, 0.2228
0.2850, 0.2176
0.2953, 0.2176
0.3057, 0.2124
0.3161, 0.2124
0.3316, 0.2124
0.3420, 0.2124
0.3523, 0.2124
0.3731, 0.2124
0.3834, 0.2124
0.3938, 0.2124
0.4093, 0.2124
0.4197, 0.2124
0.4352, 0.2124
0.4508, 0.2124
0.4612, 0.2176
0.4767, 0.2176
0.4870, 0.2228
0.5026, 0.2280
0.5181, 0.2332
0.5389, 0.2332
0.5596, 0.2487
0.5855, 0.2539
0.6011, 0.2591
0.6218, 0.2642
0.6321, 0.2642
0.6477, 0.2694
0.6580, 0.2694
0.6736, 0.2746
0.6839, 0.2746
0.6943, 0.2850
0.7099, 0.2850
0.7202, 0.2850
0.7254, 0.2850
0.7358, 0.2850
0.7513, 0.2850
0.7617, 0.2850
0.7772, 0.2798
0.7876, 0.2798
0.8031, 0.2746
0.8187, 0.2694
0.8394, 0.2694
0.8549, 0.2642
0.8653, 0.2642
0.8912, 0.2591
0.9016, 0.2539
0.9223, 0.2539
0.9378, 0.2487
0.9482, 0.2487
0.9689, 0.2383
0.9793, 0.2383
0.9896, 0.2383
0.9948, 0.2383
1.0000, 0.2383
1.0000, 0.2332
