0.0864, 0.2766
0.0864, 0.2766
0.0864, 0.2766
0.0864, 0.2766
0.0903, 0.2766
0.0903, 0.2766
0.0903, 0.2766
0.0903, 0.2766
0.0903, 0.2766
0.0903, 0.2766
0.0903, 0.2766
0.0903, 0.2766
0.0903, 0.2766
0.0903, 0.2766
0.0903, 0.2766
0.0903, 0.2766
0.0903, 0.2766
0.0903, 0.2766
0.0903, 0.2766
0.0903, 0.2766
0.0903, 0.2766
0.0903, 0.2766
0.0903, 0.2766
0.0903, 0.2766
0.0903, 0.2766
0.0903, 0.2766
0.0903, 0.2766
0.0903, 0.2739
0.0903, 0.2739
0.0903, 0.2739
0.0903, 0.2739
0.0903, 0.2739
0.0903, 0.2739
0.0903, 0.2739
0.0903, 0.2739
0.0903, 0.2739
0.0903, 0.2739
0.0903, 0.2739
0.0903, 0.2739
0.0903, 0.2739
0.0903, 0.2739
0.0903, 0.2739
0.0903, 0.2739
0.0903, 0.2739
0.0903, 0.2739
0.0903, 0.2739
0.0903, 0.2739
0.0903, 0.2739
0.0903, 0.2739
0.0903, 0.2739
0.0903, 0.2739
0.0903, 0.2739
0.0903, 0.2739
0.0943, 0.2739
0.0943, 0.2739
0.0943, 0.2739
0.0943, 0.2739
0.0943, 0.2739
0.0943, 0.2739
0.0943, 0.2739
0.0943, 0.2739
0.0943, 0.2713
0.0943, 0.2713
0.0943, 0.2713
0.0943, 0.2713
0.0943, 0.2713
0.0983, 0.2713
0.0983, 0.2713
0.0983, 0.2713
0.0983, 0.2713
0.0983, 0.2713
0.0983, 0.2713
0.0983, 0.2713
0.0983, 0.2713
0.0983, 0.2713
0.0983, 0.2686
0.0983, 0.2686
0.0983, 0.2686
0.0983, 0.2686
0.0983, 0.2686
0.0983, 0.2686
0.0983, 0.2686
0.0983, 0.2686
0.1023, 0.2686
0.1023, 0.2686
0.1023, 0.2686
0.1023, 0.2686
0.1023, 0.2686
0.1023, 0.2686
0.1023, 0.2686
0.1023, 0.2686
0.1023, 0.2686
0.1062, 0.2660
0.1062, 0.2660
0.1062, 0.2660
0.1062, 0.2660
0.1102, 0.2660
0.1102, 0.2660
0.1102, 0.2660
0.1102, 0.2660
0.1102, 0.2633
0.1102, 0.2633
0.1102, 0.2633
0.1142, 0.2633
0.1142, 0.2633
0.1142, 0.2633
0.1142, 0.2633
0.1142, 0.2606
0.1142, 0.2606
0.1142, 0.2606
0.1142, 0.2606
0.1182, 0.2606
0.1182, 0.2606
0.1182, 0.2606
0.1182, 0.2606
0.1182, 0.2606
0.1182, 0.2606
0.1182, 0.2606
0.1182, 0.2606
0.1182, 0.2606
0.1182, 0.2606
0.1182, 0.2606
0.1182, 0.2606
0.1182, 0.2606
0.1221, 0.2580
0.1221, 0.2580
0.1221, 0.2580
0.1221, 0.2580
0.1261, 0.2580
0.1261, 0.2580
0.1261, 0.2580
0.1261, 0.2580
0.1301, 0.2553
0.1301, 0.2553
0.1301, 0.2553
0.1301, 0.2553
0.1301, 0.2553
0.1301, 0.2553
0.1301, 0.2553
0.1301, 0.2553
0.1301, 0.2553
0.1301, 0.2553
0.1301, 0.2553
0.1301, 0.2553
0.1301, 0.2553
0.1341, 0.2553
0.1341, 0.2553
0.1341, 0.2553
0.1341, 0.2553
0.1341, 0.2553
0.1341, 0.2553
0.1341, 0.2553
0.1341, 0.2553
0.1380, 0.2553
0.1380, 0.2553
0.1380, 0.2553
0.1380, 0.2553
0.1380, 0.2527
0.1380, 0.2527
0.1380, 0.2527
0.1380, 0.2527
0.1380, 0.2527
0.1380, 0.2527
0.1380, 0.2527
0.1380, 0.2527
0.1420, 0.2500
0.1420, 0.2500
0.1420, 0.2500
0.1420, 0.2500
0.1461, 0.2500
0.1461, 0.2500
0.1461, 0.2500
0.1461, 0.2500
0.1501, 0.2500
0.1501, 0.2500
0.1501, 0.2500
0.1501, 0.2500
0.1501, 0.2500
0.1501, 0.2500
0.1501, 0.2500
0.1501, 0.2500
0.1501, 0.2500
0.1501, 0.2500
0.1501, 0.2500
0.1501, 0.2500
0.1501, 0.2500
0.1540, 0.2473
0.1540, 0.2473
0.1540, 0.2473
0.1540, 0.2473
0.1580, 0.2473
0.1580, 0.2473
0.1580, 0.2473
0.1580, 0.2473
0.1580, 0.2447
0.1580, 0.2447
0.1580, 0.2447
0.1580, 0.2447
0.1660, 0.2447
0.1660, 0.2447
0.1660, 0.2447
0.1660, 0.2447
0.1660, 0.2447
0.1699, 0.2420
0.1699, 0.2420
0.1699, 0.2420
0.1699, 0.2420
0.1699, 0.2420
0.1699, 0.2420
0.1699, 0.2420
0.1699, 0.2420
0.1739, 0.2420
0.1739, 0.2420
0.1739, 0.2420
0.1739, 0.2420
0.1779, 0.2420
0.1779, 0.2420
0.1779, 0.2420
0.1779, 0.2420
0.1779, 0.2420
0.1779, 0.2420
0.1779, 0.2420
0.1779, 0.2420
0.1819, 0.2394
0.1819, 0.2394
0.1819, 0.2394
0.1819, 0.2394
0.1898, 0.2394
0.1898, 0.2394
0.1898, 0.2394
0.1898, 0.2394
0.1898, 0.2367
0.1898, 0.2367
0.1898, 0.2367
0.1898, 0.2367
0.1938, 0.2367
0.1938, 0.2367
0.1938, 0.2367
0.1938, 0.2367
0.2017, 0.2340
0.2017, 0.2340
0.2017, 0.2340
0.2017, 0.2340
0.2017, 0.2340
0.2017, 0.2340
0.2017, 0.2340
0.2017, 0.2340
0.2057, 0.2340
0.2057, 0.2340
0.2057, 0.2340
0.2137, 0.2340
0.2137, 0.2340
0.2137, 0.2340
0.2137, 0.2340
0.2137, 0.2340
0.2137, 0.2340
0.2137, 0.2340
0.2137, 0.2340
0.2137, 0.2340
0.2176, 0.2340
0.2176, 0.2340
0.2176, 0.2340
0.2176, 0.2340
0.2216, 0.2314
0.2216, 0.2314
0.2216, 0.2314
0.2256, 0.2314
0.2256, 0.2314
0.2256, 0.2314
0.2256, 0.2314
0.2296, 0.2314
0.2296, 0.2314
0.2296, 0.2314
0.2296, 0.2314
0.2335, 0.2287
0.2335, 0.2287
0.2335, 0.2287
0.2335, 0.2287
0.2335, 0.2287
0.2335, 0.2287
0.2335, 0.2287
0.2335, 0.2287
0.2375, 0.2287
0.2375, 0.2287
0.2375, 0.2287
0.2375, 0.2287
0.2455, 0.2287
0.2455, 0.2287
0.2455, 0.2287
0.2455, 0.2287
0.2455, 0.2287
0.2455, 0.2287
0.2455, 0.2287
0.2494, 0.2287
0.2494, 0.2287
0.2494, 0.2287
0.2494, 0.2287
0.2534, 0.2287
0.2534, 0.2287
0.2534, 0.2287
0.2534, 0.2287
0.2574, 0.2287
0.2574, 0.2287
0.2574, 0.2287
0.2574, 0.2287
0.2614, 0.2287
0.2614, 0.2287
0.2614, 0.2287
0.2653, 0.2287
0.2653, 0.2287
0.2653, 0.2287
0.2653, 0.2287
0.2653, 0.2261
0.2653, 0.2261
0.2653, 0.2261
0.2653, 0.2261
0.2693, 0.2261
0.2693, 0.2261
0.2693, 0.2261
0.2693, 0.2261
0.2733, 0.2261
0.2733, 0.2261
0.2733, 0.2261
0.2773, 0.2261
0.2773, 0.2261
0.2773, 0.2261
0.2773, 0.2261
0.2773, 0.2234
0.2773, 0.2234
0.2773, 0.2234
0.2773, 0.2234
0.2852, 0.2234
0.2852, 0.2234
0.2852, 0.2234
0.2852, 0.2234
0.2892, 0.2234
0.2892, 0.2234
0.2892, 0.2234
0.2892, 0.2234
0.2892, 0.2234
0.2892, 0.2234
0.2892, 0.2234
0.2892, 0.2234
0.2932, 0.2234
0.2932, 0.2234
0.2932, 0.2234
0.2932, 0.2234
0.2972, 0.2234
0.2972, 0.2234
0.2972, 0.2234
0.2972, 0.2234
0.2972, 0.2234
0.2972, 0.2234
0.2972, 0.2234
0.2972, 0.2234
0.3011, 0.2234
0.3011, 0.2234
0.3011, 0.2234
0.3051, 0.2234
0.3051, 0.2234
0.3051, 0.2234
0.3051, 0.2234
0.3051, 0.2234
0.3051, 0.2234
0.3051, 0.2234
0.3051, 0.2234
0.3091, 0.2234
0.3091, 0.2234
0.3091, 0.2234
0.3091, 0.2234
0.3131, 0.2234
0.3131, 0.2234
0.3131, 0.2234
0.3131, 0.2234
0.3170, 0.2207
0.3170, 0.2207
0.3170, 0.2207
0.3170, 0.2207
0.3210, 0.2207
0.3210, 0.2207
0.3210, 0.2207
0.3250, 0.2207
0.3250, 0.2207
0.3250, 0.2207
0.3290, 0.2207
0.3290, 0.2207
0.3290, 0.2207
0.3290, 0.2207
0.3290, 0.2207
0.3290, 0.2207
0.3290, 0.2207
0.3290, 0.2207
0.3290, 0.2207
0.3329, 0.2207
0.3329, 0.2207
0.3329, 0.2207
0.3369, 0.2207
0.3369, 0.2207
0.3369, 0.2207
0.3369, 0.2207
0.3369, 0.2207
0.3369, 0.2207
0.3369, 0.2207
0.3369, 0.2207
0.3409, 0.2207
0.3409, 0.2207
0.3409, 0.2207
0.3409, 0.2207
0.3488, 0.2207
0.3488, 0.2207
0.3488, 0.2207
0.3488, 0.2207
0.3488, 0.2207
0.3488, 0.2207
0.3488, 0.2207
0.3488, 0.2207
0.3528, 0.2207
0.3528, 0.2207
0.3528, 0.2207
0.3528, 0.2207
0.3608, 0.2207
0.3608, 0.2207
0.3608, 0.2207
0.3608, 0.2207
0.3608, 0.2207
0.3608, 0.2207
0.3608, 0.2207
0.3608, 0.2207
0.3687, 0.2207
0.3687, 0.2207
0.3687, 0.2207
0.3687, 0.2207
0.3687, 0.2207
0.3687, 0.2207
0.3687, 0.2207
0.3687, 0.2207
0.3727, 0.2207
0.3727, 0.2207
0.3727, 0.2207
0.3806, 0.2207
0.3806, 0.2207
0.3806, 0.2207
0.3806, 0.2207
0.3806, 0.2234
0.3806, 0.2234
0.3806, 0.2234
0.3806, 0.2234
0.3847, 0.2234
0.3847, 0.2234
0.3847, 0.2234
0.3847, 0.2234
0.3887, 0.2234
0.3887, 0.2234
0.3887, 0.2234
0.3927, 0.2261
0.3927, 0.2261
0.3927, 0.2261
0.3927, 0.2261
0.3927, 0.2261
0.3927, 0.2261
0.3927, 0.2261
0.3927, 0.2261
0.4006, 0.2261
0.4006, 0.2261
0.4006, 0.2261
0.4006, 0.2261
0.4006, 0.2261
0.4006, 0.2261
0.4006, 0.2261
0.4006, 0.2261
0.4046, 0.2261
0.4046, 0.2261
0.4046, 0.2261
0.4046, 0.2261
0.4125, 0.2261
0.4125, 0.2261
0.4125, 0.2261
0.4125, 0.2287
0.4125, 0.2287
0.4125, 0.2287
0.4125, 0.2287
0.4165, 0.2287
0.4165, 0.2287
0.4165, 0.2287
0.4245, 0.2314
0.4245, 0.2314
0.4245, 0.2314
0.4245, 0.2314
0.4245, 0.2314
0.4245, 0.2314
0.4245, 0.2314
0.4245, 0.2314
0.4284, 0.2314
0.4284, 0.2314
0.4284, 0.2314
0.4324, 0.2314
0.4324, 0.2314
0.4324, 0.2314
0.4324, 0.2314
0.4364, 0.2314
0.4364, 0.2314
0.4364, 0.2314
0.4364, 0.2314
0.4404, 0.2340
0.4404, 0.2340
0.4404, 0.2340
0.4443, 0.2340
0.4443, 0.2340
0.4443, 0.2340
0.4443, 0.2340
0.4483, 0.2340
0.4483, 0.2340
0.4483, 0.2340
0.4483, 0.2367
0.4483, 0.2367
0.4483, 0.2367
0.4483, 0.2367
0.4523, 0.2367
0.4523, 0.2367
0.4523, 0.2367
0.4523, 0.2367
0.4563, 0.2394
0.4563, 0.2394
0.4563, 0.2394
0.4563, 0.2394
0.4602, 0.2394
0.4602, 0.2394
0.4602, 0.2394
0.4642, 0.2394
0.4642, 0.2394
0.4642, 0.2394
0.4642, 0.2394
0.4682, 0.2394
0.4682, 0.2394
0.4682, 0.2394
0.4722, 0.2420
0.4722, 0.2420
0.4722, 0.2420
0.4722, 0.2420
0.4761, 0.2420
0.4761, 0.2420
0.4761, 0.2420
0.4801, 0.2447
0.4801, 0.2447
0.4801, 0.2447
0.4801, 0.2447
0.4841, 0.2447
0.4841, 0.2447
0.4841, 0.2447
0.4841, 0.2447
0.4881, 0.2473
0.4881, 0.2473
0.4881, 0.2473
0.4920, 0.2473
0.4920, 0.2473
0.4920, 0.2473
0.4920, 0.2473
0.4960, 0.2473
0.4960, 0.2473
0.4960, 0.2473
0.5000, 0.2473
0.5000, 0.2473
0.5000, 0.2473
0.5000, 0.2473
0.5040, 0.2500
0.5040, 0.2500
0.5040, 0.2500
0.5040, 0.2500
0.5040, 0.2500
0.5040, 0.2500
0.5040, 0.2500
0.5080, 0.2500
0.5080, 0.2500
0.5080, 0.2500
0.5080, 0.2500
0.5119, 0.2527
0.5119, 0.2527
0.5119, 0.2527
0.5119, 0.2527
0.5119, 0.2527
0.5119, 0.2527
0.5119, 0.2527
0.5119, 0.2527
0.5199, 0.2553
0.5199, 0.2553
0.5199, 0.2553
0.5239, 0.2553
0.5239, 0.2553
0.5239, 0.2553
0.5239, 0.2553
0.5239, 0.2553
0.5239, 0.2553
0.5239, 0.2553
0.5278, 0.2553
0.5278, 0.2553
0.5278, 0.2553
0.5318, 0.2553
0.5318, 0.2553
0.5318, 0.2553
0.5318, 0.2553
0.5318, 0.2553
0.5318, 0.2553
0.5318, 0.2553
0.5398, 0.2553
0.5398, 0.2553
0.5398, 0.2553
0.5398, 0.2553
0.5437, 0.2580
0.5437, 0.2580
0.5437, 0.2580
0.5437, 0.2580
0.5437, 0.2580
0.5437, 0.2580
0.5437, 0.2580
0.5477, 0.2580
0.5477, 0.2580
0.5477, 0.2580
0.5517, 0.2606
0.5517, 0.2606
0.5517, 0.2606
0.5517, 0.2606
0.5557, 0.2606
0.5557, 0.2606
0.5557, 0.2606
0.5557, 0.2606
0.5557, 0.2606
0.5557, 0.2606
0.5557, 0.2606
0.5636, 0.2606
0.5636, 0.2606
0.5636, 0.2606
0.5636, 0.2606
0.5676, 0.2606
0.5676, 0.2606
0.5676, 0.2606
0.5676, 0.2606
0.5676, 0.2606
0.5676, 0.2606
0.5676, 0.2606
0.5755, 0.2606
0.5755, 0.2606
0.5755, 0.2606
0.5755, 0.2606
0.5795, 0.2633
0.5795, 0.2633
0.5795, 0.2633
0.5795, 0.2633
0.5795, 0.2633
0.5795, 0.2633
0.5795, 0.2633
0.5835, 0.2633
0.5835, 0.2633
0.5835, 0.2633
0.5875, 0.2633
0.5875, 0.2633
0.5875, 0.2633
0.5875, 0.2633
0.5914, 0.2660
0.5914, 0.2660
0.5914, 0.2660
0.5954, 0.2660
0.5954, 0.2660
0.5954, 0.2660
0.5954, 0.2660
0.5994, 0.2660
0.5994, 0.2660
0.5994, 0.2660
0.6034, 0.2686
0.6034, 0.2686
0.6034, 0.2686
0.6034, 0.2686
0.6073, 0.2686
0.6073, 0.2686
0.6073, 0.2686
0.6073, 0.2686
0.6113, 0.2686
0.6113, 0.2686
0.6113, 0.2686
0.6113, 0.2686
0.6113, 0.2686
0.6113, 0.2686
0.6113, 0.2686
0.6153, 0.2686
0.6153, 0.2686
0.6153, 0.2686
0.6153, 0.2686
0.6194, 0.2686
0.6194, 0.2686
0.6194, 0.2686
0.6194, 0.2686
0.6194, 0.2686
0.6194, 0.2686
0.6194, 0.2686
0.6194, 0.2686
0.6194, 0.2686
0.6194, 0.2686
0.6233, 0.2713
0.6233, 0.2713
0.6233, 0.2713
0.6233, 0.2713
0.6273, 0.2713
0.6273, 0.2713
0.6273, 0.2713
0.6273, 0.2713
0.6313, 0.2713
0.6313, 0.2713
0.6313, 0.2713
0.6353, 0.2713
0.6353, 0.2713
0.6353, 0.2713
0.6353, 0.2713
0.6392, 0.2739
0.6392, 0.2739
0.6392, 0.2739
0.6432, 0.2739
0.6432, 0.2739
0.6432, 0.2739
0.6432, 0.2739
0.6432, 0.2739
0.6432, 0.2739
0.6432, 0.2739
0.6472, 0.2739
0.6472, 0.2739
0.6472, 0.2739
0.6472, 0.2739
0.6512, 0.2739
0.6512, 0.2739
0.6512, 0.2739
0.6512, 0.2739
0.6512, 0.2766
0.6512, 0.2766
0.6512, 0.2766
0.6551, 0.2766
0.6551, 0.2766
0.6551, 0.2766
0.6591, 0.2766
0.6591, 0.2766
0.6591, 0.2766
0.6591, 0.2766
0.6591, 0.2766
0.6591, 0.2766
0.6591, 0.2766
0.6591, 0.2766
0.6591, 0.2766
0.6591, 0.2766
0.6591, 0.2766
0.6631, 0.2766
0.6631, 0.2766
0.6631, 0.2766
0.6671, 0.2766
0.6671, 0.2766
0.6671, 0.2766
0.6710, 0.2766
0.6710, 0.2766
0.6710, 0.2766
0.6710, 0.2766
0.6710, 0.2766
0.6710, 0.2766
0.6710, 0.2766
0.6710, 0.2766
0.6710, 0.2766
0.6710, 0.2766
0.6710, 0.2766
0.6750, 0.2766
0.6750, 0.2766
0.6750, 0.2766
0.6750, 0.2766
0.6790, 0.2793
0.6790, 0.2793
0.6790, 0.2793
0.6790, 0.2793
0.6790, 0.2793
0.6790, 0.2793
0.6790, 0.2793
0.6830, 0.2793
0.6830, 0.2793
0.6830, 0.2793
0.6869, 0.2793
0.6869, 0.2793
0.6869, 0.2793
0.6869, 0.2793
0.6909, 0.2793
0.6909, 0.2793
0.6909, 0.2793
0.6909, 0.2793
0.6909, 0.2793
0.6909, 0.2793
0.6949, 0.2793
0.6949, 0.2793
0.6949, 0.2793
0.6949, 0.2793
0.6989, 0.2819
0.6989, 0.2819
0.6989, 0.2819
0.6989, 0.2819
0.6989, 0.2819
0.6989, 0.2819
0.6989, 0.2819
0.7028, 0.2819
0.7028, 0.2819
0.7028, 0.2819
0.7028, 0.2819
0.7068, 0.2819
0.7068, 0.2819
0.7068, 0.2819
0.7108, 0.2819
0.7108, 0.2819
0.7108, 0.2819
0.7108, 0.2819
0.7108, 0.2819
0.7108, 0.2819
0.7108, 0.2819
0.7148, 0.2819
0.7148, 0.2819
0.7148, 0.2819
0.7148, 0.2819
0.7188, 0.2819
0.7188, 0.2819
0.7188, 0.2819
0.7188, 0.2819
0.7188, 0.2819
0.7188, 0.2819
0.7188, 0.2819
0.7227, 0.2819
0.7227, 0.2819
0.7227, 0.2819
0.7267, 0.2819
0.7267, 0.2819
0.7267, 0.2819
0.7307, 0.2819
0.7307, 0.2819
0.7307, 0.2819
0.7307, 0.2819
0.7347, 0.2819
0.7347, 0.2819
0.7347, 0.2819
0.7386, 0.2819
0.7386, 0.2819
0.7386, 0.2819
0.7426, 0.2819
0.7426, 0.2819
0.7426, 0.2819
0.7426, 0.2819
0.7466, 0.2819
0.7466, 0.2819
0.7466, 0.2819
0.7506, 0.2819
0.7506, 0.2819
0.7506, 0.2819
0.7506, 0.2819
0.7545, 0.2819
0.7545, 0.2819
0.7545, 0.2819
0.7585, 0.2819
0.7585, 0.2819
0.7585, 0.2819
0.7585, 0.2819
0.7625, 0.2819
0.7625, 0.2819
0.7625, 0.2819
0.7665, 0.2819
0.7665, 0.2819
0.7665, 0.2819
0.7704, 0.2819
0.7704, 0.2819
0.7704, 0.2819
0.7744, 0.2819
0.7744, 0.2819
0.7744, 0.2819
0.7744, 0.2819
0.7784, 0.2819
0.7784, 0.2819
0.7784, 0.2819
0.7824, 0.2819
0.7824, 0.2819
0.7824, 0.2819
0.7824, 0.2819
0.7863, 0.2819
0.7863, 0.2819
0.7863, 0.2819
0.7903, 0.2819
0.7903, 0.2819
0.7903, 0.2819
0.7903, 0.2819
0.7983, 0.2819
0.7983, 0.2819
0.7983, 0.2819
0.7983, 0.2819
0.7983, 0.2819
0.7983, 0.2819
0.7983, 0.2819
0.8062, 0.2819
0.8062, 0.2819
0.8062, 0.2819
0.8102, 0.2819
0.8102, 0.2819
0.8102, 0.2819
0.8142, 0.2793
0.8142, 0.2793
0.8142, 0.2793
0.8142, 0.2793
0.8221, 0.2793
0.8221, 0.2793
0.8221, 0.2793
0.8261, 0.2793
0.8261, 0.2793
0.8261, 0.2793
0.8301, 0.2766
0.8301, 0.2766
0.8301, 0.2766
0.8301, 0.2766
0.8340, 0.2766
0.8340, 0.2766
0.8340, 0.2766
0.8420, 0.2766
0.8420, 0.2766
0.8420, 0.2766
0.8460, 0.2766
0.8460, 0.2766
0.8460, 0.2766
0.8460, 0.2766
0.8499, 0.2739
0.8499, 0.2739
0.8499, 0.2739
0.8539, 0.2739
0.8539, 0.2739
0.8539, 0.2739
0.8580, 0.2713
0.8580, 0.2713
0.8580, 0.2713
0.8620, 0.2713
0.8620, 0.2713
0.8620, 0.2713
0.8620, 0.2713
0.8620, 0.2686
0.8620, 0.2686
0.8620, 0.2686
0.8659, 0.2686
0.8659, 0.2686
0.8659, 0.2686
0.8659, 0.2686
0.8699, 0.2686
0.8699, 0.2686
0.8699, 0.2686
0.8699, 0.2686
0.8699, 0.2686
0.8699, 0.2686
0.8699, 0.2686
0.8739, 0.2660
0.8739, 0.2660
0.8739, 0.2660
0.8779, 0.2660
0.8779, 0.2660
0.8779, 0.2660
0.8779, 0.2633
0.8779, 0.2633
0.8779, 0.2633
0.8818, 0.2633
0.8818, 0.2633
0.8818, 0.2633
0.8818, 0.2606
0.8818, 0.2606
0.8818, 0.2606
0.8818, 0.2606
0.8858, 0.2606
0.8858, 0.2606
0.8858, 0.2606
0.8898, 0.2580
0.8898, 0.2580
0.8898, 0.2580
0.8938, 0.2553
0.8938, 0.2553
0.8938, 0.2553
0.8977, 0.2553
0.8977, 0.2553
0.8977, 0.2553
0.8977, 0.2553
0.9057, 0.2527
0.9057, 0.2527
0.9057, 0.2527
0.9097, 0.2500
0.9097, 0.2500
0.9097, 0.2500
0.9176, 0.2473
0.9176, 0.2473
0.9176, 0.2473
0.9176, 0.2473
0.9216, 0.2447
0.9216, 0.2447
0.9216, 0.2447
0.9216, 0.2447
0.9216, 0.2447
0.9216, 0.2447
0.9296, 0.2447
0.9296, 0.2447
0.9296, 0.2447
0.9296, 0.2447
0.9296, 0.2447
0.9296, 0.2447
0.9296, 0.2447
0.9335, 0.2420
0.9335, 0.2420
0.9335, 0.2420
0.9335, 0.2420
0.9335, 0.2394
0.9335, 0.2394
0.9335, 0.2394
0.9375, 0.2394
0.9375, 0.2394
0.9375, 0.2394
0.9415, 0.2394
0.9415, 0.2394
0.9415, 0.2394
0.9415, 0.2394
0.9415, 0.2394
0.9415, 0.2394
0.9415, 0.2394
0.9415, 0.2367
0.9415, 0.2367
0.9415, 0.2367
0.9455, 0.2367
0.9455, 0.2367
0.9455, 0.2367
0.9494, 0.2367
0.9494, 0.2367
0.9494, 0.2367
0.9494, 0.2367
0.9534, 0.2367
0.9534, 0.2367
0.9534, 0.2367
0.9534, 0.2340
0.9534, 0.2340
0.9534, 0.2340
0.9534, 0.2340
0.9534, 0.2340
0.9534, 0.2340
0.9534, 0.2340
0.9534, 0.2340
0.9534, 0.2340
0.9534, 0.2340
0.9534, 0.2340
0.9534, 0.2340
0.9534, 0.2340
0.9534, 0.2340
0.9574, 0.2340
0.9574, 0.2340
0.9574, 0.2340
0.9574, 0.2340
0.9574, 0.2340
0.9574, 0.2340
0.9574, 0.2340
0.9574, 0.2340
0.9574, 0.2340
0.9574, 0.2340
0.9574, 0.2340
0.9614, 0.2340
0.9614, 0.2340
0.9614, 0.2340
0.9614, 0.2340
0.9614, 0.2340
0.9614, 0.2340
0.9614, 0.2340
0.9614, 0.2340
0.9614, 0.2340
0.9614, 0.2340
0.9614, 0.2314

0.2375, 0.2314
0.2375, 0.2314
0.2375, 0.2314
0.2375, 0.2314
0.2375, 0.2314
0.2375, 0.2314
0.2375, 0.2314
0.2375, 0.2314
0.2375, 0.2314
0.2375, 0.2314
0.2375, 0.2314
0.2375, 0.2314
0.2375, 0.2314
0.2375, 0.2314
0.2375, 0.2314
0.2375, 0.2314
0.2375, 0.2314
0.2375, 0.2314
0.2375, 0.2314
0.2375, 0.2314
0.2375, 0.2314
0.2375, 0.2314
0.2375, 0.2314
0.2375, 0.2314
0.2375, 0.2314
0.2375, 0.2314
0.2375, 0.2314
0.2375, 0.2314
0.2375, 0.2314
0.2375, 0.2314
0.2375, 0.2314
0.2375, 0.2314
0.2375, 0.2314
0.2375, 0.2314
0.2375, 0.2314
0.2375, 0.2314
0.2375, 0.2314
0.2375, 0.2314
0.2375, 0.2314
0.2375, 0.2314
0.2375, 0.2314
0.2375, 0.2314
0.2375, 0.2314
0.2375, 0.2314
0.2375, 0.2314
0.2375, 0.2314
0.2375, 0.2314
0.2375, 0.2314
0.2375, 0.2314
0.2375, 0.2314
0.2375, 0.2314
0.2375, 0.2314
0.2375, 0.2314
0.2375, 0.2314
0.2375, 0.2314
0.2375, 0.2314
0.2375, 0.2314
0.2375, 0.2314
0.2375, 0.2314
0.2375, 0.2314
0.2375, 0.2314
0.2375, 0.2314
0.2375, 0.2314
0.2375, 0.2314
0.2375, 0.2314
0.2375, 0.2314
0.2375, 0.2314
0.2375, 0.2314
0.2375, 0.2314
0.2375, 0.2314
0.2375, 0.2314
0.2375, 0.2314
0.2375, 0.2314
0.2375, 0.2314
0.2375, 0.2314
0.2375, 0.2314
0.2375, 0.2314
0.2375, 0.2314
0.2375, 0.2314
0.2375, 0.2314
0.2375, 0.2314
0.2375, 0.2314
0.2375, 0.2314
0.2375, 0.2314
0.2375, 0.2314
0.2375, 0.2314
0.2375, 0.2314
0.2375, 0.2314
0.2375, 0.2314
0.2375, 0.2314
0.2375, 0.2314
0.2375, 0.2314
0.2375, 0.2314
0.2375, 0.2314
0.2375, 0.2314
0.2375, 0.2314
0.2375, 0.2314
0.2375, 0.2314
0.2375, 0.2314
0.2375, 0.2314
0.2375, 0.2314
0.2335, 0.2314
0.2335, 0.2314
0.2335, 0.2314
0.2335, 0.2314
0.2335, 0.2287
0.2335, 0.2287
0.2335, 0.2287
0.2335, 0.2287
0.2335, 0.2287
0.2335, 0.2287
0.2335, 0.2287
0.2335, 0.2287
0.2335, 0.2287
0.2335, 0.2287
0.2335, 0.2287
0.2335, 0.2287
0.2335, 0.2287
0.2335, 0.2287
0.2335, 0.2287
0.2335, 0.2287
0.2335, 0.2287
0.2335, 0.2287
0.2335, 0.2287
0.2335, 0.2287
0.2335, 0.2287
0.2335, 0.2287
0.2335, 0.2287
0.2335, 0.2287
0.2335, 0.2287
0.2335, 0.2287
0.2335, 0.2287
0.2335, 0.2261
0.2335, 0.2261
0.2335, 0.2261
0.2335, 0.2261
0.2335, 0.2261
0.2335, 0.2261
0.2335, 0.2261
0.2335, 0.2261
0.2296, 0.2261
0.2296, 0.2261
0.2296, 0.2261
0.2296, 0.2261
0.2296, 0.2234
0.2296, 0.2234
0.2296, 0.2234
0.2296, 0.2234
0.2296, 0.2234
0.2296, 0.2234
0.2296, 0.2234
0.2296, 0.2234
0.2296, 0.2234
0.2296, 0.2234
0.2296, 0.2234
0.2296, 0.2234
0.2296, 0.2234
0.2256, 0.2234
0.2256, 0.2234
0.2256, 0.2234
0.2256, 0.2234
0.2256, 0.2234
0.2256, 0.2234
0.2256, 0.2234
0.2256, 0.2234
0.2256, 0.2234
0.2256, 0.2207
0.2256, 0.2207
0.2256, 0.2207
0.2256, 0.2207
0.2256, 0.2207
0.2256, 0.2207
0.2256, 0.2207
0.2256, 0.2207
0.2256, 0.2207
0.2256, 0.2207
0.2256, 0.2207
0.2256, 0.2207
0.2256, 0.2207
0.2216, 0.2207
0.2216, 0.2207
0.2216, 0.2207
0.2216, 0.2207
0.2216, 0.2181
0.2216, 0.2181
0.2216, 0.2181
0.2216, 0.2181
0.2216, 0.2181
0.2216, 0.2181
0.2216, 0.2181
0.2216, 0.2181
0.2216, 0.2181
0.2216, 0.2181
0.2216, 0.2181
0.2216, 0.2181
0.2216, 0.2181
0.2216, 0.2181
0.2216, 0.2181
0.2216, 0.2181
0.2216, 0.2181
0.2216, 0.2154
0.2216, 0.2154
0.2216, 0.2154
0.2216, 0.2154
0.2216, 0.2154
0.2216, 0.2154
0.2216, 0.2154
0.2216, 0.2154
0.2216, 0.2154
0.2216, 0.2154
0.2216, 0.2154
0.2216, 0.2154
0.2216, 0.2154
0.2216, 0.2154
0.2216, 0.2154
0.2216, 0.2154
0.2216, 0.2154
0.2216, 0.2154
0.2216, 0.2154
0.2216, 0.2154
0.2216, 0.2154
0.2216, 0.2154
0.2216, 0.2154
0.2216, 0.2154
0.2216, 0.2154
0.2216, 0.2154
0.2216, 0.2154
0.2216, 0.2154
0.2216, 0.2154
0.2216, 0.2154
0.2216, 0.2154
0.2216, 0.2154
0.2216, 0.2154
0.2216, 0.2154
0.2216, 0.2154
0.2216, 0.2154
0.2216, 0.2128
0.2216, 0.2128
0.2216, 0.2128
0.2216, 0.2128
0.2216, 0.2128
0.2216, 0.2128
0.2216, 0.2128
0.2216, 0.2128
0.2216, 0.2128
0.2216, 0.2128
0.2216, 0.2128
0.2216, 0.2128
0.2216, 0.2128
0.2216, 0.2128
0.2216, 0.2128
0.2216, 0.2128
0.2216, 0.2128
0.2176, 0.2101
0.2176, 0.2101
0.2176, 0.2101
0.2176, 0.2101
0.2176, 0.2101
0.2176, 0.2101
0.2176, 0.2101
0.2176, 0.2101
0.2176, 0.2101
0.2176, 0.2101
0.2176, 0.2101
0.2176, 0.2101
0.2176, 0.2101
0.2176, 0.2101
0.2176, 0.2101
0.2176, 0.2101
0.2176, 0.2101
0.2176, 0.2101
0.2176, 0.2101
0.2176, 0.2101
0.2176, 0.2101
0.2176, 0.2101
0.2176, 0.2101
0.2176, 0.2101
0.2176, 0.2101
0.2176, 0.2101
0.2176, 0.2074
0.2176, 0.2074
0.2176, 0.2074
0.2176, 0.2074
0.2137, 0.2074
0.2137, 0.2074
0.2137, 0.2074
0.2137, 0.2074
0.2137, 0.2074
0.2137, 0.2074
0.2137, 0.2074
0.2137, 0.2074
0.2137, 0.2048
0.2137, 0.2048
0.2137, 0.2048
0.2137, 0.2048
0.2137, 0.2048
0.2137, 0.2048
0.2137, 0.2048
0.2137, 0.2048
0.2137, 0.2048
0.2137, 0.2048
0.2137, 0.2048
0.2137, 0.2048
0.2137, 0.2021
0.2137, 0.2021
0.2137, 0.2021
0.2137, 0.2021
0.2137, 0.2021
0.2137, 0.2021
0.2137, 0.2021
0.2137, 0.2021
0.2137, 0.2021
0.2137, 0.2021
0.2137, 0.2021
0.2137, 0.2021
0.2137, 0.2021
0.2137, 0.2021
0.2137, 0.2021
0.2137, 0.2021
0.2137, 0.2021
0.2137, 0.2021
0.2137, 0.2021
0.2137, 0.2021
0.2137, 0.2021
0.2137, 0.1995
0.2137, 0.1995
0.2137, 0.1995
0.2137, 0.1995
0.2097, 0.1995
0.2097, 0.1995
0.2097, 0.1995
0.2097, 0.1995
0.2097, 0.1995
0.2097, 0.1995
0.2097, 0.1995
0.2097, 0.1995
0.2097, 0.1995
0.2097, 0.1995
0.2097, 0.1995
0.2097, 0.1968
0.2097, 0.1968
0.2097, 0.1968
0.2097, 0.1968
0.2097, 0.1968
0.2097, 0.1968
0.2097, 0.1968
0.2097, 0.1968
0.2097, 0.1968
0.2097, 0.1968
0.2097, 0.1968
0.2097, 0.1968
0.2097, 0.1968
0.2097, 0.1968
0.2097, 0.1968
0.2097, 0.1968
0.2097, 0.1968
0.2057, 0.1968
0.2057, 0.1968
0.2057, 0.1968
0.2057, 0.1968
0.2057, 0.1968
0.2057, 0.1968
0.2057, 0.1968
0.2057, 0.1968
0.2057, 0.1968
0.2057, 0.1968
0.2057, 0.1968
0.2057, 0.1968
0.2057, 0.1941
0.2057, 0.1941
0.2057, 0.1941
0.2057, 0.1941
0.2057, 0.1941
0.2057, 0.1941
0.2057, 0.1941
0.2057, 0.1941
0.2017, 0.1915
0.2017, 0.1915
0.2017, 0.1915
0.2017, 0.1915
0.2017, 0.1915
0.2017, 0.1915
0.2017, 0.1915
0.2017, 0.1915
0.2017, 0.1915
0.2017, 0.1915
0.2017, 0.1915
0.2017, 0.1915
0.2017, 0.1888
0.2017, 0.1888
0.2017, 0.1888
0.2017, 0.1888
0.2017, 0.1888
0.2017, 0.1888
0.2017, 0.1888
0.2017, 0.1888
0.2017, 0.1888
0.2017, 0.1888
0.2017, 0.1888
0.2017, 0.1888
0.2017, 0.1888
0.2017, 0.1888
0.2017, 0.1888
0.2017, 0.1888
0.2017, 0.1888
0.2017, 0.1888
0.2017, 0.1888
0.2017, 0.1888
0.2017, 0.1888
0.2017, 0.1888
0.2017, 0.1888
0.2017, 0.1888
0.2017, 0.1888
0.2017, 0.1862
0.2017, 0.1862
0.2017, 0.1862
0.2017, 0.1862
0.2017, 0.1862
0.2017, 0.1862
0.2017, 0.1862
0.2017, 0.1862
0.2017, 0.1862
0.2017, 0.1862
0.2017, 0.1862
0.2017, 0.1862
0.2017, 0.1862
0.2017, 0.1862
0.2017, 0.1862
0.2017, 0.1862
0.2017, 0.1835
0.2017, 0.1835
0.2017, 0.1835
0.2017, 0.1835
0.1978, 0.1835
0.1978, 0.1835
0.1978, 0.1835
0.1978, 0.1835
0.1978, 0.1835
0.1978, 0.1835
0.1978, 0.1835
0.1978, 0.1835
0.1978, 0.1835
0.1978, 0.1835
0.1978, 0.1835
0.1978, 0.1835
0.1978, 0.1835
0.1978, 0.1835
0.1978, 0.1835
0.1978, 0.1835
0.1978, 0.1835
0.1978, 0.1835
0.1978, 0.1835
0.1978, 0.1835
0.1978, 0.1809
0.1978, 0.1809
0.1978, 0.1809
0.1978, 0.1809
0.1978, 0.1809
0.1978, 0.1809
0.1978, 0.1809
0.1938, 0.1809
0.1938, 0.1809
0.1938, 0.1809
0.1938, 0.1809
0.1938, 0.1782
0.1938, 0.1782
0.1938, 0.1782
0.1938, 0.1782
0.1938, 0.1782
0.1938, 0.1782
0.1938, 0.1782
0.1938, 0.1782
0.1938, 0.1782
0.1938, 0.1782
0.1938, 0.1782
0.1938, 0.1782
0.1938, 0.1782
0.1938, 0.1782
0.1938, 0.1782
0.1938, 0.1782
0.1938, 0.1782
0.1938, 0.1782
0.1938, 0.1782
0.1938, 0.1782
0.1938, 0.1782
0.1938, 0.1782
0.1938, 0.1755
0.1938, 0.1755
0.1938, 0.1755
0.1938, 0.1755
0.1938, 0.1755
0.1938, 0.1755
0.1938, 0.1755
0.1938, 0.1755
0.1938, 0.1755
0.1938, 0.1755
0.1938, 0.1755
0.1938, 0.1755
0.1938, 0.1755
0.1938, 0.1755
0.1938, 0.1755
0.1938, 0.1755
0.1938, 0.1729
0.1938, 0.1729
0.1938, 0.1729
0.1938, 0.1729
0.1938, 0.1729
0.1938, 0.1729
0.1938, 0.1729
0.1938, 0.1729
0.1938, 0.1729
0.1938, 0.1729
0.1938, 0.1729
0.1938, 0.1702
0.1938, 0.1702
0.1938, 0.1702
0.1938, 0.1702
0.1938, 0.1702
0.1938, 0.1702
0.1938, 0.1702
0.1938, 0.1702
0.1898, 0.1702
0.1898, 0.1702
0.1898, 0.1702
0.1898, 0.1702
0.1898, 0.1702
0.1898, 0.1702
0.1898, 0.1702
0.1898, 0.1702
0.1898, 0.1702
0.1898, 0.1702
0.1898, 0.1702
0.1898, 0.1702
0.1898, 0.1676
0.1898, 0.1676
0.1898, 0.1676
0.1898, 0.1676
0.1898, 0.1676
0.1898, 0.1676
0.1898, 0.1676
0.1898, 0.1676
0.1898, 0.1676
0.1898, 0.1676
0.1898, 0.1676
0.1898, 0.1676
0.1898, 0.1649
0.1898, 0.1649
0.1898, 0.1649
0.1898, 0.1649
0.1858, 0.1649
0.1858, 0.1649
0.1858, 0.1649
0.1858, 0.1649
0.1858, 0.1649
0.1858, 0.1649
0.1858, 0.1649
0.1858, 0.1649
0.1858, 0.1649
0.1858, 0.1649
0.1858, 0.1649
0.1858, 0.1622
0.1858, 0.1622
0.1858, 0.1622
0.1858, 0.1622
0.1858, 0.1622
0.1858, 0.1622
0.1858, 0.1622
0.1858, 0.1622
0.1858, 0.1622
0.1858, 0.1622
0.1858, 0.1622
0.1858, 0.1622
0.1858, 0.1596
0.1858, 0.1596
0.1858, 0.1596
0.1819, 0.1596
0.1819, 0.1596
0.1819, 0.1596
0.1819, 0.1596
0.1819, 0.1569
0.1819, 0.1569
0.1819, 0.1569
0.1819, 0.1569
0.1819, 0.1569
0.1819, 0.1569
0.1819, 0.1569
0.1819, 0.1569
0.1819, 0.1569
0.1819, 0.1569
0.1819, 0.1569
0.1819, 0.1569
0.1819, 0.1569
0.1819, 0.1569
0.1819, 0.1569
0.1819, 0.1569
0.1819, 0.1569
0.1819, 0.1569
0.1819, 0.1569
0.1819, 0.1543
0.1819, 0.1543
0.1819, 0.1543
0.1819, 0.1543
0.1819, 0.1543
0.1819, 0.1543
0.1819, 0.1543
0.1819, 0.1516
0.1819, 0.1516
0.1819, 0.1516
0.1819, 0.1516
0.1819, 0.1516
0.1819, 0.1516
0.1819, 0.1516
0.1819, 0.1516
0.1819, 0.1516
0.1819, 0.1516
0.1819, 0.1516
0.1819, 0.1516
0.1819, 0.1516
0.1819, 0.1516
0.1819, 0.1516
0.1779, 0.1516
0.1779, 0.1516
0.1779, 0.1516
0.1779, 0.1516
0.1779, 0.1489
0.1779, 0.1489
0.1779, 0.1489
0.1779, 0.1489
0.1779, 0.1489
0.1779, 0.1489
0.1779, 0.1489
0.1779, 0.1489
0.1779, 0.1463
0.1779, 0.1463
0.1779, 0.1463
0.1779, 0.1463
0.1779, 0.1463
0.1779, 0.1463
0.1779, 0.1463
0.1739, 0.1436
0.1739, 0.1436
0.1739, 0.1436
0.1739, 0.1436
0.1739, 0.1436
0.1739, 0.1436
0.1739, 0.1436
0.1739, 0.1436
0.1739, 0.1436
0.1739, 0.1436
0.1739, 0.1436
0.1739, 0.1436
0.1739, 0.1436
0.1739, 0.1436
0.1739, 0.1436
0.1739, 0.1410
0.1739, 0.1410
0.1739, 0.1410
0.1739, 0.1410
0.1739, 0.1410
0.1739, 0.1410
0.1739, 0.1410
0.1739, 0.1410
0.1739, 0.1383
0.1739, 0.1383
0.1739, 0.1383
0.1739, 0.1383
0.1739, 0.1383
0.1739, 0.1383
0.1739, 0.1383
0.1739, 0.1383
0.1739, 0.1383
0.1739, 0.1383
0.1739, 0.1383
0.1739, 0.1383
0.1739, 0.1383
0.1739, 0.1383
0.1739, 0.1383
0.1739, 0.1383
0.1739, 0.1383
0.1739, 0.1383
0.1739, 0.1383
0.1739, 0.1383
0.1739, 0.1383
0.1739, 0.1383
0.1739, 0.1383
0.1699, 0.1356
0.1699, 0.1356
0.1699, 0.1356
0.1699, 0.1356
0.1699, 0.1356
0.1699, 0.1356
0.1699, 0.1356
0.1699, 0.1356
0.1699, 0.1356
0.1699, 0.1356
0.1699, 0.1356
0.1699, 0.1330
0.1699, 0.1330
0.1699, 0.1330
0.1699, 0.1330
0.1699, 0.1330
0.1699, 0.1330
0.1699, 0.1330
0.1699, 0.1330
0.1699, 0.1303
0.1699, 0.1303
0.1699, 0.1303
0.1660, 0.1303
0.1660, 0.1303
0.1660, 0.1303
0.1660, 0.1303
0.1660, 0.1303
0.1660, 0.1303
0.1660, 0.1303
0.1660, 0.1303
0.1660, 0.1303
0.1660, 0.1303
0.1660, 0.1303
0.1660, 0.1303
0.1660, 0.1303
0.1660, 0.1303
0.1660, 0.1303
0.1660, 0.1277
0.1660, 0.1277
0.1660, 0.1277
0.1660, 0.1277
0.1660, 0.1277
0.1660, 0.1277
0.1660, 0.1277
0.1660, 0.1277
0.1620, 0.1250
0.1620, 0.1250
0.1620, 0.1250
0.1620, 0.1250
0.1620, 0.1250
0.1620, 0.1250
0.1620, 0.1250
0.1620, 0.1250
0.1620, 0.1250
0.1620, 0.1250
0.1620, 0.1250
0.1620, 0.1250
0.1620, 0.1250
0.1620, 0.1250
0.1620, 0.1250
0.1620, 0.1250
0.1620, 0.1250
0.1620, 0.1250
0.1620, 0.1250
0.1620, 0.1223
0.1620, 0.1223
0.1620, 0.1223
0.1620, 0.1223
0.1620, 0.1223
0.1620, 0.1223
0.1620, 0.1223
0.1620, 0.1223
0.1620, 0.1223
0.1620, 0.1223
0.1620, 0.1223
0.1620, 0.1197
0.1620, 0.1197
0.1620, 0.1197
0.1620, 0.1197
0.1620, 0.1197
0.1620, 0.1197
0.1620, 0.1197
0.1620, 0.1197
0.1620, 0.1197
0.1620, 0.1197
0.1620, 0.1197
0.1620, 0.1170
0.1620, 0.1170
0.1620, 0.1170
0.1620, 0.1170
0.1620, 0.1170
0.1620, 0.1170
0.1620, 0.1170
0.1620, 0.1170
0.1620, 0.1170
0.1620, 0.1170
0.1620, 0.1170
0.1620, 0.1170
0.1620, 0.1170
0.1620, 0.1170
0.1620, 0.1170
0.1580, 0.1170
0.1580, 0.1170
0.1580, 0.1170
0.1580, 0.1170
0.1580, 0.1170
0.1580, 0.1170
0.1580, 0.1170
0.1580, 0.1144
0.1580, 0.1144
0.1580, 0.1144
0.1580, 0.1144
0.1580, 0.1144
0.1580, 0.1144
0.1580, 0.1144
0.1580, 0.1117
0.1580, 0.1117
0.1580, 0.1117
0.1580, 0.1117
0.1580, 0.1117
0.1580, 0.1117
0.1580, 0.1117
0.1580, 0.1117
0.1580, 0.1117
0.1580, 0.1117
0.1580, 0.1117
0.1580, 0.1117
0.1580, 0.1117
0.1580, 0.1117
0.1580, 0.1117
0.1540, 0.1090
0.1540, 0.1090
0.1540, 0.1090
0.1540, 0.1090
0.1540, 0.1090
0.1540, 0.1090
0.1540, 0.1090
0.1540, 0.1090
0.1540, 0.1064
0.1540, 0.1064
0.1540, 0.1064
0.1540, 0.1064
0.1540, 0.1064
0.1540, 0.1064
0.1540, 0.1064
0.1540, 0.1037
0.1540, 0.1037
0.1540, 0.1037
0.1540, 0.1037
0.1540, 0.1037
0.1540, 0.1037
0.1540, 0.1037
0.1540, 0.1037
0.1540, 0.1037
0.1540, 0.1037
0.1540, 0.1037
0.1540, 0.1037
0.1540, 0.1037
0.1540, 0.1037
0.1540, 0.1037
0.1540, 0.1011
0.1540, 0.1011
0.1540, 0.1011
0.1540, 0.1011
0.1540, 0.1011
0.1540, 0.1011
0.1540, 0.1011
0.1540, 0.0984
0.1540, 0.0984
0.1540, 0.0984
0.1540, 0.0984
0.1540, 0.0984
0.1540, 0.0984
0.1540, 0.0984
0.1540, 0.0957
0.1540, 0.0957
0.1540, 0.0957
0.1540, 0.0957
0.1540, 0.0957
0.1540, 0.0957
0.1540, 0.0957
0.1540, 0.0957
0.1540, 0.0931
0.1540, 0.0931
0.1540, 0.0931
0.1540, 0.0931
0.1540, 0.0931
0.1540, 0.0931
0.1540, 0.0931
0.1540, 0.0931
0.1540, 0.0931
0.1540, 0.0931
0.1540, 0.0904
0.1540, 0.0904
0.1540, 0.0904
0.1540, 0.0904
0.1540, 0.0904
0.1540, 0.0904
0.1540, 0.0878
0.1540, 0.0878
0.1540, 0.0878
0.1540, 0.0878
0.1540, 0.0851
0.1540, 0.0851
0.1540, 0.0851
0.1540, 0.0851
0.1540, 0.0851
0.1540, 0.0851
0.1540, 0.0851
0.1540, 0.0851
0.1540, 0.0851
0.1540, 0.0851
0.1540, 0.0851
0.1540, 0.0824
0.1540, 0.0824
0.1540, 0.0824
0.1540, 0.0824
0.1540, 0.0824
0.1540, 0.0824
0.1540, 0.0798
0.1540, 0.0798
0.1540, 0.0798
0.1540, 0.0798
0.1540, 0.0798
0.1540, 0.0798
0.1540, 0.0798
0.1540, 0.0798
0.1540, 0.0798
0.1540, 0.0798
0.1540, 0.0798
0.1540, 0.0771
0.1540, 0.0771
0.1540, 0.0771
0.1540, 0.0745
0.1540, 0.0745
0.1540, 0.0745
0.1580, 0.0745
0.1580, 0.0745
0.1580, 0.0745
0.1580, 0.0745
0.1580, 0.0718
0.1580, 0.0718
0.1580, 0.0718
0.1580, 0.0718
0.1580, 0.0718
0.1580, 0.0718
0.1580, 0.0718
0.1580, 0.0718
0.1580, 0.0718
0.1580, 0.0718
0.1580, 0.0691
0.1580, 0.0691
0.1580, 0.0691
0.1580, 0.0691
0.1580, 0.0691
0.1580, 0.0691
0.1580, 0.0691
0.1580, 0.0665
0.1580, 0.0665
0.1580, 0.0665
0.1580, 0.0665
0.1580, 0.0665
0.1580, 0.0665
0.1580, 0.0665
0.1580, 0.0665
0.1580, 0.0665
0.1580, 0.0665
0.1580, 0.0665
0.1580, 0.0665
0.1580, 0.0665
0.1580, 0.0665
0.1580, 0.0665
0.1580, 0.0638
0.1580, 0.0638
0.1580, 0.0638
0.1620, 0.0612
0.1620, 0.0612
0.1620, 0.0612
0.1620, 0.0612
0.1620, 0.0612
0.1620, 0.0612
0.1620, 0.0612
0.1620, 0.0585
0.1620, 0.0585
0.1620, 0.0585
0.1660, 0.0585
0.1660, 0.0585
0.1660, 0.0585
0.1660, 0.0585
0.1660, 0.0585
0.1660, 0.0585
0.1660, 0.0585
0.1699, 0.0559
0.1699, 0.0559
0.1699, 0.0559
0.1699, 0.0559
0.1699, 0.0559
0.1699, 0.0559
0.1699, 0.0559
0.1699, 0.0532
0.1699, 0.0532
0.1699, 0.0532
0.1699, 0.0532
0.1699, 0.0532
0.1699, 0.0532
0.1699, 0.0532
0.1699, 0.0532
0.1699, 0.0532
0.1699, 0.0532
0.1699, 0.0532
0.1699, 0.0532
0.1699, 0.0532
0.1699, 0.0532
0.1699, 0.0505
0.1699, 0.0505
0.1699, 0.0505
0.1699, 0.0505
0.1699, 0.0505
0.1699, 0.0505
0.1699, 0.0505
0.1739, 0.0479
0.1739, 0.0479
0.1739, 0.0479
0.1739, 0.0479
0.1739, 0.0479
0.1739, 0.0479
0.1739, 0.0479
0.1739, 0.0452
0.1739, 0.0452
0.1739, 0.0452
0.1739, 0.0452
0.1739, 0.0452
0.1739, 0.0452
0.1739, 0.0452
0.1779, 0.0452
0.1779, 0.0452
0.1779, 0.0452
0.1779, 0.0452
0.1779, 0.0452
0.1779, 0.0452
0.1779, 0.0452
0.1779, 0.0426
0.1779, 0.0426
0.1779, 0.0426
0.1779, 0.0426
0.1779, 0.0426
0.1779, 0.0426
0.1779, 0.0426
0.1779, 0.0426
0.1779, 0.0426
0.1779, 0.0426
0.1779, 0.0399
0.1779, 0.0399
0.1779, 0.0399
0.1779, 0.0399
0.1779, 0.0399
0.1779, 0.0399
0.1779, 0.0399
0.1779, 0.0399
0.1779, 0.0399
0.1779, 0.0399
0.1779, 0.0399
0.1819, 0.0399
0.1819, 0.0399
0.1819, 0.0399
0.1819, 0.0372
0.1819, 0.0372
0.1819, 0.0372
0.1819, 0.0372
0.1819, 0.0372
0.1819, 0.0372
0.1858, 0.0372
0.1858, 0.0372
0.1858, 0.0372
0.1858, 0.0372
0.1858, 0.0346
0.1858, 0.0346
0.1858, 0.0346
0.1858, 0.0346
0.1858, 0.0346
0.1858, 0.0346
0.1898, 0.0319
0.1898, 0.0319
0.1898, 0.0319
0.1898, 0.0319
0.1898, 0.0319
0.1898, 0.0319
0.1898, 0.0319
0.1898, 0.0319
0.1898, 0.0319
0.1898, 0.0319
0.1898, 0.0319
0.1898, 0.0319
0.1898, 0.0319
0.1898, 0.0319
0.1898, 0.0293
0.1898, 0.0293
0.1898, 0.0293
0.1898, 0.0293
0.1898, 0.0293
0.1898, 0.0293
0.1938, 0.0293
0.1938, 0.0293
0.1938, 0.0293
0.1938, 0.0293
0.1938, 0.0266
0.1938, 0.0266
0.1938, 0.0266
0.1938, 0.0266
0.1938, 0.0266
0.1938, 0.0266
0.1938, 0.0266
0.1938, 0.0266
0.1938, 0.0266
0.1938, 0.0266
0.1978, 0.0266
0.1978, 0.0266
0.1978, 0.0266
0.1978, 0.0266
0.1978, 0.0266
0.1978, 0.0266
0.1978, 0.0266
0.1978, 0.0239
0.1978, 0.0239
0.1978, 0.0239
0.1978, 0.0239
0.1978, 0.0239
0.1978, 0.0239
0.1978, 0.0213
0.1978, 0.0213
0.1978, 0.0213
0.2017, 0.0213
0.2017, 0.0213
0.2017, 0.0213
0.2017, 0.0213
0.2017, 0.0213
0.2017, 0.0213
0.2017, 0.0213
0.2017, 0.0186
0.2017, 0.0186
0.2017, 0.0186
0.2057, 0.0186
0.2057, 0.0186
0.2057, 0.0186
0.2057, 0.0186
0.2057, 0.0186
0.2057, 0.0186
0.2057, 0.0186
0.2097, 0.0186
0.2097, 0.0186
0.2097, 0.0186
0.2097, 0.0186
0.2097, 0.0186
0.2097, 0.0186
0.2097, 0.0186
0.2097, 0.0160
0.2097, 0.0160
0.2097, 0.0160
0.2097, 0.0160
0.2097, 0.0160
0.2097, 0.0160
0.2097, 0.0160
0.2097, 0.0160
0.2097, 0.0160
0.2097, 0.0160
0.2137, 0.0133
0.2137, 0.0133
0.2137, 0.0133
0.2137, 0.0133
0.2137, 0.0133
0.2137, 0.0133
0.2176, 0.0133
0.2176, 0.0133
0.2176, 0.0133
0.2176, 0.0133
0.2176, 0.0133
0.2176, 0.0133
0.2176, 0.0133
0.2176, 0.0133
0.2176, 0.0133
0.2176, 0.0133
0.2176, 0.0133
0.2176, 0.0133
0.2176, 0.0133
0.2176, 0.0133
0.2216, 0.0133
0.2216, 0.0133
0.2216, 0.0133
0.2216, 0.0106
0.2216, 0.0106
0.2216, 0.0106
0.2256, 0.0106
0.2256, 0.0106
0.2256, 0.0106
0.2256, 0.0106
0.2256, 0.0106
0.2256, 0.0106
0.2296, 0.0080
0.2296, 0.0080
0.2296, 0.0080
0.2296, 0.0080
0.2296, 0.0080
0.2296, 0.0080
0.2296, 0.0080
0.2296, 0.0080
0.2296, 0.0080
0.2296, 0.0080
0.2335, 0.0080
0.2335, 0.0080
0.2335, 0.0080
0.2335, 0.0080
0.2335, 0.0080
0.2335, 0.0080
0.2335, 0.0080
0.2375, 0.0080
0.2375, 0.0080
0.2375, 0.0080
0.2375, 0.0080
0.2375, 0.0080
0.2375, 0.0080
0.2415, 0.0080
0.2415, 0.0080
0.2415, 0.0080
0.2415, 0.0080
0.2415, 0.0053
0.2415, 0.0053
0.2415, 0.0053
0.2455, 0.0053
0.2455, 0.0053
0.2455, 0.0053
0.2494, 0.0053
0.2494, 0.0053
0.2494, 0.0053
0.2494, 0.0053
0.2494, 0.0053
0.2494, 0.0053
0.2494, 0.0053
0.2494, 0.0053
0.2494, 0.0053
0.2534, 0.0027
0.2534, 0.0027
0.2534, 0.0027
0.2534, 0.0027
0.2574, 0.0027
0.2574, 0.0027
0.2574, 0.0027
0.2574, 0.0027
0.2574, 0.0027
0.2574, 0.0027
0.2614, 0.0027
0.2614, 0.0027
0.2614, 0.0027
0.2653, 0.0027
0.2653, 0.0027
0.2653, 0.0027
0.2653, 0.0027
0.2653, 0.0027
0.2653, 0.0027
0.2653, 0.0027
0.2653, 0.0027
0.2653, 0.0027
0.2653, 0.0027
0.2693, 0.0027
0.2693, 0.0027
0.2693, 0.0027
0.2733, 0.0027
0.2733, 0.0027
0.2733, 0.0027
0.2733, 0.0027
0.2733, 0.0027
0.2733, 0.0027
0.2773, 0.0027
0.2773, 0.0027
0.2773, 0.0027
0.2773, 0.0027
0.2773, 0.0027
0.2773, 0.0027
0.2773, 0.0027
0.2773, 0.0027
0.2773, 0.0027
0.2773, 0.0027
0.2812, 0.0027
0.2812, 0.0027
0.2812, 0.0027
0.2852, 0.0027
0.2852, 0.0027
0.2852, 0.0027
0.2852, 0.0027
0.2852, 0.0027
0.2852, 0.0027
0.2852, 0.0027
0.2852, 0.0027
0.2852, 0.0027
0.2852, 0.0027
0.2892, 0.0027
0.2892, 0.0027
0.2892, 0.0027
0.2892, 0.0027
0.2932, 0.0027
0.2932, 0.0027
0.2932, 0.0027
0.2972, 0.0027
0.2972, 0.0027
0.2972, 0.0027
0.2972, 0.0027
0.2972, 0.0027
0.2972, 0.0027
0.2972, 0.0027
0.2972, 0.0027
0.2972, 0.0027
0.3011, 0.0027
0.3011, 0.0027
0.3011, 0.0027
0.3051, 0.0027
0.3051, 0.0027
0.3051, 0.0027
0.3051, 0.0027
0.3051, 0.0027
0.3051, 0.0027
0.3051, 0.0027
0.3051, 0.0027
0.3051, 0.0027
0.3051, 0.0027
0.3091, 0.0027
0.3091, 0.0027
0.3091, 0.0027
0.3131, 0.0027
0.3131, 0.0027
0.3131, 0.0027
0.3170, 0.0027
0.3170, 0.0027
0.3170, 0.0027
0.3170, 0.0027
0.3170, 0.0027
0.3170, 0.0027
0.3170, 0.0027
0.3170, 0.0027
0.3170, 0.0027
0.3170, 0.0027
0.3210, 0.0027
0.3210, 0.0027
0.3210, 0.0027
0.3210, 0.0027
0.3210, 0.0027
0.3210, 0.0027
0.3250, 0.0027
0.3250, 0.0027
0.3250, 0.0027
0.3250, 0.0027
0.3250, 0.0027
0.3250, 0.0027
0.3250, 0.0027
0.3290, 0.0027
0.3290, 0.0027
0.3290, 0.0027
0.3329, 0.0027
0.3329, 0.0027
0.3329, 0.0027
0.3329, 0.0027
0.3329, 0.0027
0.3329, 0.0027
0.3369, 0.0027
0.3369, 0.0027
0.3369, 0.0027
0.3369, 0.0027
0.3369, 0.0027
0.3369, 0.0027
0.3409, 0.0027
0.3409, 0.0027
0.3409, 0.0027
0.3449, 0.0027
0.3449, 0.0027
0.3449, 0.0027
0.3449, 0.0027
0.3449, 0.0027
0.3449, 0.0027
0.3449, 0.0027
0.3488, 0.0027
0.3488, 0.0027
0.3528, 0.0027
0.3528, 0.0027
0.3528, 0.0027
0.3528, 0.0000
0.3528, 0.0000
0.3568, 0.0000
0.3568, 0.0000
0.3568, 0.0000
0.3568, 0.0000
0.3568, 0.0000
0.3608, 0.0000
0.3608, 0.0000
0.3647, 0.0000
0.3647, 0.0000
0.3647, 0.0000
0.3647, 0.0000
0.3647, 0.0000
0.3687, 0.0000
0.3687, 0.0000
0.3727, 0.0000
0.3727, 0.0000
0.3727, 0.0000
0.3767, 0.0000
0.3767, 0.0000
0.3767, 0.0000
0.3767, 0.0000
0.3767, 0.0000
0.3767, 0.0000
0.3767, 0.0000
0.3806, 0.0000
0.3806, 0.0000
0.3806, 0.0000
0.3847, 0.0000
0.3847, 0.0000
0.3847, 0.0000
0.3847, 0.0000
0.3847, 0.0000
0.3847, 0.0027
0.3847, 0.0027
0.3887, 0.0027
0.3887, 0.0027
0.3887, 0.0027
0.3927, 0.0027
0.3927, 0.0027
0.3927, 0.0027
0.3927, 0.0027
0.3966, 0.0053
0.3966, 0.0053
0.3966, 0.0053
0.4006, 0.0053
0.4006, 0.0053
0.4046, 0.0053
0.4046, 0.0053
0.4046, 0.0053
0.4046, 0.0053
0.4046, 0.0053
0.4086, 0.0053
0.4086, 0.0053
0.4125, 0.0080
0.4125, 0.0080
0.4125, 0.0080
0.4165, 0.0080
0.4165, 0.0080
0.4205, 0.0080
0.4205, 0.0080
0.4205, 0.0080
0.4245, 0.0106
0.4245, 0.0106
0.4245, 0.0106
0.4245, 0.0106
0.4245, 0.0106
0.4324, 0.0106
0.4324, 0.0106
0.4364, 0.0106
0.4364, 0.0106
0.4364, 0.0106
0.4364, 0.0106
0.4404, 0.0106
0.4404, 0.0106
0.4404, 0.0106
0.4443, 0.0106
0.4443, 0.0106
0.4443, 0.0133
0.4443, 0.0133
0.4443, 0.0133
0.4483, 0.0133
0.4483, 0.0133
0.4563, 0.0133
0.4563, 0.0133
0.4563, 0.0133
0.4563, 0.0133
0.4563, 0.0133
0.4602, 0.0160
0.4602, 0.0160
0.4642, 0.0160
0.4642, 0.0160
0.4682, 0.0160
0.4682, 0.0160
0.4682, 0.0160
0.4682, 0.0160
0.4682, 0.0160
0.4722, 0.0160
0.4722, 0.0160
0.4722, 0.0160
0.4761, 0.0160
0.4761, 0.0160
0.4761, 0.0160
0.4761, 0.0160
0.4801, 0.0160
0.4801, 0.0160
0.4801, 0.0160
0.4841, 0.0160
0.4841, 0.0160
0.4881, 0.0160
0.4881, 0.0160
0.4881, 0.0160
0.4881, 0.0160
0.4881, 0.0160
0.4920, 0.0186
0.4920, 0.0186
0.4960, 0.0186
0.4960, 0.0186
0.4960, 0.0186
0.5000, 0.0186
0.5000, 0.0186
0.5040, 0.0186
0.5040, 0.0186
0.5080, 0.0186
0.5080, 0.0186
0.5080, 0.0186
0.5080, 0.0186
0.5080, 0.0186
0.5119, 0.0186
0.5119, 0.0186
0.5119, 0.0186
0.5159, 0.0186
0.5159, 0.0186
0.5159, 0.0213
0.5159, 0.0213
0.5199, 0.0213
0.5199, 0.0213
0.5239, 0.0213
0.5239, 0.0213
0.5239, 0.0213
0.5278, 0.0213
0.5278, 0.0213
0.5318, 0.0213
0.5318, 0.0213
0.5358, 0.0213
0.5358, 0.0213
0.5358, 0.0213
0.5398, 0.0239
0.5398, 0.0239
0.5437, 0.0239
0.5437, 0.0239
0.5477, 0.0239
0.5477, 0.0239
0.5477, 0.0239
0.5477, 0.0239
0.5477, 0.0239
0.5517, 0.0239
0.5517, 0.0239
0.5517, 0.0239
0.5517, 0.0239
0.5517, 0.0239
0.5557, 0.0239
0.5557, 0.0239
0.5596, 0.0239
0.5596, 0.0239
0.5596, 0.0239
0.5596, 0.0239
0.5596, 0.0239
0.5636, 0.0239
0.5636, 0.0239
0.5676, 0.0266
0.5676, 0.0266
0.5676, 0.0266
0.5676, 0.0266
0.5676, 0.0266
0.5716, 0.0266
0.5716, 0.0266
0.5716, 0.0266
0.5795, 0.0293
0.5795, 0.0293
0.5795, 0.0293
0.5795, 0.0293
0.5795, 0.0293
0.5835, 0.0293
0.5835, 0.0293
0.5914, 0.0293
0.5914, 0.0293
0.5914, 0.0319
0.5914, 0.0319
0.5954, 0.0319
0.5954, 0.0319
0.5954, 0.0319
0.5994, 0.0319
0.5994, 0.0319
0.6034, 0.0319
0.6034, 0.0319
0.6034, 0.0319
0.6034, 0.0319
0.6034, 0.0319
0.6073, 0.0319
0.6073, 0.0319
0.6113, 0.0319
0.6113, 0.0319
0.6113, 0.0319
0.6113, 0.0319
0.6113, 0.0319
0.6113, 0.0319
0.6153, 0.0346
0.6194, 0.0346
0.6194, 0.0346
0.6233, 0.0346
0.6233, 0.0346
0.6273, 0.0372
0.6313, 0.0372
0.6392, 0.0372
0.6392, 0.0372
0.6392, 0.0372
0.6392, 0.0372
0.6432, 0.0372
0.6432, 0.0372
0.6472, 0.0372
0.6472, 0.0372
0.6472, 0.0372
0.6512, 0.0399
0.6512, 0.0399
0.6551, 0.0399
0.6551, 0.0399
0.6591, 0.0399
0.6591, 0.0399
0.6591, 0.0399
0.6631, 0.0399
0.6631, 0.0399
0.6631, 0.0426
0.6631, 0.0426
0.6671, 0.0426
0.6671, 0.0426
0.6710, 0.0426
0.6710, 0.0426
0.6710, 0.0426
0.6710, 0.0426
0.6710, 0.0426
0.6710, 0.0426
0.6710, 0.0426
0.6710, 0.0426
0.6750, 0.0426
0.6750, 0.0426
0.6790, 0.0426
0.6790, 0.0426
0.6830, 0.0452
0.6830, 0.0452
0.6830, 0.0452
0.6830, 0.0452
0.6830, 0.0452
0.6830, 0.0452
0.6830, 0.0452
0.6869, 0.0452
0.6869, 0.0452
0.6869, 0.0452
0.6909, 0.0452
0.6909, 0.0452
0.6909, 0.0452
0.6909, 0.0452
0.6909, 0.0452
0.6949, 0.0452
0.6949, 0.0452
0.6949, 0.0452
0.6949, 0.0452
0.6989, 0.0452
0.6989, 0.0452
0.7028, 0.0452
0.7028, 0.0452
0.7028, 0.0452
0.7028, 0.0452
0.7028, 0.0452
0.7068, 0.0452
0.7068, 0.0452
0.7068, 0.0452
0.7108, 0.0452
0.7108, 0.0452
0.7108, 0.0452
0.7108, 0.0452
0.7148, 0.0452
0.7148, 0.0452
0.7148, 0.0452
0.7188, 0.0479
0.7188, 0.0479
0.7227, 0.0479
0.7227, 0.0479
0.7227, 0.0479
0.7227, 0.0479
0.7227, 0.0479
0.7227, 0.0479
0.7227, 0.0479
0.7267, 0.0479
0.7267, 0.0479
0.7307, 0.0479
0.7307, 0.0479
0.7307, 0.0479
0.7307, 0.0479
0.7307, 0.0479
0.7307, 0.0479
0.7307, 0.0479
0.7307, 0.0479
0.7347, 0.0479
0.7347, 0.0479
0.7386, 0.0479
0.7386, 0.0479
0.7386, 0.0479
0.7386, 0.0479
0.7386, 0.0479
0.7426, 0.0479
0.7426, 0.0479
0.7426, 0.0479
0.7426, 0.0479
0.7426, 0.0479
0.7466, 0.0479
0.7466, 0.0479
0.7506, 0.0479
0.7506, 0.0479
0.7506, 0.0479
0.7506, 0.0479
0.7506, 0.0479
0.7545, 0.0479
0.7545, 0.0479
0.7585, 0.0479
0.7585, 0.0479
0.7625, 0.0479
0.7625, 0.0479
0.7625, 0.0479
0.7625, 0.0479
0.7625, 0.0479
0.7625, 0.0479
0.7625, 0.0479
0.7625, 0.0479
0.7665, 0.0479
0.7665, 0.0479
0.7704, 0.0479
0.7704, 0.0479
0.7704, 0.0479
0.7704, 0.0479
0.7704, 0.0479
0.7704, 0.0479
0.7704, 0.0479
0.7744, 0.0479
0.7744, 0.0479
0.7744, 0.0479
0.7744, 0.0479
0.7744, 0.0479
0.7784, 0.0479
0.7784, 0.0479
0.7784, 0.0479
0.7784, 0.0479
0.7784, 0.0479
0.7784, 0.0479
0.7784, 0.0479
0.7784, 0.0479
0.7784, 0.0479
0.7784, 0.0479
0.7784, 0.0479
0.7784, 0.0479
0.7824, 0.0479
0.7824, 0.0479
0.7824, 0.0479
0.7824, 0.0479
0.7824, 0.0479
0.7863, 0.0479
0.7863, 0.0479
0.7903, 0.0479
0.7903, 0.0479
0.7903, 0.0479
0.7903, 0.0479
0.7903, 0.0479
0.7903, 0.0479
0.7903, 0.0479
0.7943, 0.0479
0.7943, 0.0479
0.7983, 0.0479
0.7983, 0.0479
0.7983, 0.0479
0.8022, 0.0479
0.8022, 0.0479
0.8022, 0.0479
0.8022, 0.0479
0.8022, 0.0479
0.8022, 0.0479
0.8022, 0.0479
0.8022, 0.0479
0.8022, 0.0479
0.8022, 0.0479
0.8022, 0.0479
0.8062, 0.0479
0.8062, 0.0479
0.8062, 0.0479
0.8062, 0.0479
0.8062, 0.0479
0.8102, 0.0479
0.8102, 0.0479
0.8102, 0.0479
0.8102, 0.0479
0.8102, 0.0479
0.8142, 0.0479
0.8142, 0.0479
0.8142, 0.0479
0.8142, 0.0479
0.8181, 0.0479
0.8181, 0.0479
0.8181, 0.0479
0.8181, 0.0452
0.8181, 0.0452
0.8221, 0.0452
0.8221, 0.0452
0.8261, 0.0452
0.8261, 0.0452
0.8301, 0.0452
0.8301, 0.0452
0.8301, 0.0452
0.8301, 0.0426
0.8301, 0.0426
0.8340, 0.0426
0.8340, 0.0426
0.8380, 0.0426
0.8380, 0.0426
0.8380, 0.0426
0.8380, 0.0426
0.8380, 0.0426
0.8420, 0.0426
0.8420, 0.0426
0.8460, 0.0426
0.8460, 0.0426
0.8460, 0.0426
0.8499, 0.0426
0.8499, 0.0426
0.8499, 0.0426
0.8499, 0.0426
0.8499, 0.0426
0.8499, 0.0426
0.8499, 0.0426
0.8499, 0.0399
0.8499, 0.0399
0.8539, 0.0399
0.8539, 0.0399
0.8539, 0.0399
0.8539, 0.0399
0.8539, 0.0399
0.8580, 0.0399
0.8580, 0.0399
0.8580, 0.0399
0.8580, 0.0399
0.8580, 0.0399
0.8580, 0.0399
0.8580, 0.0399
0.8620, 0.0372
0.8620, 0.0372
0.8620, 0.0372
0.8620, 0.0372
0.8659, 0.0372
0.8659, 0.0372
0.8659, 0.0372
0.8699, 0.0372
0.8699, 0.0372
0.8699, 0.0346
0.8699, 0.0346
0.8699, 0.0346
0.8699, 0.0346
0.8739, 0.0346
0.8739, 0.0346
0.8739, 0.0346
0.8779, 0.0346
0.8779, 0.0346
0.8779, 0.0346
0.8779, 0.0346
0.8779, 0.0346
0.8779, 0.0346
0.8779, 0.0346
0.8818, 0.0346
0.8818, 0.0346
0.8818, 0.0346
0.8818, 0.0346
0.8818, 0.0346
0.8818, 0.0346
0.8818, 0.0346
0.8858, 0.0346
0.8858, 0.0346
0.8858, 0.0346
0.8858, 0.0346
0.8858, 0.0319
0.8858, 0.0319
0.8858, 0.0319
0.8858, 0.0319
0.8858, 0.0319
0.8858, 0.0319
0.8858, 0.0319
0.8898, 0.0319
0.8898, 0.0319
0.8898, 0.0319
0.8898, 0.0319
0.8898, 0.0319
0.8898, 0.0319
0.8898, 0.0319
0.8898, 0.0319
0.8898, 0.0319
0.8938, 0.0293
0.8938, 0.0293
0.8938, 0.0293
0.8938, 0.0293
0.8938, 0.0293
0.8977, 0.0293
0.8977, 0.0293
0.8977, 0.0293
0.8977, 0.0293
0.8977, 0.0293
0.8977, 0.0293
0.8977, 0.0293
0.9017, 0.0293
0.9017, 0.0293
0.9017, 0.0293
0.9017, 0.0293
0.9017, 0.0293
0.9017, 0.0266
0.9017, 0.0266
0.9017, 0.0266
0.9017, 0.0266
0.9017, 0.0266
0.9017, 0.0266
0.9017, 0.0266
0.9097, 0.0266
0.9097, 0.0266
0.9097, 0.0239
0.9097, 0.0239
0.9097, 0.0239
0.9097, 0.0239
0.9097, 0.0239
0.9097, 0.0239
0.9097, 0.0239
0.9097, 0.0239
0.9097, 0.0239
0.9136, 0.0213
0.9136, 0.0213
0.9136, 0.0213
0.9136, 0.0213
0.9136, 0.0213
0.9176, 0.0213
0.9176, 0.0213
0.9176, 0.0213
0.9176, 0.0213
0.9176, 0.0213
0.9176, 0.0213
0.9176, 0.0213
0.9176, 0.0213
0.9176, 0.0213
0.9216, 0.0213
0.9216, 0.0213
0.9216, 0.0213
0.9216, 0.0213
0.9216, 0.0213
0.9256, 0.0213
0.9256, 0.0213
0.9296, 0.0213
0.9296, 0.0213
0.9296, 0.0186
0.9296, 0.0186
0.9296, 0.0186
0.9296, 0.0186
0.9296, 0.0186
0.9335, 0.0186
0.9335, 0.0186
0.9375, 0.0186
0.9375, 0.0186
0.9375, 0.0186
0.9375, 0.0186
0.9375, 0.0186
0.9375, 0.0160
0.9375, 0.0160
0.9375, 0.0160
0.9375, 0.0160
0.9375, 0.0160
0.9375, 0.0160
0.9375, 0.0160
0.9375, 0.0160
0.9375, 0.0160
0.9415, 0.0160
0.9415, 0.0160
0.9455, 0.0160
0.9455, 0.0160
0.9455, 0.0160
0.9455, 0.0160
0.9455, 0.0160
0.9494, 0.0160
0.9494, 0.0160
0.9534, 0.0160
0.9534, 0.0160
0.9574, 0.0160
0.9574, 0.0160
0.9574, 0.0160
0.9574, 0.0160
0.9574, 0.0133
0.9574, 0.0133
0.9574, 0.0133
0.9614, 0.0133
0.9614, 0.0133
0.9614, 0.0133
0.9614, 0.0133
0.9614, 0.0133
0.9614, 0.0133
0.9614, 0.0133
0.9653, 0.0133
0.9653, 0.0133
0.9653, 0.0133
0.9653, 0.0133
0.9653, 0.0133
0.9653, 0.0133
0.9653, 0.0133
0.9653, 0.0133
0.9653, 0.0133
0.9653, 0.0133
0.9653, 0.0133
0.9693, 0.0106
0.9693, 0.0106
0.9693, 0.0106
0.9693, 0.0106
0.9693, 0.0106
0.9733, 0.0106
0.9733, 0.0106
0.9733, 0.0106
0.9733, 0.0106
0.9733, 0.0106
0.9733, 0.0106
0.9733, 0.0106
0.9733, 0.0106
0.9733, 0.0106
0.9733, 0.0106
0.9733, 0.0106
0.9733, 0.0106
0.9733, 0.0106
0.9733, 0.0106
0.9733, 0.0106
0.9733, 0.0106
0.9733, 0.0106
0.9733, 0.0106
0.9733, 0.0106
0.9733, 0.0106
0.9733, 0.0106
0.9733, 0.0106
0.9733, 0.0106
0.9733, 0.0106
0.9733, 0.0106
0.9733, 0.0106
0.9733, 0.0106
0.9733, 0.0106
0.9733, 0.0106
0.9733, 0.0106
0.9733, 0.0106
0.9733, 0.0106
0.9733, 0.0106
0.9733, 0.0106
0.9733, 0.0106
0.9733, 0.0106
0.9733, 0.0106
0.9733, 0.0106
0.9733, 0.0106
0.9733, 0.0106
0.9733, 0.0106
0.9733, 0.0106
0.9733, 0.0106
0.9733, 0.0106
0.9733, 0.0106
0.9733, 0.0106
0.9733, 0.0106
0.9733, 0.0106
0.9733, 0.0106
0.9733, 0.0106
0.9733, 0.0106
0.9733, 0.0106
0.9733, 0.0106
0.9733, 0.0106
0.9733, 0.0106
0.9733, 0.0106
