0.0000, 0.6772
0.0042, 0.6730
0.0084, 0.6688
0.0169, 0.6561
0.0253, 0.6519
0.0380, 0.6477
0.0506, 0.6392
0.0633, 0.6350
0.0886, 0.6224
0.1139, 0.6139
0.1308, 0.6097
0.1519, 0.6055
0.1688, 0.6013
0.1899, 0.5970
0.2025, 0.5970
0.2194, 0.5970
0.2363, 0.5970
0.2532, 0.5970
0.2658, 0.5970
0.2743, 0.5970
0.2869, 0.5970
0.2954, 0.5970
0.3080, 0.5970
0.3249, 0.6013
0.3376, 0.6055
0.3586, 0.6055
0.3797, 0.6139
0.4051, 0.6181
0.4262, 0.6308
0.4684, 0.6392
0.4979, 0.6477
0.5316, 0.6519
0.5612, 0.6646
0.5781, 0.6646
0.5992, 0.6688
0.6540, 0.6688
0.7089, 0.6688
0.9030, 0.6561
0.9325, 0.6561
0.9494, 0.6561
0.9536, 0.6561
0.9536, 0.6519

0.2194, 0.6181
0.2152, 0.6181
0.2025, 0.6097
0.1899, 0.5970
0.1814, 0.5802
0.1772, 0.5717
0.1688, 0.5633
0.1646, 0.5506
0.1646, 0.5422
0.1603, 0.5338
0.1561, 0.5253
0.1561, 0.5127
0.1561, 0.5042
0.1561, 0.4916
0.1561, 0.4789
0.1561, 0.4662
0.1561, 0.4451
0.1603, 0.4283
0.1646, 0.4114
0.1772, 0.3987
0.1857, 0.3903
0.1941, 0.3734
0.2110, 0.3608
0.2194, 0.3481
0.2278, 0.3397
0.2363, 0.3354
0.2489, 0.3270
0.2532, 0.3228
0.2700, 0.3228
0.2911, 0.3228
0.3165, 0.3228
0.3418, 0.3228
0.3713, 0.3312
0.3966, 0.3439
0.4177, 0.3481
0.4346, 0.3523
0.4515, 0.3523
0.4684, 0.3565
0.4895, 0.3565
0.5105, 0.3565
0.5316, 0.3565
0.5570, 0.3565
0.5823, 0.3565
0.6076, 0.3523
0.6329, 0.3523
0.6540, 0.3523
0.6751, 0.3523
0.6962, 0.3523
0.7131, 0.3523
0.7426, 0.3481
0.7722, 0.3481
0.8143, 0.3397
0.8523, 0.3354
0.8861, 0.3354
0.9114, 0.3312
0.9451, 0.3312
0.9620, 0.3312
0.9789, 0.3312
0.9873, 0.3312
0.9958, 0.3312
0.9958, 0.3270
1.0000, 0.3270
