0.0000, 0.7315
0.0000, 0.7266
0.0000, 0.7168
0.0098, 0.7118
0.0197, 0.7020
0.0246, 0.6921
0.0394, 0.6773
0.0640, 0.6724
0.0985, 0.6626
0.1379, 0.6576
0.1773, 0.6429
0.2118, 0.6429
0.2364, 0.6379
0.2660, 0.6330
0.2808, 0.6330
0.3054, 0.6330
0.3251, 0.6330
0.3399, 0.6330
0.3547, 0.6330
0.3645, 0.6330
0.3793, 0.6330
0.3892, 0.6330
0.3990, 0.6330
0.4138, 0.6330
0.4236, 0.6330
0.4384, 0.6330
0.4581, 0.6330
0.4729, 0.6379
0.4828, 0.6478
0.4975, 0.6478
0.5074, 0.6478
0.5222, 0.6527
0.5419, 0.6576
0.5517, 0.6576
0.5665, 0.6626
0.5813, 0.6626
0.5961, 0.6675
0.6108, 0.6724
0.6256, 0.6724
0.6404, 0.6724
0.6601, 0.6724
0.6700, 0.6773
0.6897, 0.6773
0.7094, 0.6773
0.7241, 0.6773
0.7488, 0.6773
0.7685, 0.6773
0.7882, 0.6773
0.8030, 0.6773
0.8227, 0.6773
0.8424, 0.6773
0.8670, 0.6773
0.8768, 0.6724
0.8916, 0.6724
0.9113, 0.6675
0.9261, 0.6626
0.9360, 0.6626
0.9557, 0.6576
0.9655, 0.6576
0.9704, 0.6527
0.9754, 0.6527
0.9852, 0.6527
0.9852, 0.6429
0.9852, 0.6379
0.9754, 0.6379
0.9655, 0.6330

0.2956, 0.6330
0.2906, 0.6330
0.2906, 0.6281
0.2808, 0.6182
0.2759, 0.6133
0.2759, 0.5985
0.2709, 0.5936
0.2709, 0.5837
0.2660, 0.5739
0.2660, 0.5591
0.2611, 0.5542
0.2611, 0.5493
0.2611, 0.5443
0.2611, 0.5345
0.2611, 0.5197
0.2611, 0.5148
0.2611, 0.5000
0.2611, 0.4951
0.2611, 0.4803
0.2611, 0.4704
0.2611, 0.4655
0.2611, 0.4557
0.2611, 0.4409
0.2611, 0.4360
0.2660, 0.4261
0.2709, 0.4163
0.2759, 0.4113
0.2857, 0.3965
0.2906, 0.3916
0.2956, 0.3867
0.3005, 0.3818
0.3054, 0.3768
0.3103, 0.3670
0.3153, 0.3571
0.3202, 0.3522
0.3350, 0.3424
0.3448, 0.3325
0.3547, 0.3276
0.3596, 0.3128
0.3744, 0.3079
0.3842, 0.3029
0.3892, 0.2980
0.3941, 0.2931
0.4089, 0.2882
0.4187, 0.2783
0.4286, 0.2783
0.4384, 0.2734
0.4532, 0.2734
0.4680, 0.2734
0.4828, 0.2685
0.4975, 0.2685
0.5074, 0.2685
0.5222, 0.2685
0.5320, 0.2685
0.5468, 0.2685
0.5517, 0.2685
0.5616, 0.2685
0.5764, 0.2685
0.5813, 0.2685
0.5911, 0.2685
0.6010, 0.2685
0.6108, 0.2734
0.6256, 0.2734
0.6355, 0.2832
0.6453, 0.2882
0.6601, 0.2931
0.6700, 0.2931
0.6798, 0.2931
0.6847, 0.2980
0.6995, 0.3029
0.7044, 0.3029
0.7143, 0.3079
0.7241, 0.3128
0.7340, 0.3128
0.7438, 0.3227
0.7537, 0.3276
0.7586, 0.3276
0.7685, 0.3276
0.7832, 0.3325
0.7931, 0.3325
0.8030, 0.3325
0.8177, 0.3374
0.8276, 0.3374
0.8374, 0.3374
0.8473, 0.3374
0.8621, 0.3374
0.8768, 0.3374
0.8867, 0.3374
0.9015, 0.3374
0.9113, 0.3374
0.9212, 0.3374
0.9310, 0.3374
0.9458, 0.3374
0.9557, 0.3374
0.9655, 0.3374
0.9704, 0.3374
0.9803, 0.3374
0.9901, 0.3325
0.9951, 0.3325
1.0000, 0.3325
