0.1737, 0.2857
0.1773, 0.2857
0.1773, 0.2830
0.1773, 0.2803
0.1809, 0.2803
0.1845, 0.2803
0.1845, 0.2776
0.1881, 0.2749
0.1916, 0.2749
0.1952, 0.2749
0.1952, 0.2722
0.1988, 0.2695
0.2024, 0.2668
0.2060, 0.2668
0.2096, 0.2668
0.2096, 0.2642
0.2132, 0.2642
0.2132, 0.2615
0.2168, 0.2615
0.2203, 0.2615
0.2239, 0.2615
0.2275, 0.2588
0.2311, 0.2588
0.2311, 0.2561
0.2347, 0.2561
0.2383, 0.2534
0.2419, 0.2534
0.2455, 0.2534
0.2490, 0.2507
0.2526, 0.2507
0.2562, 0.2507
0.2562, 0.2480
0.2598, 0.2480
0.2634, 0.2480
0.2670, 0.2480
0.2706, 0.2480
0.2706, 0.2453
0.2741, 0.2453
0.2777, 0.2453
0.2812, 0.2426
0.2848, 0.2426
0.2884, 0.2426
0.2920, 0.2399
0.2956, 0.2399
0.2992, 0.2399
0.3028, 0.2399
0.3064, 0.2399
0.3099, 0.2372
0.3135, 0.2372
0.3171, 0.2372
0.3171, 0.2345
0.3207, 0.2345
0.3243, 0.2345
0.3279, 0.2345
0.3315, 0.2345
0.3315, 0.2318
0.3351, 0.2318
0.3386, 0.2318
0.3422, 0.2318
0.3422, 0.2291
0.3458, 0.2291
0.3494, 0.2291
0.3530, 0.2291
0.3566, 0.2291
0.3602, 0.2291
0.3638, 0.2291
0.3673, 0.2291
0.3709, 0.2291
0.3745, 0.2291
0.3781, 0.2291
0.3853, 0.2291
0.3889, 0.2291
0.3925, 0.2318
0.3961, 0.2318
0.3996, 0.2318
0.4032, 0.2318
0.4068, 0.2318
0.4104, 0.2318
0.4140, 0.2318
0.4176, 0.2318
0.4212, 0.2318
0.4247, 0.2345
0.4283, 0.2345
0.4318, 0.2345
0.4354, 0.2345
0.4390, 0.2372
0.4426, 0.2372
0.4462, 0.2372
0.4498, 0.2372
0.4534, 0.2372
0.4534, 0.2399
0.4569, 0.2399
0.4605, 0.2399
0.4641, 0.2399
0.4677, 0.2399
0.4713, 0.2399
0.4749, 0.2399
0.4785, 0.2426
0.4821, 0.2426
0.4892, 0.2453
0.4928, 0.2453
0.4964, 0.2453
0.5000, 0.2453
0.5036, 0.2453
0.5072, 0.2453
0.5108, 0.2480
0.5144, 0.2480
0.5179, 0.2480
0.5215, 0.2507
0.5251, 0.2507
0.5287, 0.2534
0.5323, 0.2534
0.5359, 0.2534
0.5395, 0.2534
0.5431, 0.2534
0.5466, 0.2534
0.5502, 0.2534
0.5502, 0.2561
0.5538, 0.2561
0.5574, 0.2561
0.5610, 0.2561
0.5610, 0.2588
0.5646, 0.2588
0.5682, 0.2588
0.5717, 0.2588
0.5788, 0.2588
0.5824, 0.2615
0.5860, 0.2615
0.5896, 0.2615
0.5932, 0.2615
0.5968, 0.2615
0.5968, 0.2642
0.6004, 0.2642
0.6039, 0.2642
0.6039, 0.2668
0.6075, 0.2668
0.6111, 0.2668
0.6147, 0.2668
0.6183, 0.2668
0.6219, 0.2668
0.6255, 0.2668
0.6291, 0.2668
0.6327, 0.2668
0.6362, 0.2668
0.6398, 0.2668
0.6398, 0.2695
0.6434, 0.2695
0.6470, 0.2695
0.6506, 0.2695
0.6542, 0.2722
0.6578, 0.2722
0.6614, 0.2722
0.6649, 0.2722
0.6685, 0.2722
0.6721, 0.2722
0.6757, 0.2722
0.6793, 0.2722
0.6829, 0.2722
0.6865, 0.2722
0.6901, 0.2722
0.6936, 0.2722
0.6972, 0.2722
0.7008, 0.2749
0.7044, 0.2749
0.7080, 0.2749
0.7116, 0.2776
0.7152, 0.2776
0.7188, 0.2776
0.7223, 0.2803
0.7259, 0.2803
0.7294, 0.2803
0.7330, 0.2803
0.7366, 0.2803
0.7402, 0.2803
0.7438, 0.2803
0.7474, 0.2803
0.7474, 0.2830
0.7510, 0.2830
0.7545, 0.2830
0.7581, 0.2830
0.7617, 0.2830
0.7653, 0.2830
0.7689, 0.2830
0.7725, 0.2830
0.7761, 0.2830
0.7797, 0.2830
0.7832, 0.2830
0.7868, 0.2830
0.7904, 0.2830
0.7940, 0.2830
0.7976, 0.2830
0.8012, 0.2830
0.8048, 0.2830
0.8084, 0.2830
0.8119, 0.2830
0.8155, 0.2830
0.8191, 0.2830
0.8227, 0.2830
0.8263, 0.2830
0.8299, 0.2830
0.8335, 0.2830
0.8371, 0.2830
0.8406, 0.2830
0.8442, 0.2830
0.8478, 0.2830
0.8514, 0.2830
0.8550, 0.2830
0.8586, 0.2830
0.8622, 0.2803
0.8658, 0.2803
0.8658, 0.2776
0.8693, 0.2776
0.8729, 0.2776
0.8764, 0.2749
0.8800, 0.2749
0.8836, 0.2749
0.8872, 0.2749
0.8872, 0.2722
0.8908, 0.2722
0.8944, 0.2722
0.8944, 0.2695
0.8980, 0.2695
0.9015, 0.2695
0.9051, 0.2695
0.9051, 0.2668
0.9087, 0.2668
0.9123, 0.2642
0.9159, 0.2642
0.9159, 0.2615
0.9195, 0.2615
0.9231, 0.2588
0.9267, 0.2561
0.9302, 0.2561
0.9338, 0.2534
0.9338, 0.2507
0.9374, 0.2507
0.9410, 0.2480
0.9446, 0.2480
0.9482, 0.2453
0.9518, 0.2426
0.9554, 0.2426
0.9589, 0.2399
0.9625, 0.2399
0.9625, 0.2372
0.9661, 0.2372

0.3279, 0.2318
0.3243, 0.2318
0.3207, 0.2291
0.3171, 0.2291
0.3171, 0.2264
0.3135, 0.2264
0.3099, 0.2237
0.3099, 0.2210
0.3064, 0.2210
0.3028, 0.2183
0.3028, 0.2156
0.2992, 0.2156
0.2956, 0.2129
0.2956, 0.2102
0.2956, 0.2075
0.2920, 0.2075
0.2920, 0.2049
0.2920, 0.2022
0.2884, 0.2022
0.2848, 0.1995
0.2848, 0.1968
0.2848, 0.1941
0.2812, 0.1941
0.2812, 0.1914
0.2812, 0.1887
0.2777, 0.1887
0.2777, 0.1860
0.2741, 0.1860
0.2741, 0.1833
0.2741, 0.1806
0.2706, 0.1779
0.2706, 0.1752
0.2670, 0.1752
0.2670, 0.1725
0.2670, 0.1698
0.2670, 0.1671
0.2670, 0.1644
0.2634, 0.1644
0.2634, 0.1617
0.2634, 0.1590
0.2598, 0.1590
0.2598, 0.1563
0.2598, 0.1536
0.2562, 0.1509
0.2562, 0.1482
0.2562, 0.1456
0.2562, 0.1429
0.2562, 0.1402
0.2526, 0.1375
0.2526, 0.1348
0.2526, 0.1321
0.2490, 0.1294
0.2490, 0.1267
0.2490, 0.1240
0.2490, 0.1213
0.2490, 0.1186
0.2490, 0.1159
0.2455, 0.1159
0.2455, 0.1132
0.2455, 0.1105
0.2455, 0.1078
0.2419, 0.1078
0.2419, 0.1051
0.2419, 0.1024
0.2419, 0.0997
0.2419, 0.0970
0.2419, 0.0943
0.2383, 0.0943
0.2383, 0.0916
0.2383, 0.0889
0.2383, 0.0863
0.2383, 0.0836
0.2383, 0.0809
0.2383, 0.0782
0.2383, 0.0755
0.2383, 0.0728
0.2383, 0.0701
0.2383, 0.0674
0.2419, 0.0674
0.2419, 0.0647
0.2455, 0.0620
0.2455, 0.0593
0.2455, 0.0566
0.2490, 0.0566
0.2490, 0.0539
0.2526, 0.0539
0.2526, 0.0512
0.2526, 0.0485
0.2562, 0.0458
0.2562, 0.0431
0.2598, 0.0431
0.2598, 0.0404
0.2634, 0.0404
0.2634, 0.0377
0.2634, 0.0350
0.2670, 0.0350
0.2670, 0.0323
0.2706, 0.0323
0.2706, 0.0296
0.2741, 0.0296
0.2741, 0.0270
0.2777, 0.0270
0.2777, 0.0243
0.2812, 0.0243
0.2812, 0.0216
0.2848, 0.0216
0.2884, 0.0189
0.2884, 0.0162
0.2920, 0.0162
0.2956, 0.0162
0.2992, 0.0162
0.2992, 0.0135
0.3028, 0.0135
0.3028, 0.0108
0.3064, 0.0108
0.3064, 0.0081
0.3099, 0.0081
0.3135, 0.0081
0.3171, 0.0081
0.3207, 0.0054
0.3243, 0.0054
0.3243, 0.0027
0.3279, 0.0027
0.3315, 0.0027
0.3351, 0.0027
0.3386, 0.0027
0.3422, 0.0027
0.3458, 0.0027
0.3494, 0.0027
0.3530, 0.0027
0.3566, 0.0027
0.3602, 0.0027
0.3602, 0.0000
0.3638, 0.0000
0.3673, 0.0000
0.3709, 0.0000
0.3745, 0.0000
0.3781, 0.0000
0.3817, 0.0000
0.3853, 0.0000
0.3889, 0.0000
0.3925, 0.0000
0.3961, 0.0000
0.3996, 0.0000
0.4032, 0.0000
0.4068, 0.0000
0.4104, 0.0000
0.4140, 0.0000
0.4176, 0.0000
0.4212, 0.0000
0.4283, 0.0000
0.4318, 0.0000
0.4354, 0.0000
0.4390, 0.0000
0.4426, 0.0000
0.4462, 0.0000
0.4498, 0.0000
0.4534, 0.0000
0.4569, 0.0000
0.4605, 0.0000
0.4641, 0.0000
0.4677, 0.0000
0.4713, 0.0000
0.4749, 0.0000
0.4785, 0.0000
0.4821, 0.0000
0.4856, 0.0000
0.4892, 0.0000
0.4928, 0.0000
0.4928, 0.0027
0.4964, 0.0027
0.5000, 0.0027
0.5000, 0.0054
0.5036, 0.0054
0.5072, 0.0054
0.5108, 0.0054
0.5144, 0.0054
0.5179, 0.0054
0.5215, 0.0054
0.5251, 0.0054
0.5251, 0.0081
0.5287, 0.0081
0.5323, 0.0081
0.5359, 0.0081
0.5395, 0.0108
0.5431, 0.0108
0.5466, 0.0108
0.5502, 0.0135
0.5538, 0.0135
0.5574, 0.0135
0.5610, 0.0135
0.5646, 0.0135
0.5646, 0.0162
0.5682, 0.0162
0.5717, 0.0162
0.5717, 0.0189
0.5753, 0.0189
0.5788, 0.0189
0.5824, 0.0189
0.5860, 0.0189
0.5896, 0.0189
0.5896, 0.0216
0.5932, 0.0216
0.5968, 0.0216
0.5968, 0.0243
0.6004, 0.0243
0.6039, 0.0243
0.6075, 0.0243
0.6075, 0.0270
0.6111, 0.0270
0.6147, 0.0270
0.6183, 0.0270
0.6219, 0.0270
0.6255, 0.0270
0.6255, 0.0296
0.6291, 0.0296
0.6327, 0.0296
0.6327, 0.0323
0.6362, 0.0323
0.6398, 0.0323
0.6434, 0.0323
0.6470, 0.0323
0.6506, 0.0323
0.6506, 0.0350
0.6542, 0.0350
0.6578, 0.0350
0.6578, 0.0377
0.6614, 0.0377
0.6649, 0.0404
0.6685, 0.0404
0.6721, 0.0404
0.6757, 0.0404
0.6757, 0.0431
0.6793, 0.0431
0.6829, 0.0431
0.6865, 0.0458
0.6901, 0.0458
0.6936, 0.0458
0.6972, 0.0485
0.7008, 0.0485
0.7044, 0.0485
0.7044, 0.0512
0.7080, 0.0512
0.7116, 0.0512
0.7116, 0.0539
0.7152, 0.0539
0.7223, 0.0539
0.7259, 0.0539
0.7294, 0.0539
0.7330, 0.0539
0.7366, 0.0539
0.7402, 0.0539
0.7402, 0.0566
0.7438, 0.0566
0.7474, 0.0566
0.7510, 0.0566
0.7545, 0.0566
0.7581, 0.0566
0.7617, 0.0566
0.7653, 0.0566
0.7689, 0.0566
0.7725, 0.0566
0.7761, 0.0566
0.7797, 0.0566
0.7832, 0.0566
0.7868, 0.0566
0.7904, 0.0566
0.7940, 0.0566
0.7976, 0.0566
0.8012, 0.0566
0.8048, 0.0566
0.8084, 0.0566
0.8119, 0.0566
0.8155, 0.0566
0.8191, 0.0566
0.8227, 0.0566
0.8263, 0.0566
0.8299, 0.0566
0.8299, 0.0539
0.8335, 0.0539
0.8371, 0.0539
0.8406, 0.0512
0.8442, 0.0512
0.8478, 0.0512
0.8478, 0.0485
0.8514, 0.0485
0.8550, 0.0485
0.8586, 0.0485
0.8586, 0.0458
0.8622, 0.0458
0.8658, 0.0431
0.8693, 0.0431
0.8729, 0.0404
0.8764, 0.0404
0.8800, 0.0404
0.8836, 0.0404
0.8836, 0.0377
0.8872, 0.0377
0.8908, 0.0350
0.8944, 0.0350
0.8980, 0.0350
0.9015, 0.0323
0.9051, 0.0296
0.9087, 0.0296
0.9123, 0.0270
0.9159, 0.0270
0.9195, 0.0270
0.9231, 0.0243
0.9267, 0.0243
0.9302, 0.0243
0.9302, 0.0216
0.9338, 0.0216
0.9374, 0.0216
0.9410, 0.0216
0.9446, 0.0189
0.9482, 0.0189
0.9518, 0.0162
0.9554, 0.0162
0.9589, 0.0162
0.9625, 0.0162
0.9625, 0.0135
0.9661, 0.0135
0.9661, 0.0108
0.9697, 0.0108
0.9733, 0.0108
0.9733, 0.0081
