0.0000, 0.7213
0.0000, 0.7170
0.0000, 0.7085
0.0043, 0.7042
0.0085, 0.6957
0.0170, 0.6872
0.0213, 0.6830
0.0298, 0.6702
0.0383, 0.6659
0.0468, 0.6617
0.0553, 0.6574
0.0681, 0.6532
0.0766, 0.6489
0.0851, 0.6404
0.0936, 0.6404
0.1149, 0.6362
0.1362, 0.6319
0.1574, 0.6319
0.1787, 0.6276
0.2043, 0.6276
0.2340, 0.6276
0.2511, 0.6234
0.2681, 0.6234
0.2809, 0.6234
0.2936, 0.6234
0.3064, 0.6234
0.3106, 0.6234
0.3192, 0.6234
0.3234, 0.6234
0.3362, 0.6234
0.3447, 0.6234
0.3489, 0.6234
0.3575, 0.6234
0.3660, 0.6234
0.3787, 0.6234
0.3872, 0.6234
0.3958, 0.6234
0.4085, 0.6234
0.4128, 0.6234
0.4213, 0.6234
0.4298, 0.6276
0.4426, 0.6276
0.4511, 0.6276
0.4553, 0.6319
0.4596, 0.6319
0.4681, 0.6319
0.4851, 0.6362
0.4936, 0.6447
0.5021, 0.6447
0.5191, 0.6489
0.5277, 0.6489
0.5404, 0.6532
0.5574, 0.6532
0.5745, 0.6574
0.5915, 0.6574
0.6043, 0.6617
0.6255, 0.6617
0.6340, 0.6659
0.6553, 0.6659
0.6723, 0.6659
0.6979, 0.6659
0.7149, 0.6659
0.7362, 0.6659
0.7660, 0.6659
0.7915, 0.6659
0.8170, 0.6659
0.8426, 0.6659
0.8766, 0.6659
0.9064, 0.6659
0.9277, 0.6659
0.9404, 0.6617
0.9617, 0.6617
0.9787, 0.6574
0.9872, 0.6574
1.0000, 0.6532

0.1574, 0.6532
0.1532, 0.6532
0.1447, 0.6447
0.1404, 0.6447
0.1319, 0.6362
0.1277, 0.6319
0.1192, 0.6276
0.1106, 0.6191
0.1064, 0.6149
0.0979, 0.6064
0.0936, 0.5979
0.0851, 0.5936
0.0809, 0.5893
0.0766, 0.5851
0.0723, 0.5808
0.0681, 0.5723
0.0638, 0.5681
0.0596, 0.5638
0.0596, 0.5596
0.0511, 0.5553
0.0468, 0.5511
0.0468, 0.5468
0.0426, 0.5383
0.0383, 0.5340
0.0383, 0.5298
0.0383, 0.5255
0.0383, 0.5213
0.0383, 0.5170
0.0340, 0.5170
0.0340, 0.5128
0.0340, 0.5043
0.0340, 0.5000
0.0340, 0.4957
0.0340, 0.4915
0.0340, 0.4872
0.0340, 0.4830
0.0340, 0.4745
0.0383, 0.4660
0.0383, 0.4617
0.0426, 0.4532
0.0468, 0.4447
0.0553, 0.4404
0.0596, 0.4277
0.0681, 0.4191
0.0723, 0.4106
0.0809, 0.3979
0.0936, 0.3894
0.1021, 0.3851
0.1064, 0.3766
0.1149, 0.3723
0.1277, 0.3596
0.1362, 0.3553
0.1447, 0.3511
0.1532, 0.3468
0.1702, 0.3383
0.1830, 0.3340
0.1957, 0.3255
0.2043, 0.3170
0.2128, 0.3128
0.2213, 0.3085
0.2298, 0.3042
0.2383, 0.3000
0.2426, 0.3000
0.2468, 0.2915
0.2553, 0.2872
0.2638, 0.2872
0.2681, 0.2830
0.2766, 0.2830
0.2809, 0.2787
0.2894, 0.2787
0.3021, 0.2787
0.3106, 0.2787
0.3192, 0.2787
0.3277, 0.2787
0.3362, 0.2787
0.3447, 0.2787
0.3532, 0.2787
0.3617, 0.2787
0.3745, 0.2787
0.3830, 0.2787
0.3915, 0.2787
0.4043, 0.2787
0.4128, 0.2787
0.4255, 0.2787
0.4426, 0.2787
0.4511, 0.2830
0.4638, 0.2872
0.4809, 0.2872
0.4936, 0.2957
0.5106, 0.3000
0.5234, 0.3000
0.5362, 0.3042
0.5574, 0.3085
0.5702, 0.3085
0.5872, 0.3128
0.5957, 0.3128
0.6085, 0.3128
0.6213, 0.3170
0.6340, 0.3213
0.6511, 0.3213
0.6638, 0.3213
0.6766, 0.3213
0.6979, 0.3298
0.7106, 0.3298
0.7277, 0.3298
0.7404, 0.3298
0.7575, 0.3298
0.7660, 0.3298
0.7745, 0.3298
0.7915, 0.3298
0.8000, 0.3255
0.8085, 0.3255
0.8170, 0.3255
0.8298, 0.3213
0.8383, 0.3213
0.8426, 0.3213
0.8511, 0.3213
0.8553, 0.3213
0.8638, 0.3213
0.8681, 0.3213
0.8723, 0.3213
0.8766, 0.3213
0.8808, 0.3213
0.8894, 0.3213
0.9021, 0.3213
0.9021, 0.3170
0.9106, 0.3170
0.9149, 0.3170
0.9191, 0.3170
0.9234, 0.3170
0.9319, 0.3170
0.9362, 0.3170
0.9404, 0.3170
0.9447, 0.3170
0.9489, 0.3170
0.9532, 0.3170
