0.0000, 0.7680
0.0000, 0.7629
0.0000, 0.7474
0.0103, 0.7268
0.0206, 0.7114
0.0567, 0.6856
0.1185, 0.6701
0.3041, 0.6340
0.3918, 0.6289
0.4433, 0.6289
0.4845, 0.6289
0.5155, 0.6340
0.5464, 0.6443
0.5876, 0.6546
0.6289, 0.6650
0.6598, 0.6701
0.6959, 0.6753
0.7320, 0.6804
0.7577, 0.6856
0.7938, 0.6959
0.8196, 0.7010
0.8505, 0.7010
0.8866, 0.7010
0.9227, 0.7010
0.9536, 0.7010
0.9742, 0.7010

0.2113, 0.6443
0.2062, 0.6443
0.1959, 0.6443
0.1907, 0.6340
0.1753, 0.6289
0.1701, 0.6083
0.1649, 0.5980
0.1649, 0.5876
0.1598, 0.5773
0.1546, 0.5722
0.1546, 0.5516
0.1495, 0.5309
0.1495, 0.5052
0.1495, 0.4897
0.1495, 0.4691
0.1495, 0.4536
0.1546, 0.4278
0.1649, 0.4072
0.1804, 0.3866
0.1907, 0.3660
0.2010, 0.3454
0.2113, 0.3299
0.2320, 0.3093
0.2423, 0.2938
0.2526, 0.2835
0.2680, 0.2680
0.2732, 0.2629
0.2784, 0.2577
0.2887, 0.2526
0.2938, 0.2474
0.2990, 0.2423
0.3093, 0.2423
0.3144, 0.2371
0.3247, 0.2320
0.3350, 0.2320
0.3557, 0.2320
0.3814, 0.2320
0.4072, 0.2320
0.4381, 0.2371
0.4639, 0.2474
0.4845, 0.2526
0.5052, 0.2577
0.5258, 0.2629
0.5412, 0.2732
0.5619, 0.2783
0.5773, 0.2783
0.5928, 0.2835
0.6804, 0.2938
0.6907, 0.2938
0.7010, 0.2990
0.7062, 0.2990
0.7113, 0.2990
0.7165, 0.2990
0.7216, 0.2990
0.7371, 0.2990
0.7423, 0.2990
0.7526, 0.2990
0.7577, 0.2990
0.7629, 0.2990
0.7732, 0.2990
0.7784, 0.2990
0.7835, 0.2990
0.7938, 0.2990
0.7990, 0.2990
0.8093, 0.2990
0.8196, 0.2990
0.8247, 0.2990
0.8351, 0.2990
0.8402, 0.2990
0.8454, 0.2990
0.8608, 0.2990
0.8660, 0.2990
0.8763, 0.2938
0.8866, 0.2938
0.9021, 0.2938
0.9072, 0.2938
0.9124, 0.2938
0.9227, 0.2938
0.9330, 0.2938
0.9433, 0.2887
0.9485, 0.2887
0.9536, 0.2887
0.9588, 0.2887
0.9639, 0.2887
0.9691, 0.2887
0.9742, 0.2887
0.9794, 0.2887
0.9897, 0.2835
0.9949, 0.2783
1.0000, 0.2783
