0.0000, 0.6939
0.0041, 0.6898
0.0082, 0.6816
0.0163, 0.6776
0.0245, 0.6735
0.0367, 0.6694
0.0449, 0.6653
0.0571, 0.6612
0.0776, 0.6571
0.0980, 0.6490
0.1143, 0.6449
0.1388, 0.6367
0.1551, 0.6367
0.1755, 0.6326
0.1878, 0.6326
0.2041, 0.6326
0.2163, 0.6286
0.2245, 0.6286
0.2408, 0.6286
0.2490, 0.6286
0.2571, 0.6286
0.2694, 0.6286
0.2776, 0.6286
0.2857, 0.6286
0.3020, 0.6286
0.3102, 0.6286
0.3225, 0.6286
0.3347, 0.6245
0.3469, 0.6245
0.3551, 0.6245
0.3673, 0.6245
0.3755, 0.6245
0.3837, 0.6245
0.3918, 0.6245
0.4082, 0.6245
0.4163, 0.6245
0.4245, 0.6245
0.4367, 0.6245
0.4490, 0.6245
0.4571, 0.6286
0.4694, 0.6286
0.4775, 0.6286
0.4898, 0.6326
0.5061, 0.6326
0.5143, 0.6326
0.5265, 0.6367
0.5429, 0.6367
0.5510, 0.6408
0.5592, 0.6408
0.5714, 0.6449
0.5796, 0.6449
0.5918, 0.6531
0.6041, 0.6531
0.6122, 0.6571
0.6245, 0.6571
0.6327, 0.6612
0.6490, 0.6612
0.6571, 0.6653
0.6735, 0.6653
0.6857, 0.6694
0.6939, 0.6694
0.7061, 0.6694
0.7184, 0.6694
0.7265, 0.6735
0.7388, 0.6735
0.7469, 0.6735
0.7551, 0.6735
0.7633, 0.6735
0.7755, 0.6735
0.7796, 0.6735
0.7877, 0.6735
0.7959, 0.6735
0.8082, 0.6735
0.8163, 0.6735
0.8245, 0.6735
0.8408, 0.6735
0.8490, 0.6694
0.8571, 0.6694
0.8735, 0.6694
0.8857, 0.6694
0.8939, 0.6653
0.9020, 0.6653
0.9143, 0.6653
0.9224, 0.6612
0.9347, 0.6612
0.9469, 0.6612
0.9510, 0.6612
0.9592, 0.6612
0.9633, 0.6571
0.9755, 0.6571
0.9796, 0.6571
0.9837, 0.6571
0.9878, 0.6571
0.9918, 0.6571
0.9959, 0.6490
1.0000, 0.6490
1.0000, 0.6449
1.0000, 0.6408
1.0000, 0.6367

0.2612, 0.6082
0.2571, 0.6082
0.2531, 0.6041
0.2531, 0.5959
0.2490, 0.5878
0.2408, 0.5796
0.2408, 0.5714
0.2367, 0.5633
0.2327, 0.5510
0.2327, 0.5429
0.2327, 0.5347
0.2327, 0.5224
0.2327, 0.5184
0.2327, 0.5102
0.2327, 0.5020
0.2327, 0.4939
0.2327, 0.4857
0.2327, 0.4776
0.2327, 0.4694
0.2327, 0.4653
0.2327, 0.4531
0.2367, 0.4490
0.2449, 0.4408
0.2449, 0.4367
0.2490, 0.4327
0.2531, 0.4204
0.2571, 0.4163
0.2571, 0.4122
0.2612, 0.4041
0.2653, 0.4000
0.2694, 0.3878
0.2776, 0.3796
0.2816, 0.3796
0.2816, 0.3714
0.2857, 0.3714
0.2898, 0.3674
0.2898, 0.3633
0.2939, 0.3592
0.2939, 0.3510
0.2980, 0.3510
0.3020, 0.3469
0.3020, 0.3429
0.3102, 0.3429
0.3143, 0.3388
0.3184, 0.3347
0.3225, 0.3347
0.3265, 0.3306
0.3306, 0.3265
0.3347, 0.3265
0.3429, 0.3184
0.3469, 0.3143
0.3510, 0.3143
0.3551, 0.3143
0.3592, 0.3102
0.3633, 0.3102
0.3673, 0.3061
0.3714, 0.3061
0.3837, 0.3061
0.3918, 0.3061
0.4000, 0.3061
0.4122, 0.3061
0.4204, 0.3061
0.4286, 0.3061
0.4367, 0.3061
0.4490, 0.3061
0.4571, 0.3061
0.4653, 0.3102
0.4775, 0.3143
0.4857, 0.3224
0.4939, 0.3265
0.4980, 0.3306
0.5061, 0.3347
0.5184, 0.3388
0.5225, 0.3429
0.5306, 0.3469
0.5347, 0.3551
0.5469, 0.3551
0.5551, 0.3592
0.5633, 0.3633
0.5673, 0.3633
0.5714, 0.3674
0.5837, 0.3674
0.5918, 0.3714
0.6000, 0.3714
0.6082, 0.3714
0.6204, 0.3714
0.6327, 0.3755
0.6490, 0.3755
0.6694, 0.3755
0.6898, 0.3755
0.7143, 0.3755
0.7347, 0.3755
0.7551, 0.3755
0.7714, 0.3755
0.7877, 0.3755
0.7959, 0.3755
0.8082, 0.3755
0.8245, 0.3755
0.8327, 0.3755
0.8408, 0.3755
0.8571, 0.3755
0.8653, 0.3714
0.8735, 0.3714
0.8857, 0.3714
0.8980, 0.3714
0.9102, 0.3714
0.9224, 0.3674
0.9306, 0.3674
0.9388, 0.3674
0.9551, 0.3674
0.9592, 0.3674
0.9633, 0.3674
0.9674, 0.3674
0.9714, 0.3674
0.9796, 0.3674
0.9837, 0.3674
0.9878, 0.3674
0.9918, 0.3674
