0.3016, 0.5623
0.2984, 0.5623
0.2918, 0.5623
0.2885, 0.5590
0.2787, 0.5557
0.2754, 0.5525
0.2721, 0.5459
0.2688, 0.5393
0.2656, 0.5361
0.2623, 0.5328
0.2623, 0.5262
0.2557, 0.5230
0.2557, 0.5197
0.2557, 0.5131
0.2524, 0.5098
0.2524, 0.5066
0.2524, 0.5000
0.2492, 0.5000
0.2492, 0.4934
0.2492, 0.4902
0.2492, 0.4836
0.2459, 0.4803
0.2459, 0.4770
0.2459, 0.4738
0.2459, 0.4705
0.2426, 0.4672
0.2426, 0.4639
0.2426, 0.4574
0.2426, 0.4541
0.2426, 0.4508
0.2426, 0.4475
0.2426, 0.4443
0.2426, 0.4410
0.2426, 0.4377
0.2426, 0.4311
0.2426, 0.4279
0.2426, 0.4213
0.2426, 0.4180
0.2426, 0.4148
0.2492, 0.4049
0.2492, 0.4016
0.2590, 0.3984
0.2623, 0.3918
0.2656, 0.3885
0.2721, 0.3820
0.2787, 0.3754
0.2885, 0.3721
0.2984, 0.3656
0.3049, 0.3623
0.3180, 0.3590
0.3279, 0.3557
0.3410, 0.3492
0.3541, 0.3459
0.3607, 0.3459
0.3738, 0.3426
0.3836, 0.3426
0.3967, 0.3393
0.4066, 0.3393
0.4131, 0.3361
0.4262, 0.3361
0.4361, 0.3361
0.4492, 0.3361
0.4590, 0.3361
0.4754, 0.3361
0.4852, 0.3393
0.5016, 0.3426
0.5148, 0.3459
0.5311, 0.3525
0.5410, 0.3557
0.5574, 0.3590
0.5639, 0.3590
0.5738, 0.3623
0.5869, 0.3623
0.6000, 0.3656
0.6164, 0.3656
0.6262, 0.3656
0.6393, 0.3656
0.6525, 0.3656
0.6688, 0.3656
0.6820, 0.3656
0.7049, 0.3656
0.7246, 0.3656
0.7508, 0.3656
0.7803, 0.3656
0.8066, 0.3623
0.8295, 0.3590
0.8590, 0.3557
0.8820, 0.3492
0.8951, 0.3492
0.9082, 0.3459
0.9180, 0.3426
0.9311, 0.3426
0.9410, 0.3426
0.9508, 0.3393
0.9639, 0.3393
0.9705, 0.3393
0.9770, 0.3393
0.9803, 0.3393
0.9902, 0.3393
0.9934, 0.3393
1.0000, 0.3393

0.0000, 0.6639
0.0033, 0.6574
0.0066, 0.6508
0.0164, 0.6443
0.0262, 0.6312
0.0393, 0.6246
0.0623, 0.6082
0.0885, 0.6016
0.1049, 0.5984
0.1180, 0.5951
0.1377, 0.5918
0.1574, 0.5918
0.1705, 0.5852
0.1869, 0.5820
0.2066, 0.5787
0.2164, 0.5787
0.2262, 0.5787
0.2393, 0.5754
0.2459, 0.5754
0.2524, 0.5721
0.2623, 0.5721
0.2688, 0.5721
0.2787, 0.5721
0.2885, 0.5721
0.2951, 0.5721
0.3049, 0.5721
0.3147, 0.5721
0.3213, 0.5721
0.3279, 0.5721
0.3410, 0.5721
0.3541, 0.5721
0.3803, 0.5721
0.4066, 0.5754
0.4328, 0.5754
0.4623, 0.5754
0.4918, 0.5754
0.5180, 0.5754
0.5574, 0.5754
0.5934, 0.5787
0.6164, 0.5787
0.6295, 0.5820
0.6426, 0.5820
0.6525, 0.5885
0.6656, 0.5885
0.6721, 0.5885
0.6820, 0.5885
0.6951, 0.5918
0.7082, 0.5918
0.7213, 0.5918
0.7344, 0.5918
0.7475, 0.5918
0.7574, 0.5918
0.7639, 0.5918
0.7738, 0.5918
0.7803, 0.5918
0.7836, 0.5918
0.7869, 0.5918
0.7934, 0.5918
0.8033, 0.5951
0.8098, 0.5951
0.8131, 0.5951
0.8164, 0.5951
0.8197, 0.5951
0.8262, 0.5951
0.8295, 0.5951
0.8328, 0.5951
0.8361, 0.5951
0.8393, 0.5951
0.8426, 0.5918
0.8459, 0.5918
0.8525, 0.5852
0.8557, 0.5820
0.8590, 0.5820
0.8623, 0.5787
0.8656, 0.5787
0.8689, 0.5754
0.8721, 0.5754
0.8787, 0.5721
0.8820, 0.5721
0.8852, 0.5689
0.8885, 0.5689
0.8918, 0.5689
0.8951, 0.5656
0.8984, 0.5656
0.9016, 0.5656
