0.0000, 0.7295
0.0000, 0.7254
0.0000, 0.7172
0.0000, 0.7049
0.0041, 0.6967
0.0082, 0.6885
0.0205, 0.6803
0.0246, 0.6680
0.0328, 0.6557
0.0369, 0.6475
0.0451, 0.6393
0.0492, 0.6312
0.0615, 0.6271
0.0656, 0.6230
0.0697, 0.6189
0.0738, 0.6147
0.0820, 0.6107
0.0943, 0.6025
0.1025, 0.5984
0.1107, 0.5984
0.1229, 0.5943
0.1311, 0.5943
0.1434, 0.5943
0.1516, 0.5943
0.1639, 0.5943
0.1762, 0.5943
0.1844, 0.5943
0.1967, 0.5943
0.2049, 0.5943
0.2131, 0.5943
0.2254, 0.5943
0.2295, 0.5943
0.2377, 0.5943
0.2459, 0.5943
0.2582, 0.5943
0.2664, 0.5943
0.2746, 0.5943
0.2869, 0.5943
0.2992, 0.5984
0.3115, 0.5984
0.3197, 0.6066
0.3361, 0.6107
0.3484, 0.6107
0.3689, 0.6189
0.3811, 0.6189
0.3975, 0.6230
0.4057, 0.6271
0.4221, 0.6312
0.4344, 0.6312
0.4467, 0.6352
0.4549, 0.6434
0.4672, 0.6434
0.4754, 0.6475
0.4836, 0.6475
0.4959, 0.6516
0.5082, 0.6557
0.5205, 0.6557
0.5369, 0.6598
0.5492, 0.6639
0.5574, 0.6639
0.5779, 0.6762
0.5861, 0.6762
0.6025, 0.6803
0.6148, 0.6844
0.6229, 0.6885
0.6352, 0.6885
0.6434, 0.6926
0.6516, 0.6926
0.6680, 0.6967
0.6762, 0.7008
0.6844, 0.7008
0.6926, 0.7090
0.7049, 0.7090
0.7131, 0.7131
0.7213, 0.7131
0.7377, 0.7172
0.7459, 0.7213
0.7582, 0.7213
0.7705, 0.7254
0.7828, 0.7254
0.7992, 0.7254
0.8074, 0.7254
0.8156, 0.7254
0.8238, 0.7295
0.8402, 0.7295
0.8525, 0.7295
0.8606, 0.7295
0.8730, 0.7295
0.8811, 0.7295
0.8893, 0.7295
0.9016, 0.7295
0.9057, 0.7254
0.9139, 0.7254
0.9221, 0.7254
0.9262, 0.7213
0.9344, 0.7213
0.9385, 0.7172
0.9426, 0.7172
0.9467, 0.7172

0.1393, 0.6189
0.1353, 0.6107
0.1311, 0.5984
0.1270, 0.5902
0.1229, 0.5820
0.1148, 0.5738
0.1107, 0.5615
0.1107, 0.5574
0.1066, 0.5492
0.1025, 0.5410
0.1025, 0.5287
0.1025, 0.5205
0.0984, 0.5164
0.0984, 0.5123
0.0943, 0.5041
0.0943, 0.4918
0.0902, 0.4836
0.0902, 0.4754
0.0820, 0.4713
0.0820, 0.4590
0.0820, 0.4508
0.0820, 0.4467
0.0820, 0.4426
0.0779, 0.4303
0.0779, 0.4262
0.0779, 0.4221
0.0779, 0.4180
0.0779, 0.4139
0.0779, 0.4098
0.0779, 0.4057
0.0779, 0.4016
0.0779, 0.3934
0.0861, 0.3934
0.0861, 0.3894
0.0861, 0.3853
0.0902, 0.3811
0.0943, 0.3770
0.0943, 0.3730
0.0984, 0.3689
0.0984, 0.3607
0.1025, 0.3566
0.1066, 0.3525
0.1107, 0.3484
0.1188, 0.3443
0.1229, 0.3402
0.1270, 0.3361
0.1311, 0.3238
0.1353, 0.3197
0.1434, 0.3156
0.1516, 0.3115
0.1557, 0.3074
0.1639, 0.2951
0.1721, 0.2910
0.1762, 0.2869
0.1885, 0.2828
0.1926, 0.2828
0.2008, 0.2746
0.2049, 0.2746
0.2131, 0.2746
0.2213, 0.2746
0.2254, 0.2705
0.2336, 0.2705
0.2418, 0.2705
0.2541, 0.2705
0.2582, 0.2705
0.2664, 0.2705
0.2746, 0.2705
0.2869, 0.2705
0.2951, 0.2705
0.3033, 0.2705
0.3115, 0.2705
0.3238, 0.2746
0.3320, 0.2787
0.3402, 0.2828
0.3484, 0.2869
0.3647, 0.2992
0.3730, 0.3033
0.3770, 0.3074
0.3893, 0.3115
0.3934, 0.3156
0.3975, 0.3156
0.4057, 0.3197
0.4098, 0.3320
0.4221, 0.3361
0.4303, 0.3402
0.4385, 0.3443
0.4467, 0.3484
0.4590, 0.3484
0.4672, 0.3484
0.4713, 0.3525
0.4795, 0.3525
0.4836, 0.3566
0.4918, 0.3566
0.4959, 0.3566
0.5000, 0.3566
0.5041, 0.3566
0.5123, 0.3566
0.5246, 0.3566
0.5328, 0.3566
0.5410, 0.3566
0.5492, 0.3566
0.5656, 0.3525
0.5738, 0.3525
0.5820, 0.3525
0.5984, 0.3484
0.6066, 0.3484
0.6188, 0.3443
0.6311, 0.3443
0.6434, 0.3402
0.6516, 0.3402
0.6680, 0.3402
0.6762, 0.3402
0.6844, 0.3402
0.6967, 0.3402
0.7049, 0.3402
0.7131, 0.3361
0.7213, 0.3361
0.7336, 0.3361
0.7418, 0.3361
0.7500, 0.3361
0.7623, 0.3361
0.7705, 0.3361
0.7787, 0.3361
0.7869, 0.3361
0.7992, 0.3361
0.8074, 0.3361
0.8197, 0.3361
0.8279, 0.3361
0.8402, 0.3361
0.8484, 0.3361
0.8565, 0.3361
0.8689, 0.3361
0.8852, 0.3361
0.8975, 0.3361
0.9016, 0.3361
0.9098, 0.3361
0.9180, 0.3361
0.9221, 0.3361
0.9344, 0.3361
0.9385, 0.3361
0.9426, 0.3361
0.9467, 0.3361
0.9508, 0.3361
0.9549, 0.3361
0.9631, 0.3361
0.9672, 0.3361
0.9713, 0.3361
0.9754, 0.3361
0.9795, 0.3361
0.9836, 0.3361
0.9877, 0.3361
0.9918, 0.3361
1.0000, 0.3361
