0.0073, 0.7418
0.0073, 0.7381
0.0000, 0.7344
0.0000, 0.7308
0.0000, 0.7271
0.0000, 0.7161
0.0000, 0.7088
0.0037, 0.7015
0.0073, 0.6941
0.0147, 0.6831
0.0183, 0.6758
0.0220, 0.6722
0.0330, 0.6648
0.0403, 0.6538
0.0440, 0.6502
0.0513, 0.6465
0.0586, 0.6392
0.0696, 0.6355
0.0769, 0.6282
0.0843, 0.6245
0.0952, 0.6209
0.1026, 0.6172
0.1136, 0.6099
0.1282, 0.6062
0.1355, 0.6062
0.1429, 0.5989
0.1575, 0.5952
0.1648, 0.5952
0.1758, 0.5916
0.1868, 0.5879
0.1978, 0.5879
0.2051, 0.5879
0.2198, 0.5879
0.2308, 0.5879
0.2454, 0.5879
0.2564, 0.5879
0.2711, 0.5879
0.2930, 0.5916
0.3114, 0.6026
0.3370, 0.6099
0.3553, 0.6172
0.3736, 0.6245
0.3883, 0.6355
0.4066, 0.6392
0.4213, 0.6465
0.4396, 0.6502
0.4506, 0.6502
0.4652, 0.6538
0.4799, 0.6612
0.4982, 0.6648
0.5128, 0.6648
0.5275, 0.6648
0.5421, 0.6648
0.5568, 0.6648
0.5714, 0.6648
0.5897, 0.6685
0.6191, 0.6685
0.6337, 0.6685
0.6557, 0.6685
0.6813, 0.6685
0.7070, 0.6685
0.7253, 0.6685
0.7436, 0.6685
0.7619, 0.6685
0.7766, 0.6685
0.7949, 0.6722
0.8059, 0.6722
0.8205, 0.6758
0.8278, 0.6758
0.8352, 0.6758
0.8388, 0.6758
0.8498, 0.6758
0.8535, 0.6758
0.8571, 0.6758
0.8645, 0.6758
0.8681, 0.6758
0.8791, 0.6795
0.8828, 0.6795
0.8901, 0.6795
0.8938, 0.6795
0.8974, 0.6795
0.9011, 0.6795
0.9084, 0.6795
0.9121, 0.6795
0.9158, 0.6795
0.9158, 0.6758
0.9011, 0.6758

0.1319, 0.5733
0.1209, 0.5696
0.1209, 0.5659
0.1136, 0.5623
0.1099, 0.5586
0.1062, 0.5549
0.1026, 0.5440
0.0989, 0.5403
0.0952, 0.5330
0.0952, 0.5256
0.0843, 0.5146
0.0843, 0.5073
0.0806, 0.5000
0.0769, 0.4890
0.0769, 0.4853
0.0769, 0.4780
0.0733, 0.4707
0.0733, 0.4670
0.0733, 0.4597
0.0696, 0.4524
0.0696, 0.4487
0.0696, 0.4451
0.0696, 0.4414
0.0696, 0.4377
0.0659, 0.4341
0.0659, 0.4267
0.0659, 0.4231
0.0659, 0.4194
0.0659, 0.4157
0.0659, 0.4121
0.0659, 0.4084
0.0659, 0.3974
0.0659, 0.3938
0.0659, 0.3864
0.0659, 0.3791
0.0659, 0.3755
0.0696, 0.3681
0.0696, 0.3608
0.0696, 0.3571
0.0733, 0.3535
0.0769, 0.3498
0.0769, 0.3462
0.0843, 0.3352
0.0843, 0.3315
0.0916, 0.3278
0.0952, 0.3242
0.1026, 0.3205
0.1062, 0.3168
0.1099, 0.3132
0.1245, 0.3059
0.1319, 0.3022
0.1429, 0.2985
0.1575, 0.2949
0.1685, 0.2912
0.1832, 0.2875
0.1978, 0.2839
0.2125, 0.2839
0.2235, 0.2766
0.2308, 0.2766
0.2381, 0.2766
0.2528, 0.2766
0.2601, 0.2766
0.2747, 0.2766
0.2857, 0.2766
0.2967, 0.2766
0.3187, 0.2802
0.3370, 0.2839
0.3517, 0.2875
0.3663, 0.2875
0.3773, 0.2912
0.3883, 0.2949
0.4139, 0.2985
0.4286, 0.2985
0.4396, 0.2985
0.4542, 0.2985
0.4615, 0.2985
0.4652, 0.2985
0.4762, 0.2985
0.4872, 0.2985
0.4982, 0.2985
0.5092, 0.2985
0.5238, 0.2985
0.5385, 0.2985
0.5568, 0.2985
0.5751, 0.2985
0.5897, 0.2985
0.6081, 0.2985
0.6227, 0.2985
0.6410, 0.2985
0.6667, 0.2985
0.6850, 0.2985
0.6996, 0.3022
0.7143, 0.3022
0.7216, 0.3095
0.7326, 0.3095
0.7399, 0.3095
0.7436, 0.3095
0.7473, 0.3095
0.7509, 0.3095
0.7582, 0.3022
0.7656, 0.2985
0.7692, 0.2949
0.7766, 0.2875
0.7802, 0.2839
0.7875, 0.2766
0.7912, 0.2729
0.7949, 0.2692
0.7985, 0.2656
0.8022, 0.2656
0.8095, 0.2619
0.8205, 0.2582
0.8278, 0.2582
0.8352, 0.2582
0.8498, 0.2582
0.8608, 0.2582
0.8718, 0.2582
0.8864, 0.2582
0.8974, 0.2582
0.9084, 0.2582
0.9158, 0.2582
0.9231, 0.2582
0.9304, 0.2582
0.9414, 0.2582
0.9451, 0.2582
0.9524, 0.2582
0.9560, 0.2582
0.9597, 0.2582
0.9634, 0.2619
0.9707, 0.2619
0.9707, 0.2656
0.9744, 0.2656
0.9780, 0.2656
0.9817, 0.2656
0.9817, 0.2692
0.9853, 0.2692
0.9890, 0.2729
0.9927, 0.2729
1.0000, 0.2729
