0.1343, 0.7014
0.1343, 0.6921
0.1343, 0.6875
0.1343, 0.6829
0.1435, 0.6829
0.1435, 0.6736
0.1528, 0.6690
0.1574, 0.6644
0.1667, 0.6505
0.1759, 0.6458
0.1898, 0.6366
0.1991, 0.6319
0.2083, 0.6181
0.2269, 0.6134
0.2361, 0.6088
0.2454, 0.6088
0.2593, 0.6042
0.2685, 0.5995
0.2778, 0.5995
0.2963, 0.5949
0.3056, 0.5949
0.3148, 0.5903
0.3241, 0.5810
0.3426, 0.5810
0.3518, 0.5810
0.3611, 0.5810
0.3796, 0.5810
0.3889, 0.5810
0.3935, 0.5810
0.4028, 0.5810
0.4167, 0.5810
0.4259, 0.5810
0.4306, 0.5810
0.4398, 0.5856
0.4583, 0.5856
0.4676, 0.5856
0.4769, 0.5903
0.4907, 0.5949
0.5046, 0.5995
0.5185, 0.6042
0.5370, 0.6088
0.5463, 0.6227
0.5648, 0.6227
0.5787, 0.6319
0.5926, 0.6366
0.6065, 0.6412
0.6204, 0.6458
0.6343, 0.6505
0.6482, 0.6597
0.6667, 0.6690
0.6806, 0.6782
0.6945, 0.6829
0.7083, 0.6875
0.7269, 0.7014
0.7408, 0.7014
0.7593, 0.7060
0.7732, 0.7106
0.7824, 0.7106
0.7963, 0.7106
0.8056, 0.7106
0.8195, 0.7106
0.8333, 0.7106
0.8426, 0.7106
0.8519, 0.7106
0.8565, 0.7106
0.8704, 0.7106
0.8750, 0.7106
0.8796, 0.7106
0.8843, 0.7106
0.8889, 0.7106
0.8935, 0.7060
0.8982, 0.7060
0.9028, 0.7060
0.9028, 0.7014
0.9121, 0.7014
0.9121, 0.6921

0.0000, 0.3264
0.0000, 0.3171
0.0093, 0.3125
0.0232, 0.3079
0.0417, 0.3032
0.0602, 0.2986
0.0741, 0.2940
0.0972, 0.2940
0.1157, 0.2940
0.1389, 0.2940
0.1574, 0.2940
0.1806, 0.2940
0.1991, 0.2940
0.2269, 0.2986
0.2500, 0.3032
0.2685, 0.3079
0.2917, 0.3125
0.3102, 0.3218
0.3241, 0.3264
0.3380, 0.3310
0.3518, 0.3403
0.3657, 0.3449
0.3796, 0.3495
0.3889, 0.3634
0.4074, 0.3727
0.4167, 0.3773
0.4306, 0.3866
0.4445, 0.4005
0.4537, 0.4097
0.4630, 0.4236
0.4769, 0.4421
0.4861, 0.4514
0.4954, 0.4653
0.5000, 0.4838
0.5046, 0.4931
0.5046, 0.4977
0.5046, 0.5023
0.5139, 0.4977
0.5139, 0.4884
0.5185, 0.4838
0.5185, 0.4699
0.5232, 0.4653
0.5278, 0.4560
0.5278, 0.4514
0.5324, 0.4468
0.5370, 0.4468
0.5370, 0.4421
0.5417, 0.4421
0.5648, 0.4421
0.5833, 0.4421
0.6065, 0.4421
0.6343, 0.4468
0.6482, 0.4560
0.6667, 0.4606
0.6759, 0.4653
0.6852, 0.4745
0.6898, 0.4792
0.6945, 0.4838
0.7037, 0.4838
0.7083, 0.4792
0.7176, 0.4606
0.7269, 0.4468
0.7315, 0.4282
0.7454, 0.4144
0.7546, 0.3958
0.7593, 0.3866
0.7639, 0.3773
0.7732, 0.3681
0.7870, 0.3542
0.7917, 0.3495
0.8009, 0.3449
0.8056, 0.3403
0.8102, 0.3403
0.8241, 0.3356
0.8287, 0.3310
0.8380, 0.3310
0.8472, 0.3310
0.8611, 0.3264
0.8704, 0.3171
0.8843, 0.3171
0.8889, 0.3125
0.9028, 0.3079
0.9121, 0.3079
0.9213, 0.3032
0.9259, 0.3032
0.9398, 0.2986
0.9445, 0.2986
0.9537, 0.2986
0.9630, 0.2940
0.9722, 0.2940
0.9815, 0.2940
0.9861, 0.2894
0.9908, 0.2894
0.9954, 0.2894
1.0000, 0.2894
