0.1111, 0.7602
0.1170, 0.7602
0.1287, 0.7602
0.1345, 0.7602
0.1404, 0.7544
0.1462, 0.7544
0.1520, 0.7485
0.1579, 0.7427
0.1637, 0.7368
0.1754, 0.7310
0.1813, 0.7310
0.1871, 0.7252
0.1988, 0.7076
0.2047, 0.7018
0.2164, 0.6959
0.2281, 0.6901
0.2398, 0.6842
0.2515, 0.6667
0.2632, 0.6667
0.2749, 0.6608
0.2865, 0.6550
0.2924, 0.6491
0.3041, 0.6491
0.3216, 0.6433
0.3392, 0.6433
0.3509, 0.6374
0.3743, 0.6374
0.3918, 0.6374
0.4035, 0.6374
0.4269, 0.6374
0.4444, 0.6374
0.4561, 0.6374
0.4795, 0.6374
0.4971, 0.6433
0.5146, 0.6491
0.5322, 0.6550
0.5439, 0.6608
0.5672, 0.6725
0.5848, 0.6725
0.5965, 0.6784
0.6023, 0.6842
0.6199, 0.6842
0.6316, 0.6901
0.6433, 0.6901
0.6491, 0.6901
0.6667, 0.6901
0.6725, 0.6901
0.6842, 0.6959
0.7076, 0.6959
0.7193, 0.6959
0.7310, 0.6959
0.7544, 0.7018
0.7661, 0.7018
0.7778, 0.7018
0.7895, 0.7018
0.8070, 0.7076
0.8187, 0.7076
0.8304, 0.7076
0.8421, 0.7076
0.8538, 0.7193
0.8655, 0.7193
0.8713, 0.7193
0.8830, 0.7193
0.8889, 0.7193
0.9006, 0.7193
0.9123, 0.7193
0.9181, 0.7193
0.9240, 0.7193
0.9298, 0.7193
0.9357, 0.7193
0.9474, 0.7193
0.9532, 0.7193
0.9591, 0.7193
0.9649, 0.7193
0.9708, 0.7135
0.9766, 0.7135
0.9825, 0.7135
0.9883, 0.7076
1.0000, 0.7076
1.0000, 0.7018
1.0000, 0.6959

0.0000, 0.2749
0.0000, 0.2690
0.0059, 0.2632
0.0117, 0.2632
0.0234, 0.2515
0.0292, 0.2515
0.0468, 0.2456
0.0526, 0.2456
0.0702, 0.2398
0.0877, 0.2398
0.0994, 0.2398
0.1228, 0.2398
0.1462, 0.2398
0.1579, 0.2398
0.1754, 0.2398
0.1930, 0.2398
0.2047, 0.2456
0.2164, 0.2456
0.2339, 0.2573
0.2456, 0.2632
0.2573, 0.2632
0.2632, 0.2632
0.2807, 0.2749
0.2924, 0.2749
0.2983, 0.2807
0.3099, 0.2865
0.3158, 0.2865
0.3333, 0.3041
0.3450, 0.3041
0.3509, 0.3158
0.3567, 0.3216
0.3684, 0.3275
0.3801, 0.3392
0.3860, 0.3450
0.3918, 0.3626
0.3977, 0.3743
0.4035, 0.3860
0.4093, 0.4094
0.4152, 0.4269
0.4269, 0.4386
0.4269, 0.4561
0.4328, 0.4678
0.4386, 0.4795
0.4386, 0.4971
0.4444, 0.5029
0.4444, 0.5088
0.4444, 0.5146
0.4503, 0.5146
0.4503, 0.5205
0.4561, 0.5263
0.4561, 0.5322
0.4561, 0.5380
0.4620, 0.5380
0.4737, 0.5380
0.4737, 0.5263
0.4795, 0.5205
0.4854, 0.5088
0.4912, 0.5029
0.4971, 0.4854
0.4971, 0.4795
0.5029, 0.4737
0.5088, 0.4737
0.5088, 0.4678
0.5088, 0.4620
0.5146, 0.4620
0.5263, 0.4620
0.5380, 0.4620
0.5497, 0.4620
0.5614, 0.4620
0.5789, 0.4678
0.5907, 0.4737
0.6023, 0.4795
0.6257, 0.4795
0.6374, 0.4971
0.6491, 0.5029
0.6550, 0.5088
0.6725, 0.5146
0.6725, 0.5205
0.6784, 0.5205
0.6842, 0.5205
0.6901, 0.5146
0.6959, 0.5029
0.7017, 0.4854
0.7076, 0.4737
0.7193, 0.4678
0.7251, 0.4561
0.7310, 0.4444
0.7368, 0.4386
0.7427, 0.4269
0.7485, 0.4211
0.7544, 0.4152
0.7719, 0.4094
0.7778, 0.3918
0.7836, 0.3860
0.7953, 0.3801
0.8012, 0.3743
0.8187, 0.3684
0.8246, 0.3626
0.8304, 0.3626
0.8363, 0.3509
0.8421, 0.3450
0.8596, 0.3450
0.8655, 0.3450
0.8713, 0.3392
0.8830, 0.3333
0.8889, 0.3333
0.9006, 0.3275
0.9181, 0.3275
0.9240, 0.3216
0.9298, 0.3216
0.9357, 0.3216
0.9415, 0.3158
0.9474, 0.3158
0.9591, 0.3099
0.9649, 0.3099
0.9708, 0.3099
0.9766, 0.3099
0.9766, 0.2983
