0.1684, 0.7372
0.1684, 0.7322
0.1684, 0.7270
0.1684, 0.7219
0.1735, 0.7168
0.1735, 0.7117
0.1786, 0.7015
0.1888, 0.6964
0.1939, 0.6862
0.2041, 0.6811
0.2194, 0.6760
0.2296, 0.6709
0.2449, 0.6556
0.2653, 0.6505
0.2806, 0.6454
0.3010, 0.6403
0.3214, 0.6352
0.3418, 0.6301
0.3571, 0.6199
0.3725, 0.6199
0.3878, 0.6148
0.3980, 0.6148
0.4082, 0.6148
0.4133, 0.6148
0.4286, 0.6148
0.4388, 0.6148
0.4439, 0.6148
0.4541, 0.6148
0.4592, 0.6148
0.4745, 0.6148
0.4796, 0.6148
0.4898, 0.6148
0.5000, 0.6148
0.5153, 0.6148
0.5255, 0.6148
0.5357, 0.6250
0.5459, 0.6301
0.5612, 0.6352
0.5714, 0.6352
0.5867, 0.6454
0.5969, 0.6454
0.6122, 0.6505
0.6225, 0.6556
0.6378, 0.6658
0.6480, 0.6709
0.6582, 0.6760
0.6837, 0.6811
0.6939, 0.6862
0.7041, 0.6862
0.7143, 0.6913
0.7296, 0.6964
0.7398, 0.6964
0.7500, 0.6964
0.7653, 0.7066
0.7755, 0.7066
0.7908, 0.7066
0.8061, 0.7117
0.8163, 0.7117
0.8265, 0.7117
0.8367, 0.7117
0.8520, 0.7117
0.8571, 0.7117
0.8673, 0.7117
0.8725, 0.7117
0.8776, 0.7117
0.8827, 0.7117
0.8929, 0.7117
0.9031, 0.7117
0.9133, 0.7117
0.9184, 0.7117
0.9235, 0.7117
0.9388, 0.7117
0.9439, 0.7117
0.9490, 0.7117
0.9541, 0.7015
0.9592, 0.7015
0.9643, 0.7015
0.9745, 0.7015
0.9796, 0.7015
0.9796, 0.6964
0.9796, 0.6913

0.0000, 0.3342
0.0000, 0.3291
0.0000, 0.3189
0.0000, 0.3138
0.0051, 0.3138
0.0102, 0.3138
0.0153, 0.3087
0.0255, 0.3036
0.0459, 0.3036
0.0663, 0.3036
0.0918, 0.3036
0.1071, 0.3036
0.1327, 0.3036
0.1480, 0.3036
0.1735, 0.3036
0.1888, 0.3087
0.2041, 0.3138
0.2296, 0.3240
0.2449, 0.3291
0.2704, 0.3393
0.2857, 0.3444
0.3010, 0.3495
0.3112, 0.3546
0.3265, 0.3648
0.3418, 0.3648
0.3622, 0.3699
0.3725, 0.3750
0.3878, 0.3801
0.4031, 0.3852
0.4235, 0.3903
0.4337, 0.3954
0.4439, 0.4005
0.4541, 0.4107
0.4643, 0.4158
0.4745, 0.4209
0.4796, 0.4260
0.4847, 0.4311
0.4847, 0.4362
0.4949, 0.4362
0.4949, 0.4413
0.5000, 0.4515
0.5000, 0.4566
0.5102, 0.4617
0.5102, 0.4719
0.5102, 0.4770
0.5102, 0.4822
0.5153, 0.4822
0.5153, 0.4770
0.5153, 0.4668
0.5153, 0.4566
0.5153, 0.4413
0.5153, 0.4311
0.5204, 0.4209
0.5204, 0.4056
0.5204, 0.4005
0.5255, 0.3903
0.5255, 0.3852
0.5306, 0.3852
0.5306, 0.3801
0.5306, 0.3750
0.5357, 0.3750
0.5408, 0.3852
0.5510, 0.3903
0.5612, 0.3954
0.5663, 0.4005
0.5765, 0.4107
0.5816, 0.4158
0.5969, 0.4209
0.6020, 0.4260
0.6122, 0.4311
0.6225, 0.4362
0.6378, 0.4413
0.6429, 0.4515
0.6480, 0.4515
0.6582, 0.4566
0.6582, 0.4617
0.6633, 0.4617
0.6684, 0.4617
0.6684, 0.4668
0.6786, 0.4668
0.6786, 0.4719
0.6837, 0.4719
0.6837, 0.4770
0.6888, 0.4822
0.6939, 0.4822
0.6939, 0.4923
0.6990, 0.4872
0.7041, 0.4770
0.7194, 0.4617
0.7245, 0.4464
0.7347, 0.4362
0.7449, 0.4209
0.7500, 0.4056
0.7602, 0.3954
0.7704, 0.3903
0.7806, 0.3801
0.7908, 0.3699
0.8061, 0.3546
0.8163, 0.3495
0.8265, 0.3444
0.8316, 0.3393
0.8469, 0.3342
0.8571, 0.3291
0.8673, 0.3189
0.8776, 0.3138
0.8980, 0.3087
0.9082, 0.3036
0.9286, 0.2934
0.9388, 0.2934
0.9490, 0.2781
0.9592, 0.2781
0.9745, 0.2730
0.9796, 0.2730
0.9847, 0.2679
0.9898, 0.2679
0.9898, 0.2628
0.9949, 0.2628
0.9949, 0.2679
0.9949, 0.2730
1.0000, 0.2730
