0.0000, 0.6849
0.0052, 0.6849
0.0104, 0.6641
0.0156, 0.6536
0.0312, 0.6484
0.0312, 0.6432
0.0365, 0.6380
0.0365, 0.6328
0.0417, 0.6328
0.0417, 0.6224
0.0469, 0.6224
0.0521, 0.6224
0.0521, 0.6172
0.0573, 0.6172
0.0625, 0.6172
0.0729, 0.6120
0.0833, 0.6120
0.0938, 0.6120
0.0989, 0.6120
0.1146, 0.6120
0.1250, 0.6120
0.1406, 0.6120
0.1615, 0.6120
0.1719, 0.6120
0.1875, 0.6120
0.2031, 0.6172
0.2135, 0.6172
0.2240, 0.6172
0.2344, 0.6172
0.2500, 0.6276
0.2656, 0.6276
0.2760, 0.6276
0.2917, 0.6328
0.3073, 0.6328
0.3125, 0.6328
0.3281, 0.6328
0.3333, 0.6380
0.3385, 0.6380
0.3490, 0.6380
0.3594, 0.6432
0.3750, 0.6432
0.3802, 0.6432
0.3906, 0.6484
0.4010, 0.6484
0.4167, 0.6484
0.4219, 0.6536
0.4323, 0.6536
0.4375, 0.6536
0.4479, 0.6536
0.4583, 0.6536
0.4635, 0.6589
0.4739, 0.6589
0.4792, 0.6589
0.4896, 0.6693
0.5052, 0.6693
0.5156, 0.6745
0.5260, 0.6745
0.5312, 0.6797
0.5469, 0.6797
0.5573, 0.6849
0.5625, 0.6849
0.5729, 0.6849
0.5781, 0.6901
0.5885, 0.6901
0.5937, 0.6953
0.5990, 0.6953
0.6094, 0.6953
0.6146, 0.6953
0.6198, 0.6953
0.6302, 0.6953
0.6354, 0.7005
0.6406, 0.7005
0.6458, 0.7005
0.6510, 0.7005
0.6563, 0.7005
0.6614, 0.7005
0.6719, 0.7005
0.6771, 0.7005
0.6823, 0.7005
0.6875, 0.7005
0.6927, 0.7005
0.6979, 0.7005
0.7031, 0.7005
0.7135, 0.7005
0.7187, 0.7005
0.7240, 0.7005
0.7292, 0.7005
0.7396, 0.7005
0.7500, 0.7005
0.7604, 0.7005
0.7708, 0.6953
0.7760, 0.6953
0.7812, 0.6953
0.7917, 0.6953
0.8021, 0.6953
0.8125, 0.6953
0.8229, 0.6953
0.8281, 0.6953
0.8438, 0.6953
0.8489, 0.6953
0.8542, 0.6953
0.8594, 0.6953
0.8646, 0.6953
0.8698, 0.6953
0.8750, 0.6953
0.8854, 0.6953
0.8906, 0.6901
0.8958, 0.6901
0.8958, 0.6849
0.9010, 0.6849
0.9062, 0.6849
0.9062, 0.6797
0.9115, 0.6797
0.8958, 0.6641
0.8958, 0.6589

0.0000, 0.3255
0.0052, 0.3307
0.0156, 0.3307
0.0156, 0.3359
0.0208, 0.3359
0.0260, 0.3359
0.0312, 0.3464
0.0365, 0.3464
0.0469, 0.3464
0.0677, 0.3464
0.0781, 0.3464
0.0938, 0.3464
0.1146, 0.3411
0.1354, 0.3359
0.1615, 0.3307
0.1771, 0.3255
0.2031, 0.3203
0.2240, 0.3151
0.2500, 0.3047
0.2760, 0.2995
0.3073, 0.2995
0.3333, 0.2995
0.3594, 0.2995
0.3802, 0.3099
0.3958, 0.3099
0.4167, 0.3203
0.4375, 0.3255
0.4479, 0.3307
0.4688, 0.3411
0.4792, 0.3568
0.4948, 0.3672
0.5052, 0.3776
0.5156, 0.3984
0.5312, 0.4088
0.5365, 0.4193
0.5417, 0.4349
0.5469, 0.4453
0.5521, 0.4505
0.5521, 0.4609
0.5521, 0.4714
0.5573, 0.4818
0.5573, 0.4870
0.5573, 0.4922
0.5573, 0.5026
0.5573, 0.5078
0.5573, 0.5130
0.5573, 0.5234
0.5521, 0.5286
0.5521, 0.5339
0.5469, 0.5339
0.5417, 0.5391
0.5417, 0.5443
0.5365, 0.5443
0.5365, 0.5391
0.5417, 0.5286
0.5469, 0.5182
0.5521, 0.5130
0.5573, 0.5130
0.5677, 0.5130
0.5729, 0.5078
0.5781, 0.5078
0.5885, 0.5078
0.5937, 0.5078
0.5990, 0.5078
0.6094, 0.5078
0.6146, 0.5078
0.6198, 0.5078
0.6250, 0.5078
0.6302, 0.5078
0.6354, 0.5078
0.6406, 0.5078
0.6510, 0.5078
0.6563, 0.5078
0.6614, 0.5078
0.6667, 0.5078
0.6719, 0.5078
0.6771, 0.5078
0.6823, 0.5130
0.6875, 0.5130
0.6875, 0.5234
0.6979, 0.5234
0.6979, 0.5286
0.6979, 0.5339
0.6979, 0.5391
0.6979, 0.5443
0.6927, 0.5443
0.6875, 0.5443
0.6875, 0.5495
0.6875, 0.5443
0.6979, 0.5339
0.7031, 0.5130
0.7083, 0.5026
0.7135, 0.4922
0.7240, 0.4714
0.7396, 0.4609
0.7396, 0.4453
0.7500, 0.4297
0.7552, 0.4193
0.7604, 0.4088
0.7656, 0.4037
0.7708, 0.3880
0.7812, 0.3880
0.7865, 0.3776
0.7917, 0.3672
0.7969, 0.3620
0.8073, 0.3464
0.8125, 0.3411
0.8229, 0.3359
0.8281, 0.3307
0.8333, 0.3255
0.8385, 0.3255
0.8489, 0.3203
0.8594, 0.3203
0.8750, 0.3203
0.8854, 0.3203
0.8958, 0.3203
0.9115, 0.3203
0.9219, 0.3203
0.9323, 0.3255
0.9427, 0.3255
0.9531, 0.3255
0.9635, 0.3307
0.9687, 0.3359
0.9792, 0.3359
0.9792, 0.3411
0.9844, 0.3411
0.9896, 0.3516
0.9896, 0.3568
1.0000, 0.3568
1.0000, 0.3620
1.0000, 0.3672
0.9948, 0.3724
0.9948, 0.3776
