0.0255, 0.8750
0.0255, 0.8699
0.0255, 0.8597
0.0306, 0.8444
0.0357, 0.8291
0.0408, 0.8138
0.0510, 0.7934
0.0561, 0.7832
0.0663, 0.7628
0.0816, 0.7525
0.0867, 0.7423
0.0969, 0.7372
0.1020, 0.7219
0.1173, 0.7168
0.1225, 0.7117
0.1326, 0.7066
0.1429, 0.6964
0.1480, 0.6964
0.1633, 0.6913
0.1735, 0.6862
0.1837, 0.6862
0.1888, 0.6760
0.2041, 0.6709
0.2092, 0.6709
0.2143, 0.6658
0.2245, 0.6658
0.2347, 0.6658
0.2449, 0.6607
0.2500, 0.6607
0.2602, 0.6607
0.2653, 0.6607
0.2755, 0.6607
0.2908, 0.6607
0.3112, 0.6607
0.3265, 0.6607
0.3418, 0.6607
0.3571, 0.6607
0.3724, 0.6607
0.3877, 0.6658
0.4031, 0.6709
0.4286, 0.6811
0.4388, 0.6862
0.4592, 0.6913
0.4745, 0.6964
0.4949, 0.7015
0.5051, 0.7066
0.5255, 0.7117
0.5459, 0.7270
0.5663, 0.7372
0.5918, 0.7423
0.6071, 0.7475
0.6276, 0.7525
0.6429, 0.7576
0.6633, 0.7679
0.6735, 0.7730
0.6888, 0.7781
0.7092, 0.7832
0.7245, 0.7883
0.7347, 0.7934
0.7500, 0.7985
0.7602, 0.7985
0.7755, 0.8087
0.7908, 0.8138
0.8010, 0.8138
0.8112, 0.8189
0.8316, 0.8240
0.8418, 0.8240
0.8571, 0.8291
0.8673, 0.8342
0.8775, 0.8342
0.8877, 0.8393
0.8928, 0.8393
0.9031, 0.8495
0.9184, 0.8495
0.9286, 0.8546
0.9388, 0.8546
0.9439, 0.8546
0.9592, 0.8597
0.9643, 0.8597
0.9694, 0.8597
0.9745, 0.8597
0.9796, 0.8597
0.9847, 0.8597
0.9898, 0.8597
1.0000, 0.8597
1.0000, 0.8546
1.0000, 0.8444
1.0000, 0.8393
1.0000, 0.8291
0.9949, 0.8138
0.9949, 0.8036

0.0000, 0.2117
0.0051, 0.2117
0.0102, 0.2117
0.0153, 0.2066
0.0255, 0.2066
0.0306, 0.2015
0.0357, 0.2015
0.0408, 0.1964
0.0510, 0.1964
0.0612, 0.1913
0.0765, 0.1811
0.0918, 0.1811
0.1020, 0.1811
0.1225, 0.1760
0.1378, 0.1760
0.1531, 0.1760
0.1684, 0.1760
0.1837, 0.1760
0.2092, 0.1862
0.2245, 0.1913
0.2449, 0.2015
0.2602, 0.2117
0.2704, 0.2168
0.2908, 0.2372
0.3010, 0.2474
0.3112, 0.2628
0.3265, 0.2832
0.3316, 0.2985
0.3418, 0.3189
0.3469, 0.3393
0.3520, 0.3699
0.3673, 0.3954
0.3724, 0.4158
0.3776, 0.4260
0.3776, 0.4413
0.3826, 0.4515
0.3877, 0.4617
0.3929, 0.4770
0.3980, 0.4872
0.4082, 0.4975
0.4082, 0.5025
0.4133, 0.5179
0.4184, 0.5229
0.4184, 0.5332
0.4235, 0.5383
0.4235, 0.5434
0.4286, 0.5434
0.4286, 0.5485
0.4337, 0.5383
0.4388, 0.5229
0.4541, 0.5025
0.4592, 0.4872
0.4643, 0.4668
0.4694, 0.4566
0.4745, 0.4413
0.4796, 0.4260
0.4796, 0.4209
0.4898, 0.4158
0.4898, 0.4107
0.4949, 0.4107
0.5000, 0.4107
0.5051, 0.4209
0.5153, 0.4362
0.5306, 0.4413
0.5357, 0.4464
0.5408, 0.4566
0.5510, 0.4617
0.5561, 0.4770
0.5612, 0.4821
0.5765, 0.4872
0.5765, 0.4924
0.5816, 0.4975
0.5867, 0.4975
0.5867, 0.5025
0.5867, 0.5076
0.5918, 0.5179
0.5969, 0.5229
0.5969, 0.5332
0.6020, 0.5383
0.6071, 0.5434
0.6173, 0.5332
0.6276, 0.5128
0.6327, 0.4924
0.6429, 0.4719
0.6480, 0.4515
0.6582, 0.4209
0.6633, 0.4005
0.6633, 0.3750
0.6735, 0.3546
0.6735, 0.3240
0.6837, 0.2985
0.6888, 0.2832
0.6990, 0.2628
0.7041, 0.2474
0.7092, 0.2321
0.7143, 0.2168
0.7194, 0.2117
0.7245, 0.2015
0.7347, 0.1964
0.7449, 0.1913
0.7449, 0.1862
0.7551, 0.1862
0.7602, 0.1760
0.7653, 0.1709
0.7704, 0.1709
0.7755, 0.1658
0.7908, 0.1658
0.7959, 0.1607
0.8010, 0.1607
0.8061, 0.1556
0.8112, 0.1556
0.8163, 0.1556
0.8265, 0.1505
0.8316, 0.1505
0.8367, 0.1454
0.8418, 0.1454
0.8469, 0.1454
0.8571, 0.1352
0.8673, 0.1352
0.8724, 0.1352
0.8775, 0.1301
0.8827, 0.1301
0.8877, 0.1301
0.8928, 0.1301
0.8980, 0.1301
0.9031, 0.1301
0.9133, 0.1301
0.9133, 0.1250
