0.0000, 0.7022
0.0000, 0.6967
0.0109, 0.6913
0.0328, 0.6858
0.0492, 0.6803
0.0710, 0.6694
0.0874, 0.6639
0.1093, 0.6639
0.1202, 0.6585
0.1366, 0.6585
0.1530, 0.6585
0.1694, 0.6585
0.1858, 0.6585
0.2022, 0.6585
0.2131, 0.6585
0.2295, 0.6585
0.2350, 0.6585
0.2514, 0.6585
0.2623, 0.6585
0.2732, 0.6585
0.2896, 0.6585
0.2951, 0.6585
0.3060, 0.6585
0.3169, 0.6585
0.3224, 0.6585
0.3333, 0.6585
0.3443, 0.6585
0.3552, 0.6585
0.3661, 0.6585
0.3825, 0.6585
0.3934, 0.6585
0.4098, 0.6585
0.4317, 0.6585
0.4481, 0.6585
0.4700, 0.6585
0.4863, 0.6585
0.5027, 0.6585
0.5191, 0.6585
0.5410, 0.6585
0.5519, 0.6585
0.5738, 0.6585
0.6066, 0.6585
0.6284, 0.6585
0.6557, 0.6639
0.6776, 0.6639
0.6994, 0.6639
0.7159, 0.6749
0.7322, 0.6749
0.7486, 0.6749
0.7596, 0.6749
0.7705, 0.6749
0.7869, 0.6749
0.7978, 0.6749
0.8142, 0.6749
0.8306, 0.6749
0.8470, 0.6749
0.8579, 0.6749
0.8798, 0.6749
0.8962, 0.6749
0.9071, 0.6749
0.9235, 0.6749
0.9399, 0.6749
0.9508, 0.6749
0.9563, 0.6749
0.9727, 0.6749
0.9781, 0.6749
0.9836, 0.6749
0.9945, 0.6749
1.0000, 0.6749

0.0328, 0.3251
0.0328, 0.3197
0.0382, 0.3087
0.0382, 0.3033
0.0437, 0.2978
0.0492, 0.2978
0.0601, 0.2978
0.0765, 0.2978
0.1093, 0.2978
0.1421, 0.2978
0.1803, 0.3033
0.2076, 0.3142
0.2514, 0.3251
0.2841, 0.3415
0.3169, 0.3525
0.3388, 0.3689
0.3661, 0.3798
0.3825, 0.3962
0.4098, 0.4126
0.4208, 0.4290
0.4317, 0.4399
0.4535, 0.4672
0.4645, 0.4836
0.4754, 0.5055
0.4918, 0.5273
0.5027, 0.5437
0.5137, 0.5546
0.5191, 0.5656
0.5246, 0.5710
0.5355, 0.5765
0.5355, 0.5656
0.5300, 0.5546
0.5300, 0.5328
0.5300, 0.5219
0.5300, 0.5109
0.5355, 0.5000
0.5410, 0.4891
0.5410, 0.4836
0.5410, 0.4781
0.5465, 0.4781
0.5519, 0.4781
0.5628, 0.4836
0.5792, 0.5000
0.5902, 0.5055
0.6011, 0.5164
0.6066, 0.5273
0.6120, 0.5328
0.6175, 0.5437
0.6175, 0.5492
0.6284, 0.5492
0.6284, 0.5546
0.6339, 0.5492
0.6393, 0.5328
0.6448, 0.5164
0.6503, 0.5109
0.6557, 0.5000
0.6612, 0.4836
0.6721, 0.4781
0.6776, 0.4727
0.6831, 0.4672
0.6885, 0.4618
0.6940, 0.4563
0.6994, 0.4454
0.7049, 0.4454
0.7159, 0.4399
0.7213, 0.4399
0.7322, 0.4344
0.7432, 0.4344
0.7541, 0.4290
0.7705, 0.4290
0.7869, 0.4235
0.7978, 0.4235
0.8197, 0.4180
0.8306, 0.4180
0.8525, 0.4126
0.8634, 0.4126
0.8743, 0.4126
0.8853, 0.4126
0.8962, 0.4016
0.9016, 0.4016
0.9071, 0.4016
0.9126, 0.4016
