0.0789, 0.8202
0.0833, 0.8202
0.0877, 0.8114
0.0965, 0.7982
0.1009, 0.7895
0.1053, 0.7851
0.1097, 0.7763
0.1184, 0.7719
0.1228, 0.7588
0.1316, 0.7544
0.1316, 0.7500
0.1404, 0.7456
0.1404, 0.7412
0.1447, 0.7368
0.1491, 0.7281
0.1579, 0.7237
0.1623, 0.7237
0.1623, 0.7193
0.1667, 0.7193
0.1711, 0.7149
0.1755, 0.7149
0.1842, 0.7105
0.1930, 0.7105
0.2018, 0.7061
0.2149, 0.7061
0.2281, 0.7061
0.2412, 0.7061
0.2500, 0.7061
0.2675, 0.7061
0.2807, 0.7061
0.2895, 0.7061
0.3026, 0.7061
0.3158, 0.7061
0.3246, 0.7061
0.3421, 0.7061
0.3509, 0.7061
0.3596, 0.7061
0.3728, 0.7061
0.3904, 0.7105
0.4079, 0.7105
0.4211, 0.7105
0.4386, 0.7149
0.4561, 0.7149
0.4693, 0.7193
0.4868, 0.7237
0.4956, 0.7237
0.5088, 0.7325
0.5219, 0.7325
0.5263, 0.7368
0.5307, 0.7368
0.5395, 0.7368
0.5439, 0.7368
0.5526, 0.7368
0.5570, 0.7412
0.5658, 0.7412
0.5702, 0.7456
0.5789, 0.7456
0.5833, 0.7456
0.5965, 0.7456
0.6009, 0.7500
0.6097, 0.7544
0.6140, 0.7588
0.6272, 0.7588
0.6360, 0.7719
0.6404, 0.7719
0.6491, 0.7763
0.6623, 0.7851
0.6710, 0.7895
0.6754, 0.7895
0.6842, 0.7938
0.6886, 0.7938
0.6930, 0.8026
0.7018, 0.8026
0.7018, 0.8070
0.7061, 0.8070
0.7105, 0.8070
0.7149, 0.8070
0.7193, 0.8114
0.7281, 0.8114
0.7368, 0.8158
0.7412, 0.8158
0.7500, 0.8158
0.7588, 0.8202
0.7632, 0.8202
0.7719, 0.8202
0.7763, 0.8202
0.7807, 0.8246
0.7851, 0.8246
0.7895, 0.8246
0.7939, 0.8246
0.7982, 0.8289
0.8070, 0.8289
0.8158, 0.8289
0.8246, 0.8289
0.8333, 0.8289
0.8377, 0.8289
0.8465, 0.8289
0.8509, 0.8289
0.8553, 0.8289
0.8640, 0.8289
0.8728, 0.8289
0.8816, 0.8289
0.8903, 0.8289
0.8947, 0.8289
0.8991, 0.8289
0.9035, 0.8289
0.9079, 0.8289
0.9167, 0.8289
0.9211, 0.8289
0.9254, 0.8289
0.9298, 0.8289
0.9342, 0.8289
0.9386, 0.8289
0.9430, 0.8289
0.9517, 0.8289
0.9561, 0.8202
0.9605, 0.8202
0.9649, 0.8114
0.9693, 0.7982
0.9693, 0.7895
0.9693, 0.7807
0.9649, 0.7719
0.9561, 0.7632

0.0000, 0.1754
0.0000, 0.1711
0.0044, 0.1711
0.0132, 0.1711
0.0483, 0.1711
0.0921, 0.1711
0.1184, 0.1711
0.1491, 0.1711
0.1711, 0.1711
0.1886, 0.1754
0.2061, 0.1842
0.2193, 0.1886
0.2325, 0.1930
0.2500, 0.1974
0.2632, 0.2017
0.2807, 0.2105
0.2982, 0.2237
0.3158, 0.2281
0.3290, 0.2368
0.3377, 0.2456
0.3596, 0.2588
0.3684, 0.2719
0.3772, 0.2807
0.3947, 0.2983
0.4035, 0.3202
0.4123, 0.3377
0.4254, 0.3553
0.4298, 0.3772
0.4298, 0.3947
0.4342, 0.4167
0.4386, 0.4386
0.4386, 0.4518
0.4430, 0.4649
0.4474, 0.4825
0.4474, 0.4956
0.4561, 0.5044
0.4561, 0.5219
0.4561, 0.5307
0.4605, 0.5395
0.4605, 0.5482
0.4605, 0.5570
0.4649, 0.5658
0.4649, 0.5702
0.4649, 0.5746
0.4649, 0.5833
0.4649, 0.5877
0.4693, 0.5877
0.4737, 0.5789
0.4825, 0.5570
0.4956, 0.5351
0.5044, 0.5219
0.5088, 0.5088
0.5088, 0.5000
0.5132, 0.5000
0.5175, 0.5000
0.5307, 0.5000
0.5395, 0.5000
0.5526, 0.5044
0.5658, 0.5175
0.5746, 0.5219
0.5789, 0.5263
0.5877, 0.5351
0.5921, 0.5395
0.6009, 0.5526
0.6053, 0.5570
0.6097, 0.5614
0.6140, 0.5658
0.6140, 0.5702
0.6184, 0.5702
0.6184, 0.5746
0.6228, 0.5833
0.6272, 0.5877
0.6360, 0.5921
0.6404, 0.5921
0.6491, 0.5877
0.6623, 0.5614
0.6754, 0.5351
0.6798, 0.5175
0.6842, 0.4868
0.6886, 0.4649
0.6974, 0.4430
0.7018, 0.4167
0.7105, 0.3947
0.7193, 0.3772
0.7237, 0.3596
0.7325, 0.3421
0.7456, 0.3333
0.7544, 0.3158
0.7632, 0.3070
0.7719, 0.2983
0.7807, 0.2895
0.7851, 0.2851
0.7939, 0.2763
0.8026, 0.2719
0.8070, 0.2675
0.8202, 0.2632
0.8289, 0.2500
0.8377, 0.2456
0.8465, 0.2368
0.8596, 0.2325
0.8684, 0.2281
0.8816, 0.2149
0.8947, 0.2061
0.9079, 0.1974
0.9254, 0.1930
0.9342, 0.1886
0.9430, 0.1798
0.9517, 0.1754
0.9649, 0.1754
0.9693, 0.1754
0.9781, 0.1711
0.9825, 0.1711
0.9868, 0.1711
0.9912, 0.1711
1.0000, 0.1711
