0.0000, 0.7958
0.0000, 0.7906
0.0052, 0.7853
0.0052, 0.7801
0.0157, 0.7801
0.0209, 0.7749
0.0262, 0.7644
0.0314, 0.7487
0.0419, 0.7435
0.0471, 0.7330
0.0628, 0.7278
0.0681, 0.7120
0.0733, 0.7068
0.0785, 0.7016
0.0838, 0.6963
0.0890, 0.6911
0.0995, 0.6911
0.1047, 0.6859
0.1099, 0.6806
0.1204, 0.6702
0.1309, 0.6702
0.1466, 0.6649
0.1571, 0.6649
0.1675, 0.6597
0.1780, 0.6597
0.1989, 0.6545
0.2094, 0.6545
0.2304, 0.6545
0.2461, 0.6545
0.2618, 0.6545
0.2880, 0.6545
0.3037, 0.6545
0.3298, 0.6545
0.3508, 0.6545
0.3770, 0.6597
0.4031, 0.6649
0.4241, 0.6754
0.4503, 0.6754
0.4712, 0.6806
0.4974, 0.6859
0.5131, 0.6911
0.5393, 0.6963
0.5550, 0.7016
0.5759, 0.7068
0.5916, 0.7068
0.6073, 0.7225
0.6283, 0.7225
0.6388, 0.7278
0.6492, 0.7330
0.6702, 0.7330
0.6806, 0.7382
0.6911, 0.7382
0.7068, 0.7435
0.7225, 0.7435
0.7382, 0.7487
0.7539, 0.7487
0.7644, 0.7592
0.7749, 0.7592
0.7854, 0.7592
0.7958, 0.7592
0.8063, 0.7592
0.8168, 0.7592
0.8272, 0.7592
0.8377, 0.7592
0.8429, 0.7592
0.8534, 0.7592
0.8586, 0.7592
0.8639, 0.7592
0.8691, 0.7592
0.8796, 0.7592
0.8848, 0.7592
0.8901, 0.7592
0.8953, 0.7539
0.9005, 0.7539
0.9005, 0.7487
0.9005, 0.7435
0.9005, 0.7330

0.0681, 0.2670
0.0681, 0.2565
0.0681, 0.2513
0.0733, 0.2513
0.0785, 0.2513
0.0838, 0.2513
0.0942, 0.2513
0.1152, 0.2513
0.1309, 0.2461
0.1466, 0.2461
0.1675, 0.2461
0.1832, 0.2461
0.2042, 0.2461
0.2251, 0.2461
0.2461, 0.2513
0.2618, 0.2618
0.2775, 0.2670
0.2984, 0.2775
0.3141, 0.2879
0.3351, 0.3037
0.3455, 0.3089
0.3560, 0.3141
0.3665, 0.3246
0.3822, 0.3298
0.3927, 0.3455
0.3979, 0.3560
0.4084, 0.3665
0.4188, 0.3770
0.4293, 0.3927
0.4345, 0.4031
0.4398, 0.4136
0.4450, 0.4345
0.4503, 0.4450
0.4503, 0.4607
0.4607, 0.4764
0.4607, 0.4869
0.4660, 0.4921
0.4660, 0.4974
0.4660, 0.5026
0.4660, 0.5079
0.4660, 0.5183
0.4712, 0.5183
0.4712, 0.5079
0.4764, 0.4974
0.4817, 0.4869
0.4869, 0.4712
0.4921, 0.4607
0.5026, 0.4503
0.5079, 0.4450
0.5131, 0.4398
0.5183, 0.4293
0.5236, 0.4188
0.5288, 0.4188
0.5288, 0.4136
0.5340, 0.4084
0.5393, 0.4084
0.5498, 0.4084
0.5550, 0.4031
0.5655, 0.4031
0.5707, 0.4031
0.5812, 0.4031
0.6021, 0.4031
0.6178, 0.4031
0.6388, 0.4031
0.6545, 0.4031
0.6754, 0.4084
0.6911, 0.4136
0.6963, 0.4188
0.7068, 0.4188
0.7121, 0.4241
0.7225, 0.4241
0.7225, 0.4345
0.7278, 0.4398
0.7330, 0.4450
0.7330, 0.4503
0.7330, 0.4555
0.7330, 0.4607
0.7330, 0.4660
0.7330, 0.4764
0.7330, 0.4817
0.7330, 0.4869
0.7330, 0.4921
0.7278, 0.4921
0.7330, 0.4817
0.7435, 0.4660
0.7487, 0.4555
0.7539, 0.4450
0.7696, 0.4293
0.7801, 0.4136
0.7906, 0.4031
0.7958, 0.3927
0.8115, 0.3717
0.8220, 0.3612
0.8325, 0.3403
0.8534, 0.3246
0.8639, 0.3141
0.8796, 0.2932
0.8953, 0.2827
0.9110, 0.2670
0.9267, 0.2513
0.9372, 0.2461
0.9477, 0.2356
0.9529, 0.2304
0.9581, 0.2304
0.9634, 0.2251
0.9686, 0.2199
0.9791, 0.2199
0.9843, 0.2199
0.9843, 0.2094
0.9895, 0.2094
0.9895, 0.2042
0.9948, 0.2042
1.0000, 0.2042
