0.0000, 0.6797
0.0046, 0.6797
0.0092, 0.6797
0.0230, 0.6705
0.0369, 0.6567
0.0507, 0.6429
0.0691, 0.6383
0.0783, 0.6244
0.0968, 0.6198
0.1014, 0.6152
0.1106, 0.6152
0.1152, 0.6106
0.1244, 0.6060
0.1429, 0.6060
0.1521, 0.6014
0.1705, 0.6014
0.1843, 0.6014
0.1935, 0.5968
0.2120, 0.5922
0.2258, 0.5922
0.2396, 0.5922
0.2534, 0.5922
0.2673, 0.5922
0.2857, 0.5922
0.3041, 0.5922
0.3134, 0.5922
0.3318, 0.5922
0.3410, 0.5922
0.3502, 0.5922
0.3641, 0.5922
0.3733, 0.5922
0.3825, 0.5922
0.3871, 0.5922
0.4055, 0.5922
0.4148, 0.5922
0.4286, 0.5922
0.4424, 0.5968
0.4562, 0.6014
0.4700, 0.6060
0.4839, 0.6060
0.4977, 0.6106
0.5161, 0.6152
0.5207, 0.6198
0.5300, 0.6290
0.5392, 0.6336
0.5530, 0.6383
0.5622, 0.6429
0.5714, 0.6475
0.5807, 0.6521
0.5991, 0.6567
0.6083, 0.6659
0.6221, 0.6751
0.6406, 0.6797
0.6498, 0.6843
0.6682, 0.6889
0.6728, 0.6936
0.6820, 0.6936
0.6912, 0.6936
0.6959, 0.7028
0.7097, 0.7028
0.7143, 0.7028
0.7189, 0.7074
0.7281, 0.7074
0.7327, 0.7074
0.7419, 0.7074
0.7466, 0.7074
0.7511, 0.7074
0.7558, 0.7074
0.7604, 0.7074
0.7650, 0.7074
0.7696, 0.7074
0.7742, 0.7074
0.7834, 0.7074
0.7880, 0.7074
0.7972, 0.7074
0.8111, 0.7074
0.8249, 0.6936
0.8387, 0.6936
0.8571, 0.6889
0.8664, 0.6843
0.8802, 0.6843
0.8848, 0.6797
0.8986, 0.6797
0.9078, 0.6751
0.9170, 0.6751
0.9263, 0.6705
0.9401, 0.6705
0.9447, 0.6705
0.9539, 0.6613
0.9585, 0.6613
0.9631, 0.6567
0.9724, 0.6567
0.9770, 0.6567
0.9816, 0.6567
0.9862, 0.6567
0.9862, 0.6521
0.9908, 0.6521
0.9954, 0.6521
0.9954, 0.6475
1.0000, 0.6475
1.0000, 0.6429
0.9908, 0.6336
0.9816, 0.6198

0.0092, 0.2926
0.0184, 0.2926
0.0369, 0.2926
0.0645, 0.2926
0.0830, 0.2926
0.1060, 0.2926
0.1290, 0.2926
0.1429, 0.2926
0.1659, 0.2926
0.1797, 0.2926
0.2028, 0.2972
0.2166, 0.3018
0.2350, 0.3018
0.2534, 0.3065
0.2673, 0.3065
0.2857, 0.3111
0.2949, 0.3157
0.3180, 0.3157
0.3272, 0.3249
0.3410, 0.3295
0.3548, 0.3341
0.3641, 0.3387
0.3733, 0.3433
0.3825, 0.3525
0.3871, 0.3664
0.4009, 0.3710
0.4101, 0.3802
0.4148, 0.3894
0.4193, 0.4032
0.4240, 0.4170
0.4332, 0.4263
0.4378, 0.4447
0.4378, 0.4493
0.4424, 0.4585
0.4424, 0.4631
0.4470, 0.4677
0.4516, 0.4770
0.4516, 0.4816
0.4562, 0.4908
0.4562, 0.4954
0.4608, 0.5000
0.4608, 0.5092
0.4608, 0.5184
0.4608, 0.5230
0.4700, 0.5230
0.4700, 0.5277
0.4747, 0.5277
0.4793, 0.5277
0.4839, 0.5230
0.4885, 0.5138
0.4885, 0.5092
0.4931, 0.5092
0.4977, 0.5046
0.5069, 0.5000
0.5115, 0.4954
0.5161, 0.4954
0.5207, 0.4908
0.5253, 0.4908
0.5300, 0.4862
0.5346, 0.4862
0.5392, 0.4862
0.5484, 0.4862
0.5530, 0.4816
0.5576, 0.4816
0.5622, 0.4816
0.5668, 0.4816
0.5714, 0.4816
0.5760, 0.4816
0.5852, 0.4816
0.5899, 0.4816
0.5945, 0.4816
0.5991, 0.4816
0.6037, 0.4816
0.6083, 0.4816
0.6083, 0.4862
0.6129, 0.4908
0.6221, 0.4954
0.6221, 0.5000
0.6267, 0.5046
0.6267, 0.5092
0.6267, 0.5184
0.6267, 0.5230
0.6313, 0.5230
0.6313, 0.5277
0.6313, 0.5323
0.6313, 0.5369
0.6452, 0.5277
0.6636, 0.5000
0.6820, 0.4677
0.7005, 0.4447
0.7097, 0.4217
0.7235, 0.4125
0.7281, 0.3986
0.7419, 0.3894
0.7511, 0.3802
0.7604, 0.3756
0.7742, 0.3710
0.7880, 0.3618
0.7926, 0.3571
0.8018, 0.3571
0.8157, 0.3525
0.8249, 0.3525
0.8341, 0.3525
0.8433, 0.3525
0.8618, 0.3525
0.8710, 0.3525
0.8802, 0.3525
0.8940, 0.3525
0.9032, 0.3525
0.9078, 0.3525
0.9170, 0.3525
0.9263, 0.3525
0.9355, 0.3525
0.9401, 0.3525
0.9447, 0.3525
0.9493, 0.3525
0.9539, 0.3525
0.9585, 0.3525
0.9677, 0.3525
