0.0000, 0.6224
0.0041, 0.6224
0.0083, 0.6224
0.0124, 0.6224
0.0207, 0.6224
0.0373, 0.6183
0.0581, 0.6100
0.0788, 0.6058
0.0996, 0.5934
0.1203, 0.5892
0.1328, 0.5851
0.1452, 0.5809
0.1577, 0.5768
0.1660, 0.5768
0.1826, 0.5726
0.1950, 0.5643
0.2116, 0.5643
0.2241, 0.5643
0.2448, 0.5643
0.2614, 0.5643
0.2821, 0.5643
0.2946, 0.5602
0.3154, 0.5602
0.3278, 0.5602
0.3361, 0.5602
0.3527, 0.5602
0.3651, 0.5602
0.3817, 0.5685
0.3942, 0.5685
0.4025, 0.5726
0.4232, 0.5768
0.4315, 0.5809
0.4481, 0.5851
0.4606, 0.5892
0.4689, 0.5934
0.4772, 0.6017
0.4938, 0.6058
0.4979, 0.6058
0.5104, 0.6100
0.5228, 0.6141
0.5311, 0.6183
0.5436, 0.6266
0.5560, 0.6307
0.5685, 0.6390
0.5768, 0.6431
0.5892, 0.6431
0.5934, 0.6473
0.5975, 0.6473
0.6058, 0.6473
0.6141, 0.6515
0.6307, 0.6556
0.6431, 0.6556
0.6556, 0.6598
0.6681, 0.6639
0.6805, 0.6639
0.6971, 0.6722
0.7095, 0.6764
0.7178, 0.6805
0.7303, 0.6805
0.7386, 0.6846
0.7510, 0.6846
0.7676, 0.6888
0.7759, 0.6888
0.7842, 0.6888
0.7967, 0.6888
0.8050, 0.6888
0.8091, 0.6888
0.8174, 0.6888
0.8299, 0.6888
0.8423, 0.6888
0.8506, 0.6888
0.8714, 0.6888
0.8880, 0.6888
0.9046, 0.6888
0.9212, 0.6846
0.9378, 0.6805
0.9502, 0.6805
0.9627, 0.6764
0.9710, 0.6764
0.9793, 0.6764
0.9834, 0.6764
0.9876, 0.6681
0.9917, 0.6681
1.0000, 0.6681
1.0000, 0.6639

0.0124, 0.3112
0.0041, 0.3112
0.0166, 0.3112
0.0332, 0.3112
0.0705, 0.3112
0.1079, 0.3112
0.1452, 0.3195
0.1784, 0.3237
0.2075, 0.3319
0.2365, 0.3361
0.2656, 0.3444
0.2821, 0.3527
0.3029, 0.3569
0.3154, 0.3651
0.3319, 0.3693
0.3444, 0.3734
0.3651, 0.3859
0.3734, 0.3900
0.3859, 0.3983
0.4025, 0.4066
0.4149, 0.4191
0.4315, 0.4315
0.4398, 0.4398
0.4481, 0.4564
0.4606, 0.4689
0.4689, 0.4813
0.4730, 0.5021
0.4772, 0.5104
0.4772, 0.5228
0.4813, 0.5311
0.4813, 0.5353
0.4813, 0.5394
0.4813, 0.5311
0.4855, 0.5104
0.4938, 0.4979
0.4979, 0.4855
0.4979, 0.4813
0.5021, 0.4772
0.5021, 0.4730
0.5062, 0.4730
0.5062, 0.4689
0.5104, 0.4689
0.5228, 0.4689
0.5394, 0.4772
0.5477, 0.4813
0.5519, 0.4896
0.5560, 0.4896
0.5643, 0.4938
0.5685, 0.4979
0.5726, 0.4979
0.5768, 0.5021
0.5809, 0.5021
0.5851, 0.5062
0.5892, 0.5104
0.6017, 0.5145
0.6017, 0.5228
0.6058, 0.5228
0.6100, 0.5228
0.6100, 0.5270
0.6100, 0.5187
0.6182, 0.5021
0.6307, 0.4855
0.6349, 0.4772
0.6431, 0.4689
0.6473, 0.4523
0.6556, 0.4440
0.6681, 0.4315
0.6763, 0.4149
0.6846, 0.4066
0.6929, 0.3942
0.7095, 0.3776
0.7178, 0.3693
0.7261, 0.3651
0.7386, 0.3569
0.7469, 0.3485
0.7510, 0.3444
0.7593, 0.3403
0.7676, 0.3361
0.7759, 0.3361
0.7842, 0.3319
0.7967, 0.3278
0.8133, 0.3278
0.8257, 0.3278
0.8382, 0.3278
0.8465, 0.3278
0.8506, 0.3278
0.8589, 0.3278
0.8589, 0.3237
0.8714, 0.3237
0.8755, 0.3237
0.8797, 0.3237
