0.0644, 0.6030
0.0644, 0.5944
0.0687, 0.5901
0.0730, 0.5901
0.0773, 0.5858
0.0815, 0.5815
0.0858, 0.5815
0.0944, 0.5773
0.0987, 0.5773
0.1030, 0.5730
0.1073, 0.5687
0.1159, 0.5687
0.1202, 0.5601
0.1330, 0.5601
0.1416, 0.5558
0.1502, 0.5515
0.1545, 0.5515
0.1674, 0.5472
0.1803, 0.5429
0.1888, 0.5429
0.2017, 0.5429
0.2103, 0.5386
0.2189, 0.5386
0.2275, 0.5386
0.2404, 0.5343
0.2532, 0.5343
0.2618, 0.5343
0.2790, 0.5343
0.2918, 0.5343
0.3090, 0.5343
0.3219, 0.5343
0.3348, 0.5343
0.3519, 0.5343
0.3648, 0.5343
0.3777, 0.5343
0.3906, 0.5343
0.3992, 0.5343
0.4163, 0.5386
0.4292, 0.5386
0.4378, 0.5386
0.4549, 0.5429
0.4635, 0.5472
0.4764, 0.5472
0.4893, 0.5515
0.4979, 0.5515
0.5064, 0.5558
0.5193, 0.5644
0.5279, 0.5644
0.5365, 0.5687
0.5451, 0.5730
0.5537, 0.5773
0.5665, 0.5815
0.5751, 0.5858
0.5837, 0.5901
0.5966, 0.6030
0.6009, 0.6073
0.6095, 0.6116
0.6180, 0.6159
0.6266, 0.6202
0.6352, 0.6245
0.6438, 0.6330
0.6524, 0.6373
0.6652, 0.6373
0.6695, 0.6416
0.6781, 0.6459
0.6867, 0.6502
0.6953, 0.6502
0.6996, 0.6502
0.7039, 0.6545
0.7082, 0.6545
0.7124, 0.6545
0.7167, 0.6545
0.7210, 0.6545
0.7253, 0.6545
0.7339, 0.6545
0.7382, 0.6545
0.7468, 0.6545
0.7511, 0.6545
0.7597, 0.6545
0.7725, 0.6545
0.7811, 0.6545
0.7897, 0.6545
0.8026, 0.6502
0.8112, 0.6459
0.8198, 0.6459
0.8283, 0.6416
0.8455, 0.6416
0.8541, 0.6373
0.8627, 0.6373
0.8755, 0.6288
0.8841, 0.6288
0.8884, 0.6288
0.8970, 0.6288
0.8970, 0.6245
0.9099, 0.6245
0.9142, 0.6245
0.9185, 0.6245
0.9227, 0.6202
0.9270, 0.6202
0.9313, 0.6202
0.9442, 0.6202
0.9485, 0.6202
0.9528, 0.6159
0.9571, 0.6159
0.9614, 0.6116
0.9657, 0.6116
0.9700, 0.6116
0.9786, 0.6116
0.9828, 0.6116
0.9828, 0.6073
0.9871, 0.6073
0.9914, 0.6073
0.9914, 0.6030
0.9957, 0.6030
1.0000, 0.6030
1.0000, 0.5944
0.9914, 0.5901

0.0000, 0.3541
0.0000, 0.3584
0.0043, 0.3584
0.0129, 0.3627
0.0258, 0.3627
0.0386, 0.3627
0.0515, 0.3670
0.0815, 0.3670
0.1030, 0.3670
0.1245, 0.3670
0.1545, 0.3670
0.1760, 0.3670
0.1888, 0.3670
0.2103, 0.3670
0.2189, 0.3670
0.2275, 0.3670
0.2404, 0.3670
0.2532, 0.3670
0.2618, 0.3670
0.2747, 0.3670
0.2876, 0.3670
0.3004, 0.3712
0.3176, 0.3712
0.3305, 0.3798
0.3476, 0.3798
0.3605, 0.3841
0.3734, 0.3884
0.3906, 0.3927
0.4077, 0.3970
0.4249, 0.4013
0.4378, 0.4056
0.4507, 0.4185
0.4635, 0.4270
0.4678, 0.4313
0.4764, 0.4399
0.4807, 0.4528
0.4893, 0.4614
0.4936, 0.4699
0.4936, 0.4742
0.4979, 0.4828
0.4979, 0.4871
0.4979, 0.4914
0.4979, 0.4957
0.5021, 0.4957
0.5064, 0.4957
0.5150, 0.4957
0.5236, 0.4871
0.5279, 0.4785
0.5322, 0.4699
0.5365, 0.4657
0.5408, 0.4657
0.5408, 0.4614
0.5451, 0.4614
0.5451, 0.4571
0.5494, 0.4571
0.5579, 0.4571
0.5622, 0.4528
0.5708, 0.4528
0.5751, 0.4528
0.5923, 0.4528
0.6009, 0.4528
0.6137, 0.4528
0.6223, 0.4528
0.6352, 0.4528
0.6438, 0.4442
0.6524, 0.4442
0.6695, 0.4442
0.6781, 0.4442
0.6824, 0.4442
0.6867, 0.4442
0.6910, 0.4442
0.6996, 0.4485
0.7039, 0.4528
0.7039, 0.4571
0.7082, 0.4614
0.7082, 0.4699
0.7082, 0.4742
0.7082, 0.4828
0.7082, 0.4871
0.7082, 0.4914
0.7082, 0.4957
0.7039, 0.5000
0.6953, 0.5000
0.6910, 0.5000
0.6910, 0.5043
0.6867, 0.5043
0.6824, 0.5043
0.6824, 0.5086
0.6781, 0.5086
0.6781, 0.5129
0.6867, 0.5129
0.6996, 0.5086
0.7082, 0.5000
0.7210, 0.4785
0.7339, 0.4657
0.7425, 0.4571
0.7511, 0.4399
0.7554, 0.4313
0.7640, 0.4227
0.7768, 0.4099
0.7854, 0.4013
0.7940, 0.3927
0.7983, 0.3884
0.8112, 0.3841
0.8155, 0.3755
0.8240, 0.3712
0.8240, 0.3670
0.8326, 0.3627
0.8412, 0.3584
0.8455, 0.3584
0.8541, 0.3541
0.8584, 0.3498
0.8627, 0.3498
0.8670, 0.3498
0.8755, 0.3498
0.8798, 0.3455
0.8841, 0.3455
0.8884, 0.3455
0.8970, 0.3455
0.9056, 0.3455
0.9185, 0.3455
0.9270, 0.3455
0.9313, 0.3455
0.9399, 0.3455
0.9528, 0.3455
0.9614, 0.3455
0.9657, 0.3455
0.9700, 0.3455
0.9743, 0.3455
0.9828, 0.3455
