0.0190, 0.7725
0.0237, 0.7725
0.0332, 0.7583
0.0474, 0.7536
0.0569, 0.7441
0.0711, 0.7393
0.0900, 0.7299
0.1043, 0.7204
0.1280, 0.7156
0.1516, 0.7109
0.1848, 0.7062
0.2227, 0.7014
0.2559, 0.6967
0.2891, 0.6919
0.3175, 0.6919
0.3412, 0.6919
0.3602, 0.6919
0.3791, 0.6919
0.3934, 0.6919
0.4076, 0.6919
0.4171, 0.6919
0.4313, 0.6919
0.4408, 0.6919
0.4550, 0.6919
0.4739, 0.6919
0.4834, 0.6919
0.4929, 0.6919
0.5024, 0.6919
0.5213, 0.6967
0.5355, 0.7014
0.5498, 0.7062
0.5592, 0.7062
0.5735, 0.7109
0.5877, 0.7156
0.6019, 0.7156
0.6114, 0.7251
0.6256, 0.7251
0.6351, 0.7299
0.6445, 0.7299
0.6588, 0.7299
0.6730, 0.7346
0.6872, 0.7346
0.7109, 0.7393
0.7298, 0.7393
0.7630, 0.7393
0.7915, 0.7393
0.8246, 0.7393
0.8483, 0.7393
0.9052, 0.7393
0.9289, 0.7441
0.9479, 0.7441
0.9621, 0.7441
0.9716, 0.7488
0.9858, 0.7488
0.9953, 0.7488
1.0000, 0.7536
0.9905, 0.7536
0.9858, 0.7536

0.0000, 0.3081
0.0047, 0.2986
0.0190, 0.2796
0.0332, 0.2701
0.0569, 0.2607
0.0758, 0.2512
0.1043, 0.2464
0.1422, 0.2464
0.1753, 0.2464
0.2133, 0.2607
0.2417, 0.2654
0.2559, 0.2749
0.2701, 0.2796
0.2843, 0.2938
0.3033, 0.3033
0.3223, 0.3175
0.3412, 0.3365
0.3602, 0.3507
0.3697, 0.3744
0.3791, 0.3934
0.3886, 0.4171
0.4028, 0.4502
0.4076, 0.4739
0.4123, 0.4929
0.4123, 0.5024
0.4171, 0.5119
0.4171, 0.5213
0.4171, 0.5308
0.4218, 0.5403
0.4218, 0.5450
0.4218, 0.5545
0.4218, 0.5592
0.4265, 0.5735
0.4265, 0.5782
0.4265, 0.5829
0.4265, 0.5877
0.4265, 0.5924
0.4265, 0.5972
0.4265, 0.6066
0.4360, 0.6019
0.4408, 0.5924
0.4455, 0.5829
0.4502, 0.5735
0.4550, 0.5640
0.4597, 0.5545
0.4645, 0.5498
0.4645, 0.5450
0.4692, 0.5356
0.4787, 0.5356
0.4787, 0.5261
0.4834, 0.5213
0.4834, 0.5166
0.4882, 0.5166
0.4882, 0.5119
0.4929, 0.5119
0.4929, 0.5071
0.4976, 0.5071
0.5024, 0.5071
0.5071, 0.5071
0.5213, 0.5071
0.5308, 0.5071
0.5403, 0.5071
0.5545, 0.5119
0.5640, 0.5166
0.5687, 0.5166
0.5782, 0.5213
0.5829, 0.5308
0.5972, 0.5308
0.5972, 0.5356
0.6066, 0.5403
0.6114, 0.5403
0.6114, 0.5450
0.6161, 0.5498
0.6208, 0.5498
0.6208, 0.5545
0.6208, 0.5592
0.6208, 0.5687
0.6208, 0.5735
0.6208, 0.5782
0.6208, 0.5829
0.6208, 0.5877
0.6256, 0.5829
0.6351, 0.5640
0.6351, 0.5498
0.6398, 0.5403
0.6445, 0.5213
0.6493, 0.5071
0.6540, 0.4929
0.6540, 0.4787
0.6588, 0.4645
0.6588, 0.4550
0.6635, 0.4455
0.6730, 0.4360
0.6730, 0.4265
0.6825, 0.4171
0.6825, 0.4029
0.6872, 0.3981
0.6919, 0.3934
0.6967, 0.3839
0.7014, 0.3792
0.7109, 0.3649
0.7156, 0.3602
0.7204, 0.3555
0.7251, 0.3460
0.7346, 0.3365
0.7393, 0.3270
0.7488, 0.3175
0.7583, 0.3128
0.7630, 0.3033
0.7678, 0.2986
0.7772, 0.2844
0.7820, 0.2796
0.7915, 0.2749
0.7962, 0.2701
0.8009, 0.2654
0.8057, 0.2607
0.8104, 0.2512
0.8152, 0.2512
0.8199, 0.2464
0.8294, 0.2464
0.8341, 0.2417
0.8389, 0.2417
0.8436, 0.2370
0.8483, 0.2370
0.8483, 0.2322
0.8531, 0.2322
0.8578, 0.2322
0.8578, 0.2275
0.8673, 0.2275
0.8720, 0.2275
0.8768, 0.2275
0.8815, 0.2275
0.8863, 0.2275
0.8910, 0.2322
0.8910, 0.2370
0.8957, 0.2370
0.8957, 0.2417
0.8957, 0.2464
0.8957, 0.2559
