0.0212, 0.7222
0.0265, 0.7116
0.0476, 0.7011
0.0635, 0.6799
0.0794, 0.6640
0.0952, 0.6587
0.1111, 0.6534
0.1164, 0.6376
0.1217, 0.6376
0.1270, 0.6376
0.1376, 0.6323
0.1429, 0.6323
0.1481, 0.6270
0.1534, 0.6270
0.1587, 0.6270
0.1693, 0.6270
0.1799, 0.6217
0.1905, 0.6217
0.1958, 0.6217
0.2010, 0.6217
0.2116, 0.6217
0.2222, 0.6217
0.2275, 0.6217
0.2381, 0.6217
0.2434, 0.6217
0.2540, 0.6217
0.2698, 0.6217
0.2804, 0.6217
0.2857, 0.6217
0.2963, 0.6270
0.3122, 0.6270
0.3227, 0.6270
0.3333, 0.6376
0.3439, 0.6376
0.3598, 0.6376
0.3704, 0.6534
0.3862, 0.6534
0.4074, 0.6587
0.4180, 0.6640
0.4286, 0.6640
0.4444, 0.6693
0.4603, 0.6746
0.4709, 0.6746
0.4868, 0.6799
0.4921, 0.6799
0.5026, 0.6905
0.5132, 0.6905
0.5291, 0.6958
0.5397, 0.6958
0.5503, 0.7063
0.5608, 0.7063
0.5767, 0.7116
0.5873, 0.7169
0.5926, 0.7169
0.5979, 0.7222
0.6032, 0.7222
0.6138, 0.7328
0.6190, 0.7328
0.6243, 0.7381
0.6296, 0.7381
0.6349, 0.7381
0.6402, 0.7434
0.6455, 0.7434
0.6508, 0.7434
0.6614, 0.7434
0.6667, 0.7434
0.6719, 0.7487
0.6772, 0.7487
0.6825, 0.7487
0.6878, 0.7487
0.6931, 0.7540
0.7090, 0.7540
0.7143, 0.7540
0.7196, 0.7540
0.7249, 0.7540
0.7354, 0.7540
0.7460, 0.7540
0.7513, 0.7540
0.7566, 0.7540
0.7672, 0.7540
0.7778, 0.7540
0.7936, 0.7540
0.8042, 0.7540
0.8095, 0.7540
0.8254, 0.7540
0.8413, 0.7540
0.8518, 0.7540
0.8677, 0.7540
0.8889, 0.7540
0.9048, 0.7540
0.9206, 0.7487
0.9312, 0.7487
0.9418, 0.7487
0.9524, 0.7434
0.9682, 0.7434
0.9735, 0.7434
0.9788, 0.7434
0.9841, 0.7434
0.9841, 0.7381
0.9894, 0.7381
0.9894, 0.7275

0.0000, 0.2513
0.0000, 0.2460
0.0159, 0.2460
0.0317, 0.2460
0.0476, 0.2513
0.0846, 0.2566
0.1217, 0.2672
0.1534, 0.2778
0.1799, 0.2831
0.2116, 0.2937
0.2328, 0.2990
0.2540, 0.3095
0.2751, 0.3201
0.2910, 0.3254
0.3069, 0.3307
0.3280, 0.3413
0.3386, 0.3466
0.3545, 0.3518
0.3704, 0.3677
0.3757, 0.3730
0.3915, 0.3836
0.3968, 0.3889
0.4127, 0.4048
0.4233, 0.4154
0.4286, 0.4259
0.4338, 0.4365
0.4497, 0.4524
0.4497, 0.4682
0.4603, 0.4788
0.4603, 0.4947
0.4656, 0.5053
0.4709, 0.5159
0.4709, 0.5265
0.4709, 0.5370
0.4762, 0.5423
0.4762, 0.5529
0.4815, 0.5529
0.4815, 0.5635
0.4815, 0.5688
0.4815, 0.5741
0.4868, 0.5635
0.4974, 0.5582
0.4974, 0.5529
0.5026, 0.5476
0.5079, 0.5423
0.5132, 0.5318
0.5185, 0.5318
0.5238, 0.5318
0.5450, 0.5370
0.5555, 0.5423
0.5661, 0.5423
0.5714, 0.5476
0.5820, 0.5529
0.5873, 0.5582
0.5926, 0.5582
0.5979, 0.5635
0.6032, 0.5635
0.6085, 0.5688
0.6085, 0.5741
0.6138, 0.5741
0.6243, 0.5847
0.6296, 0.5847
0.6349, 0.5847
0.6349, 0.5899
0.6402, 0.5688
0.6455, 0.5582
0.6508, 0.5476
0.6508, 0.5265
0.6561, 0.5159
0.6561, 0.5053
0.6614, 0.5000
0.6719, 0.4841
0.6719, 0.4788
0.6772, 0.4735
0.6825, 0.4630
0.6825, 0.4577
0.6878, 0.4471
0.6931, 0.4365
0.6984, 0.4312
0.7037, 0.4259
0.7143, 0.4154
0.7196, 0.4101
0.7249, 0.3995
0.7302, 0.3889
0.7354, 0.3836
0.7407, 0.3783
0.7460, 0.3730
0.7566, 0.3677
0.7672, 0.3571
0.7725, 0.3518
0.7778, 0.3518
0.7884, 0.3466
0.8042, 0.3413
0.8201, 0.3360
0.8307, 0.3360
0.8518, 0.3307
0.8677, 0.3307
0.8889, 0.3254
0.9048, 0.3254
0.9153, 0.3148
0.9312, 0.3148
0.9418, 0.3148
0.9471, 0.3148
0.9577, 0.3148
0.9630, 0.3148
0.9682, 0.3148
0.9788, 0.3148
0.9841, 0.3201
0.9894, 0.3201
0.9947, 0.3201
0.9947, 0.3254
0.9947, 0.3307
1.0000, 0.3360
1.0000, 0.3413
