0.1315, 0.7019
0.1315, 0.6972
0.1268, 0.6878
0.1268, 0.6784
0.1268, 0.6690
0.1268, 0.6596
0.1268, 0.6549
0.1268, 0.6455
0.1268, 0.6408
0.1268, 0.6315
0.1315, 0.6268
0.1362, 0.6221
0.1409, 0.6174
0.1502, 0.6127
0.1549, 0.6127
0.1596, 0.6080
0.1596, 0.6033
0.1643, 0.6033
0.1690, 0.6033
0.1737, 0.5986
0.1784, 0.5892
0.1878, 0.5892
0.2019, 0.5845
0.2160, 0.5798
0.2347, 0.5798
0.2488, 0.5751
0.2676, 0.5751
0.2864, 0.5704
0.3052, 0.5704
0.3239, 0.5704
0.3474, 0.5704
0.3615, 0.5704
0.3803, 0.5704
0.3944, 0.5704
0.4085, 0.5704
0.4272, 0.5751
0.4460, 0.5751
0.4648, 0.5798
0.4836, 0.5845
0.5024, 0.5939
0.5164, 0.5986
0.5352, 0.5986
0.5446, 0.6033
0.5587, 0.6080
0.5728, 0.6127
0.5869, 0.6174
0.6009, 0.6268
0.6197, 0.6362
0.6291, 0.6408
0.6385, 0.6455
0.6573, 0.6549
0.6667, 0.6596
0.6761, 0.6643
0.6948, 0.6737
0.7042, 0.6784
0.7183, 0.6831
0.7371, 0.6878
0.7465, 0.6972
0.7700, 0.7019
0.7840, 0.7113
0.7981, 0.7160
0.8122, 0.7160
0.8216, 0.7207
0.8263, 0.7207
0.8357, 0.7253
0.8498, 0.7253
0.8592, 0.7253
0.8685, 0.7253
0.8732, 0.7253
0.8826, 0.7253
0.8873, 0.7253
0.8920, 0.7253
0.9014, 0.7253
0.9061, 0.7253
0.9108, 0.7253
0.9155, 0.7253
0.9249, 0.7253
0.9296, 0.7207
0.9343, 0.7160
0.9437, 0.7066
0.9483, 0.7019
0.9624, 0.7019
0.9671, 0.6925
0.9765, 0.6925
0.9812, 0.6878
0.9906, 0.6831
0.9906, 0.6784

0.0000, 0.2840
0.0047, 0.2840
0.0094, 0.2840
0.0141, 0.2840
0.0235, 0.2840
0.0423, 0.2793
0.0563, 0.2793
0.0798, 0.2793
0.1080, 0.2747
0.1221, 0.2747
0.1409, 0.2747
0.1596, 0.2747
0.1737, 0.2747
0.1925, 0.2747
0.2113, 0.2747
0.2300, 0.2747
0.2582, 0.2747
0.2723, 0.2747
0.2958, 0.2747
0.3146, 0.2747
0.3333, 0.2793
0.3474, 0.2793
0.3568, 0.2840
0.3709, 0.2840
0.3803, 0.2887
0.3850, 0.2887
0.3944, 0.2887
0.3991, 0.2887
0.4179, 0.2934
0.4272, 0.2981
0.4413, 0.3075
0.4648, 0.3216
0.4789, 0.3310
0.4977, 0.3451
0.5117, 0.3545
0.5305, 0.3685
0.5399, 0.3920
0.5540, 0.4108
0.5634, 0.4343
0.5681, 0.4437
0.5728, 0.4483
0.5775, 0.4437
0.5822, 0.4343
0.5869, 0.4296
0.5915, 0.4249
0.5915, 0.4155
0.5962, 0.4108
0.6056, 0.4061
0.6103, 0.4014
0.6103, 0.3967
0.6150, 0.3920
0.6197, 0.3920
0.6244, 0.3920
0.6338, 0.3920
0.6526, 0.3920
0.6620, 0.3967
0.6808, 0.4061
0.6901, 0.4202
0.6995, 0.4249
0.7042, 0.4343
0.7089, 0.4390
0.7089, 0.4437
0.7183, 0.4483
0.7183, 0.4530
0.7230, 0.4483
0.7277, 0.4390
0.7324, 0.4249
0.7371, 0.4155
0.7418, 0.4061
0.7512, 0.3920
0.7606, 0.3779
0.7700, 0.3638
0.7840, 0.3498
0.7887, 0.3357
0.8028, 0.3310
0.8122, 0.3216
0.8169, 0.3169
0.8263, 0.3122
0.8404, 0.3028
0.8498, 0.2981
0.8545, 0.2934
0.8685, 0.2934
0.8873, 0.2887
0.9014, 0.2887
0.9155, 0.2840
0.9249, 0.2840
0.9343, 0.2840
0.9437, 0.2793
0.9577, 0.2793
0.9624, 0.2793
0.9671, 0.2747
0.9765, 0.2747
0.9812, 0.2747
0.9906, 0.2747
0.9953, 0.2747
1.0000, 0.2747
1.0000, 0.2793
