0.0000, 0.7266
0.0000, 0.7220
0.0000, 0.7173
0.0047, 0.7126
0.0187, 0.6986
0.0327, 0.6846
0.0514, 0.6752
0.0654, 0.6659
0.0748, 0.6612
0.0888, 0.6472
0.0981, 0.6425
0.1028, 0.6379
0.1122, 0.6332
0.1262, 0.6285
0.1355, 0.6238
0.1449, 0.6238
0.1589, 0.6192
0.1682, 0.6145
0.1776, 0.6051
0.1916, 0.6051
0.2056, 0.6005
0.2196, 0.6005
0.2290, 0.5958
0.2430, 0.5958
0.2523, 0.5958
0.2617, 0.5958
0.2757, 0.5911
0.2851, 0.5911
0.2944, 0.5911
0.3131, 0.5911
0.3271, 0.5911
0.3364, 0.5911
0.3551, 0.5911
0.3645, 0.5911
0.3738, 0.5911
0.3832, 0.5911
0.3972, 0.5911
0.4065, 0.5911
0.4112, 0.5958
0.4206, 0.5958
0.4299, 0.5958
0.4392, 0.5958
0.4439, 0.6005
0.4533, 0.6098
0.4673, 0.6098
0.4766, 0.6098
0.4860, 0.6145
0.4953, 0.6192
0.5093, 0.6192
0.5140, 0.6238
0.5234, 0.6285
0.5327, 0.6285
0.5514, 0.6332
0.5607, 0.6379
0.5748, 0.6379
0.5841, 0.6425
0.5935, 0.6519
0.6028, 0.6519
0.6075, 0.6565
0.6215, 0.6612
0.6308, 0.6612
0.6402, 0.6659
0.6495, 0.6706
0.6542, 0.6706
0.6682, 0.6752
0.6776, 0.6799
0.6869, 0.6799
0.7009, 0.6892
0.7056, 0.6892
0.7149, 0.6939
0.7243, 0.6939
0.7383, 0.6986
0.7430, 0.6986
0.7477, 0.7033
0.7570, 0.7033
0.7664, 0.7079
0.7804, 0.7079
0.7897, 0.7079
0.7944, 0.7079
0.8037, 0.7126
0.8177, 0.7126
0.8271, 0.7126
0.8318, 0.7126
0.8364, 0.7126
0.8458, 0.7126
0.8551, 0.7126
0.8598, 0.7126
0.8692, 0.7126
0.8738, 0.7126
0.8785, 0.7126
0.8832, 0.7126
0.8972, 0.7126
0.9065, 0.7126
0.9159, 0.7079
0.9299, 0.7033
0.9346, 0.7033
0.9439, 0.6986
0.9533, 0.6939
0.9579, 0.6939
0.9626, 0.6846
0.9720, 0.6846
0.9766, 0.6799
0.9813, 0.6799
0.9860, 0.6799
0.9860, 0.6752
0.9906, 0.6752
0.9906, 0.6706
0.9953, 0.6706
1.0000, 0.6706
1.0000, 0.6659
0.9953, 0.6612

0.0327, 0.2734
0.0514, 0.2734
0.0701, 0.2780
0.0935, 0.2827
0.1122, 0.2827
0.1308, 0.2874
0.1449, 0.2874
0.1542, 0.2921
0.1729, 0.2921
0.1869, 0.2967
0.2056, 0.2967
0.2196, 0.3014
0.2383, 0.3061
0.2523, 0.3107
0.2617, 0.3201
0.2804, 0.3248
0.2897, 0.3294
0.3037, 0.3388
0.3178, 0.3481
0.3271, 0.3621
0.3411, 0.3762
0.3598, 0.3995
0.3645, 0.4136
0.3738, 0.4369
0.3832, 0.4556
0.3972, 0.4650
0.4019, 0.4790
0.4065, 0.4836
0.4112, 0.4883
0.4159, 0.4930
0.4206, 0.4977
0.4206, 0.5023
0.4252, 0.5023
0.4346, 0.5023
0.4392, 0.5023
0.4439, 0.4930
0.4486, 0.4883
0.4533, 0.4790
0.4579, 0.4696
0.4626, 0.4696
0.4626, 0.4650
0.4720, 0.4650
0.4766, 0.4650
0.4813, 0.4650
0.4907, 0.4603
0.5000, 0.4603
0.5187, 0.4603
0.5280, 0.4603
0.5374, 0.4603
0.5561, 0.4603
0.5654, 0.4603
0.5748, 0.4603
0.5888, 0.4603
0.5981, 0.4603
0.6075, 0.4650
0.6168, 0.4743
0.6308, 0.4790
0.6308, 0.4836
0.6355, 0.4883
0.6402, 0.4883
0.6402, 0.4930
0.6402, 0.4977
0.6402, 0.5023
0.6402, 0.5117
0.6448, 0.5117
0.6542, 0.5023
0.6682, 0.4883
0.6776, 0.4790
0.6822, 0.4603
0.6916, 0.4463
0.7056, 0.4229
0.7149, 0.4136
0.7196, 0.4042
0.7290, 0.3902
0.7430, 0.3762
0.7523, 0.3668
0.7664, 0.3481
0.7804, 0.3435
0.7850, 0.3388
0.7897, 0.3341
0.7944, 0.3341
0.8037, 0.3294
0.8084, 0.3248
0.8224, 0.3248
0.8318, 0.3154
0.8411, 0.3107
0.8458, 0.3107
0.8551, 0.3107
0.8598, 0.3061
0.8645, 0.3061
0.8692, 0.3061
0.8738, 0.3014
0.8785, 0.3014
0.8832, 0.3014
0.8878, 0.3014
0.8972, 0.3014
0.9019, 0.3014
0.9065, 0.3014
0.9112, 0.3014
0.9159, 0.3014
0.9205, 0.3014
0.9252, 0.3014
