0.0763, 0.7034
0.0763, 0.6992
0.0763, 0.6864
0.0805, 0.6695
0.0890, 0.6652
0.0932, 0.6568
0.0975, 0.6525
0.1059, 0.6441
0.1102, 0.6356
0.1186, 0.6314
0.1398, 0.6271
0.1695, 0.6229
0.2203, 0.6186
0.2585, 0.6186
0.2966, 0.6186
0.3263, 0.6186
0.3517, 0.6186
0.3686, 0.6271
0.3941, 0.6314
0.4068, 0.6356
0.4280, 0.6398
0.4449, 0.6525
0.4661, 0.6610
0.4788, 0.6610
0.5000, 0.6695
0.5127, 0.6695
0.5297, 0.6822
0.5381, 0.6822
0.5466, 0.6864
0.5551, 0.6907
0.5635, 0.6907
0.5720, 0.6907
0.5805, 0.6907
0.5890, 0.6907
0.6059, 0.6949
0.6186, 0.6949
0.6314, 0.6949
0.6441, 0.6949
0.6525, 0.6949
0.6652, 0.6949
0.6695, 0.6949
0.6780, 0.6949
0.6822, 0.6949
0.6864, 0.6949
0.6907, 0.6949
0.7034, 0.6949
0.7161, 0.6780
0.7288, 0.6610
0.7500, 0.6398
0.7585, 0.6229
0.7712, 0.6059
0.7797, 0.5932
0.7881, 0.5763
0.7924, 0.5636
0.8051, 0.5551
0.8051, 0.5424
0.8093, 0.5424
0.8135, 0.5424
0.8263, 0.5424
0.8432, 0.5508
0.8602, 0.5551
0.8814, 0.5636
0.8983, 0.5678
0.9195, 0.5805
0.9280, 0.5848
0.9449, 0.5890
0.9534, 0.5890
0.9619, 0.5932
0.9661, 0.5932
0.9703, 0.5932
0.9830, 0.5975
0.9873, 0.5975
0.9915, 0.5975
0.9958, 0.5975
0.9958, 0.6017
1.0000, 0.6017

0.0000, 0.3136
0.0042, 0.3136
0.0254, 0.3136
0.0424, 0.3136
0.0720, 0.3136
0.1017, 0.3136
0.1356, 0.3136
0.1652, 0.3178
0.1822, 0.3220
0.2119, 0.3263
0.2373, 0.3348
0.2669, 0.3390
0.2924, 0.3475
0.3178, 0.3602
0.3390, 0.3644
0.3644, 0.3729
0.3814, 0.3814
0.4025, 0.3941
0.4152, 0.4025
0.4322, 0.4110
0.4449, 0.4237
0.4534, 0.4322
0.4576, 0.4407
0.4703, 0.4534
0.4788, 0.4703
0.4831, 0.4788
0.4873, 0.4958
0.4873, 0.5127
0.4915, 0.5297
0.4915, 0.5381
0.5000, 0.5466
0.5000, 0.5508
0.5000, 0.5551
0.5000, 0.5636
0.5042, 0.5508
0.5085, 0.5381
0.5169, 0.5169
0.5212, 0.5085
0.5297, 0.4915
0.5381, 0.4831
0.5424, 0.4788
0.5424, 0.4703
0.5466, 0.4661
0.5508, 0.4576
0.5551, 0.4534
0.5551, 0.4492
0.5593, 0.4492
0.5635, 0.4492
0.5763, 0.4492
0.5932, 0.4492
0.6059, 0.4492
0.6144, 0.4492
0.6229, 0.4534
0.6314, 0.4619
0.6398, 0.4661
0.6441, 0.4703
0.6483, 0.4788
0.6483, 0.4831
0.6483, 0.4958
0.6483, 0.5000
0.6525, 0.5042
0.6525, 0.5085
0.6525, 0.5127
0.6525, 0.5085
0.6610, 0.4915
0.6695, 0.4788
0.6780, 0.4703
0.6864, 0.4534
0.6949, 0.4449
0.7034, 0.4364
0.7119, 0.4280
0.7203, 0.4153
0.7246, 0.4110
0.7331, 0.4068
0.7500, 0.3983
0.7585, 0.3856
0.7712, 0.3771
0.7881, 0.3644
0.8008, 0.3517
0.8178, 0.3390
0.8347, 0.3305
0.8517, 0.3220
0.8644, 0.3093
0.8729, 0.3009
0.8771, 0.2966
0.8856, 0.2966
0.8898, 0.2966
0.8941, 0.2966
0.8983, 0.2966
0.8983, 0.3009
0.8983, 0.3051
0.8983, 0.3093
0.8983, 0.3178
