0.0000, 0.7378
0.0108, 0.7378
0.0216, 0.7378
0.0378, 0.7216
0.0594, 0.7054
0.0757, 0.6946
0.0865, 0.6892
0.1081, 0.6730
0.1135, 0.6676
0.1243, 0.6676
0.1297, 0.6622
0.1351, 0.6568
0.1459, 0.6568
0.1513, 0.6568
0.1622, 0.6513
0.1676, 0.6513
0.1730, 0.6460
0.1784, 0.6460
0.1892, 0.6351
0.2000, 0.6351
0.2054, 0.6351
0.2162, 0.6351
0.2216, 0.6297
0.2324, 0.6297
0.2432, 0.6297
0.2486, 0.6297
0.2595, 0.6297
0.2757, 0.6297
0.2811, 0.6297
0.2919, 0.6297
0.3027, 0.6297
0.3135, 0.6297
0.3243, 0.6297
0.3351, 0.6297
0.3459, 0.6405
0.3567, 0.6405
0.3676, 0.6460
0.3730, 0.6460
0.3838, 0.6513
0.3946, 0.6513
0.4162, 0.6568
0.4270, 0.6622
0.4432, 0.6676
0.4649, 0.6730
0.4811, 0.6838
0.5081, 0.6892
0.5189, 0.6946
0.5351, 0.6946
0.5568, 0.7000
0.5676, 0.7000
0.5946, 0.7054
0.6108, 0.7054
0.6324, 0.7054
0.6486, 0.7054
0.6649, 0.7054
0.6811, 0.7054
0.6865, 0.7054
0.6919, 0.7054
0.6973, 0.7054
0.7027, 0.7054
0.7081, 0.7054
0.7135, 0.7054
0.7243, 0.7054
0.7351, 0.7054
0.7405, 0.7054
0.7459, 0.7054
0.7459, 0.7000

0.0486, 0.3432
0.0432, 0.3432
0.0432, 0.3378
0.0378, 0.3378
0.0486, 0.3378
0.0865, 0.3378
0.1243, 0.3378
0.1622, 0.3378
0.2162, 0.3487
0.2486, 0.3649
0.2703, 0.3703
0.2919, 0.3811
0.3081, 0.3865
0.3243, 0.3973
0.3405, 0.4135
0.3513, 0.4189
0.3622, 0.4297
0.3676, 0.4351
0.3838, 0.4514
0.3892, 0.4622
0.3946, 0.4676
0.4000, 0.4838
0.4054, 0.5000
0.4054, 0.5108
0.4108, 0.5216
0.4216, 0.5324
0.4216, 0.5487
0.4270, 0.5649
0.4270, 0.5703
0.4270, 0.5757
0.4270, 0.5865
0.4270, 0.5811
0.4270, 0.5703
0.4270, 0.5540
0.4270, 0.5378
0.4270, 0.5270
0.4270, 0.5162
0.4270, 0.5108
0.4324, 0.4946
0.4324, 0.4892
0.4378, 0.4838
0.4432, 0.4730
0.4486, 0.4676
0.4540, 0.4622
0.4649, 0.4622
0.4703, 0.4622
0.4757, 0.4622
0.4865, 0.4622
0.4973, 0.4676
0.5135, 0.4730
0.5189, 0.4784
0.5297, 0.4838
0.5351, 0.5000
0.5405, 0.5054
0.5459, 0.5108
0.5568, 0.5162
0.5622, 0.5216
0.5676, 0.5270
0.5676, 0.5324
0.5730, 0.5432
0.5730, 0.5487
0.5784, 0.5378
0.5892, 0.5216
0.6054, 0.5054
0.6162, 0.4838
0.6270, 0.4676
0.6432, 0.4460
0.6541, 0.4297
0.6649, 0.4189
0.6757, 0.3973
0.6973, 0.3865
0.7081, 0.3757
0.7243, 0.3595
0.7459, 0.3487
0.7621, 0.3324
0.7838, 0.3162
0.8000, 0.3054
0.8216, 0.3000
0.8378, 0.2946
0.8486, 0.2892
0.8703, 0.2838
0.8865, 0.2784
0.9027, 0.2676
0.9189, 0.2676
0.9297, 0.2676
0.9351, 0.2622
0.9459, 0.2622
0.9567, 0.2622
0.9622, 0.2622
0.9676, 0.2622
0.9730, 0.2622
0.9784, 0.2622
0.9838, 0.2622
0.9892, 0.2622
1.0000, 0.2622
