0.1942, 0.1973
0.1942, 0.1973
0.1942, 0.1973
0.1942, 0.1973
0.1942, 0.1973
0.1942, 0.1973
0.1942, 0.1973
0.1942, 0.1973
0.1942, 0.1973
0.1942, 0.1973
0.1942, 0.1973
0.1942, 0.1973
0.1942, 0.1973
0.1942, 0.1973
0.1942, 0.1973
0.1942, 0.1973
0.1942, 0.1973
0.1942, 0.1973
0.1942, 0.1973
0.1942, 0.1973
0.1942, 0.1973
0.1942, 0.1973
0.1942, 0.1973
0.1942, 0.1973
0.1942, 0.1973
0.1942, 0.1973
0.1942, 0.1973
0.1942, 0.1973
0.1942, 0.1973
0.1942, 0.1973
0.1942, 0.1973
0.1942, 0.1973
0.1942, 0.1973
0.1942, 0.1973
0.1942, 0.1973
0.1942, 0.1973
0.1942, 0.1973
0.1942, 0.1973
0.1942, 0.1973
0.1942, 0.1973
0.1942, 0.1973
0.1942, 0.1973
0.1942, 0.1973
0.1942, 0.1973
0.1942, 0.1973
0.1942, 0.1973
0.1942, 0.1973
0.1942, 0.1973
0.1942, 0.1973
0.1942, 0.1973
0.1942, 0.1973
0.1942, 0.1973
0.1942, 0.1973
0.1942, 0.1973
0.1942, 0.1973
0.1942, 0.1973
0.1942, 0.1973
0.1942, 0.1973
0.1942, 0.1973
0.1942, 0.1973
0.1942, 0.1973
0.1942, 0.1973
0.1942, 0.1973
0.1942, 0.1973
0.1942, 0.1973
0.1942, 0.1973
0.1942, 0.1973
0.1942, 0.1973
0.1942, 0.1973
0.1942, 0.1973
0.1942, 0.1973
0.1942, 0.1973
0.1942, 0.1973
0.1942, 0.1973
0.1942, 0.1973
0.1942, 0.1973
0.1942, 0.1973
0.1942, 0.1973
0.1942, 0.1973
0.1942, 0.1973
0.1942, 0.1973
0.1942, 0.1973
0.1942, 0.1973
0.1942, 0.1973
0.1942, 0.1973
0.1942, 0.1973
0.1942, 0.1973
0.1942, 0.1973
0.1942, 0.1973
0.1942, 0.1973
0.1942, 0.1973
0.1942, 0.1973
0.1942, 0.1973
0.1942, 0.1973
0.1942, 0.1973
0.1942, 0.1973
0.1942, 0.1973
0.1942, 0.1973
0.1942, 0.1973
0.1942, 0.1973
0.1942, 0.1973
0.1942, 0.1973
0.1942, 0.1973
0.1942, 0.1973
0.1942, 0.1973
0.1942, 0.1973
0.1942, 0.1973
0.1942, 0.1973
0.1942, 0.1973
0.1942, 0.1973
0.1942, 0.1973
0.1942, 0.1973
0.1942, 0.1973
0.1942, 0.1973
0.1942, 0.1973
0.1942, 0.1973
0.1942, 0.1973
0.1942, 0.1973
0.1942, 0.1973
0.1942, 0.1973
0.1942, 0.1973
0.1942, 0.1973
0.1942, 0.1973
0.1942, 0.1973
0.1942, 0.1973
0.1942, 0.1973
0.1942, 0.1973
0.1942, 0.1973
0.1942, 0.1973
0.1942, 0.1973
0.1942, 0.1973
0.1993, 0.1973
0.1993, 0.1973
0.1993, 0.1973
0.1993, 0.1973
0.1993, 0.1946
0.1993, 0.1946
0.1993, 0.1946
0.1993, 0.1946
0.1993, 0.1946
0.1993, 0.1946
0.1993, 0.1946
0.1993, 0.1946
0.1993, 0.1946
0.1993, 0.1946
0.1993, 0.1946
0.1993, 0.1946
0.1993, 0.1946
0.1993, 0.1946
0.1993, 0.1946
0.1993, 0.1946
0.1993, 0.1946
0.1993, 0.1946
0.2043, 0.1919
0.2043, 0.1919
0.2043, 0.1919
0.2043, 0.1919
0.2043, 0.1919
0.2043, 0.1919
0.2043, 0.1919
0.2043, 0.1919
0.2043, 0.1919
0.2043, 0.1919
0.2043, 0.1919
0.2043, 0.1919
0.2043, 0.1919
0.2093, 0.1919
0.2093, 0.1919
0.2093, 0.1919
0.2093, 0.1919
0.2093, 0.1919
0.2093, 0.1919
0.2093, 0.1919
0.2093, 0.1919
0.2093, 0.1919
0.2093, 0.1919
0.2093, 0.1919
0.2093, 0.1919
0.2093, 0.1919
0.2093, 0.1919
0.2093, 0.1919
0.2093, 0.1919
0.2093, 0.1919
0.2093, 0.1919
0.2093, 0.1892
0.2093, 0.1892
0.2093, 0.1892
0.2093, 0.1892
0.2093, 0.1892
0.2093, 0.1892
0.2093, 0.1892
0.2093, 0.1892
0.2093, 0.1892
0.2093, 0.1892
0.2093, 0.1892
0.2093, 0.1892
0.2093, 0.1892
0.2143, 0.1892
0.2143, 0.1892
0.2143, 0.1892
0.2143, 0.1865
0.2143, 0.1865
0.2143, 0.1865
0.2143, 0.1865
0.2143, 0.1865
0.2143, 0.1865
0.2143, 0.1865
0.2143, 0.1865
0.2143, 0.1865
0.2193, 0.1865
0.2193, 0.1865
0.2193, 0.1865
0.2193, 0.1865
0.2193, 0.1865
0.2193, 0.1865
0.2193, 0.1865
0.2193, 0.1865
0.2193, 0.1865
0.2193, 0.1865
0.2193, 0.1865
0.2193, 0.1865
0.2193, 0.1865
0.2193, 0.1865
0.2193, 0.1865
0.2193, 0.1865
0.2193, 0.1865
0.2193, 0.1865
0.2193, 0.1865
0.2193, 0.1865
0.2193, 0.1865
0.2193, 0.1865
0.2193, 0.1865
0.2193, 0.1865
0.2193, 0.1865
0.2193, 0.1838
0.2193, 0.1838
0.2193, 0.1838
0.2193, 0.1838
0.2193, 0.1838
0.2193, 0.1838
0.2193, 0.1838
0.2193, 0.1838
0.2193, 0.1838
0.2243, 0.1838
0.2243, 0.1838
0.2243, 0.1838
0.2243, 0.1838
0.2243, 0.1838
0.2243, 0.1838
0.2243, 0.1838
0.2243, 0.1838
0.2243, 0.1811
0.2243, 0.1811
0.2243, 0.1811
0.2243, 0.1811
0.2293, 0.1811
0.2293, 0.1811
0.2293, 0.1811
0.2293, 0.1811
0.2293, 0.1811
0.2293, 0.1811
0.2293, 0.1811
0.2293, 0.1811
0.2293, 0.1811
0.2293, 0.1811
0.2343, 0.1811
0.2343, 0.1811
0.2343, 0.1811
0.2343, 0.1811
0.2343, 0.1811
0.2343, 0.1811
0.2343, 0.1811
0.2343, 0.1811
0.2343, 0.1811
0.2343, 0.1811
0.2343, 0.1811
0.2343, 0.1811
0.2343, 0.1811
0.2343, 0.1784
0.2343, 0.1784
0.2343, 0.1784
0.2343, 0.1784
0.2343, 0.1784
0.2343, 0.1784
0.2343, 0.1784
0.2343, 0.1784
0.2343, 0.1784
0.2393, 0.1784
0.2393, 0.1784
0.2393, 0.1784
0.2393, 0.1784
0.2393, 0.1784
0.2393, 0.1784
0.2393, 0.1784
0.2393, 0.1784
0.2393, 0.1784
0.2393, 0.1784
0.2393, 0.1784
0.2393, 0.1784
0.2393, 0.1784
0.2443, 0.1757
0.2443, 0.1757
0.2443, 0.1757
0.2443, 0.1757
0.2443, 0.1757
0.2443, 0.1757
0.2443, 0.1757
0.2443, 0.1757
0.2443, 0.1757
0.2443, 0.1757
0.2443, 0.1757
0.2443, 0.1757
0.2443, 0.1757
0.2443, 0.1757
0.2443, 0.1757
0.2443, 0.1757
0.2443, 0.1757
0.2443, 0.1757
0.2443, 0.1757
0.2443, 0.1757
0.2493, 0.1757
0.2493, 0.1757
0.2493, 0.1757
0.2493, 0.1757
0.2493, 0.1730
0.2493, 0.1730
0.2493, 0.1730
0.2493, 0.1730
0.2493, 0.1730
0.2493, 0.1730
0.2493, 0.1730
0.2493, 0.1730
0.2544, 0.1730
0.2544, 0.1730
0.2544, 0.1730
0.2544, 0.1730
0.2544, 0.1730
0.2544, 0.1730
0.2544, 0.1730
0.2544, 0.1730
0.2544, 0.1730
0.2544, 0.1730
0.2544, 0.1730
0.2594, 0.1730
0.2594, 0.1730
0.2594, 0.1730
0.2594, 0.1730
0.2594, 0.1730
0.2594, 0.1730
0.2594, 0.1730
0.2594, 0.1730
0.2594, 0.1730
0.2594, 0.1730
0.2594, 0.1730
0.2594, 0.1730
0.2594, 0.1730
0.2594, 0.1730
0.2594, 0.1730
0.2594, 0.1730
0.2644, 0.1730
0.2644, 0.1730
0.2644, 0.1730
0.2644, 0.1730
0.2644, 0.1730
0.2644, 0.1730
0.2644, 0.1730
0.2644, 0.1730
0.2644, 0.1730
0.2644, 0.1730
0.2644, 0.1730
0.2644, 0.1730
0.2694, 0.1730
0.2694, 0.1730
0.2694, 0.1730
0.2694, 0.1730
0.2694, 0.1730
0.2694, 0.1730
0.2694, 0.1730
0.2694, 0.1730
0.2694, 0.1730
0.2694, 0.1703
0.2694, 0.1703
0.2694, 0.1703
0.2694, 0.1703
0.2694, 0.1703
0.2694, 0.1703
0.2694, 0.1703
0.2694, 0.1703
0.2744, 0.1703
0.2744, 0.1703
0.2744, 0.1703
0.2744, 0.1703
0.2744, 0.1703
0.2744, 0.1703
0.2744, 0.1703
0.2744, 0.1703
0.2744, 0.1703
0.2744, 0.1703
0.2744, 0.1703
0.2744, 0.1703
0.2795, 0.1703
0.2795, 0.1703
0.2795, 0.1703
0.2795, 0.1703
0.2795, 0.1703
0.2795, 0.1703
0.2795, 0.1703
0.2845, 0.1703
0.2845, 0.1703
0.2845, 0.1703
0.2845, 0.1703
0.2845, 0.1703
0.2845, 0.1703
0.2845, 0.1703
0.2845, 0.1703
0.2845, 0.1676
0.2845, 0.1676
0.2845, 0.1676
0.2845, 0.1676
0.2845, 0.1676
0.2845, 0.1676
0.2845, 0.1676
0.2845, 0.1676
0.2845, 0.1676
0.2845, 0.1676
0.2845, 0.1676
0.2845, 0.1676
0.2845, 0.1676
0.2845, 0.1676
0.2845, 0.1676
0.2845, 0.1676
0.2845, 0.1676
0.2845, 0.1676
0.2845, 0.1676
0.2845, 0.1676
0.2845, 0.1676
0.2895, 0.1676
0.2895, 0.1676
0.2895, 0.1676
0.2895, 0.1676
0.2895, 0.1676
0.2895, 0.1676
0.2895, 0.1676
0.2895, 0.1676
0.2945, 0.1676
0.2945, 0.1676
0.2945, 0.1676
0.2945, 0.1676
0.2945, 0.1676
0.2945, 0.1676
0.2945, 0.1676
0.2945, 0.1676
0.2945, 0.1676
0.2945, 0.1676
0.2945, 0.1676
0.2945, 0.1676
0.2945, 0.1676
0.2945, 0.1676
0.2945, 0.1676
0.2995, 0.1676
0.2995, 0.1676
0.2995, 0.1676
0.2995, 0.1676
0.3045, 0.1676
0.3045, 0.1676
0.3045, 0.1676
0.3045, 0.1676
0.3045, 0.1676
0.3045, 0.1676
0.3045, 0.1676
0.3045, 0.1676
0.3045, 0.1676
0.3045, 0.1676
0.3045, 0.1676
0.3045, 0.1676
0.3045, 0.1676
0.3045, 0.1676
0.3045, 0.1676
0.3045, 0.1676
0.3045, 0.1676
0.3045, 0.1676
0.3045, 0.1676
0.3045, 0.1676
0.3095, 0.1676
0.3095, 0.1676
0.3095, 0.1676
0.3095, 0.1676
0.3095, 0.1676
0.3095, 0.1676
0.3095, 0.1676
0.3095, 0.1676
0.3145, 0.1676
0.3145, 0.1676
0.3145, 0.1676
0.3145, 0.1676
0.3145, 0.1676
0.3145, 0.1676
0.3145, 0.1676
0.3145, 0.1676
0.3195, 0.1649
0.3195, 0.1649
0.3195, 0.1649
0.3195, 0.1649
0.3195, 0.1649
0.3195, 0.1649
0.3195, 0.1649
0.3195, 0.1649
0.3195, 0.1649
0.3195, 0.1649
0.3195, 0.1649
0.3195, 0.1649
0.3195, 0.1649
0.3195, 0.1649
0.3195, 0.1649
0.3195, 0.1649
0.3195, 0.1649
0.3195, 0.1649
0.3245, 0.1649
0.3245, 0.1649
0.3245, 0.1649
0.3245, 0.1649
0.3295, 0.1649
0.3295, 0.1649
0.3295, 0.1649
0.3295, 0.1649
0.3295, 0.1649
0.3295, 0.1649
0.3295, 0.1649
0.3295, 0.1649
0.3295, 0.1649
0.3295, 0.1649
0.3346, 0.1622
0.3346, 0.1622
0.3346, 0.1622
0.3346, 0.1622
0.3346, 0.1622
0.3346, 0.1622
0.3346, 0.1622
0.3346, 0.1622
0.3396, 0.1622
0.3396, 0.1622
0.3396, 0.1622
0.3396, 0.1622
0.3396, 0.1622
0.3396, 0.1622
0.3396, 0.1622
0.3396, 0.1622
0.3446, 0.1622
0.3446, 0.1622
0.3446, 0.1622
0.3446, 0.1622
0.3446, 0.1622
0.3446, 0.1622
0.3446, 0.1622
0.3446, 0.1622
0.3446, 0.1622
0.3446, 0.1622
0.3446, 0.1622
0.3496, 0.1622
0.3496, 0.1622
0.3496, 0.1622
0.3546, 0.1595
0.3546, 0.1595
0.3546, 0.1595
0.3546, 0.1595
0.3546, 0.1595
0.3546, 0.1595
0.3546, 0.1595
0.3546, 0.1595
0.3546, 0.1595
0.3546, 0.1595
0.3546, 0.1595
0.3546, 0.1595
0.3597, 0.1595
0.3597, 0.1595
0.3597, 0.1595
0.3597, 0.1595
0.3597, 0.1595
0.3597, 0.1595
0.3597, 0.1595
0.3647, 0.1595
0.3647, 0.1595
0.3647, 0.1595
0.3647, 0.1595
0.3647, 0.1595
0.3647, 0.1595
0.3647, 0.1595
0.3647, 0.1595
0.3647, 0.1595
0.3647, 0.1595
0.3647, 0.1595
0.3697, 0.1595
0.3697, 0.1595
0.3697, 0.1595
0.3697, 0.1595
0.3697, 0.1595
0.3697, 0.1595
0.3697, 0.1595
0.3697, 0.1595
0.3697, 0.1595
0.3697, 0.1595
0.3697, 0.1595
0.3697, 0.1595
0.3697, 0.1595
0.3697, 0.1595
0.3697, 0.1595
0.3697, 0.1595
0.3697, 0.1595
0.3697, 0.1595
0.3697, 0.1595
0.3697, 0.1595
0.3747, 0.1595
0.3747, 0.1595
0.3747, 0.1595
0.3747, 0.1595
0.3747, 0.1595
0.3747, 0.1595
0.3747, 0.1595
0.3797, 0.1595
0.3797, 0.1595
0.3797, 0.1595
0.3797, 0.1595
0.3797, 0.1595
0.3797, 0.1595
0.3797, 0.1595
0.3797, 0.1595
0.3797, 0.1595
0.3797, 0.1595
0.3797, 0.1595
0.3797, 0.1595
0.3797, 0.1595
0.3797, 0.1595
0.3797, 0.1595
0.3797, 0.1595
0.3847, 0.1595
0.3847, 0.1595
0.3847, 0.1595
0.3847, 0.1595
0.3847, 0.1595
0.3847, 0.1595
0.3847, 0.1595
0.3847, 0.1595
0.3847, 0.1595
0.3847, 0.1595
0.3847, 0.1595
0.3897, 0.1595
0.3897, 0.1595
0.3897, 0.1595
0.3897, 0.1595
0.3897, 0.1595
0.3897, 0.1595
0.3897, 0.1595
0.3897, 0.1595
0.3947, 0.1595
0.3947, 0.1595
0.3947, 0.1595
0.3947, 0.1595
0.3947, 0.1595
0.3947, 0.1595
0.3947, 0.1595
0.3947, 0.1595
0.3947, 0.1595
0.3947, 0.1595
0.3947, 0.1595
0.3947, 0.1595
0.3947, 0.1595
0.3947, 0.1595
0.3947, 0.1595
0.3947, 0.1595
0.3947, 0.1595
0.3947, 0.1595
0.3947, 0.1595
0.3997, 0.1595
0.3997, 0.1595
0.3997, 0.1595
0.3997, 0.1595
0.3997, 0.1595
0.3997, 0.1595
0.3997, 0.1595
0.3997, 0.1595
0.3997, 0.1595
0.3997, 0.1595
0.3997, 0.1595
0.4047, 0.1595
0.4047, 0.1595
0.4047, 0.1595
0.4047, 0.1595
0.4047, 0.1595
0.4047, 0.1595
0.4047, 0.1595
0.4047, 0.1595
0.4047, 0.1595
0.4047, 0.1595
0.4047, 0.1595
0.4047, 0.1595
0.4098, 0.1595
0.4098, 0.1595
0.4098, 0.1595
0.4098, 0.1595
0.4098, 0.1595
0.4098, 0.1595
0.4098, 0.1595
0.4148, 0.1595
0.4148, 0.1595
0.4148, 0.1595
0.4148, 0.1595
0.4148, 0.1595
0.4148, 0.1595
0.4148, 0.1595
0.4148, 0.1595
0.4198, 0.1595
0.4198, 0.1595
0.4198, 0.1595
0.4198, 0.1595
0.4198, 0.1595
0.4198, 0.1595
0.4198, 0.1595
0.4198, 0.1595
0.4198, 0.1595
0.4198, 0.1595
0.4198, 0.1595
0.4198, 0.1595
0.4198, 0.1595
0.4198, 0.1595
0.4248, 0.1595
0.4248, 0.1595
0.4248, 0.1595
0.4248, 0.1595
0.4248, 0.1595
0.4248, 0.1595
0.4248, 0.1595
0.4298, 0.1595
0.4298, 0.1595
0.4298, 0.1595
0.4298, 0.1595
0.4298, 0.1595
0.4298, 0.1595
0.4298, 0.1595
0.4298, 0.1595
0.4298, 0.1595
0.4298, 0.1595
0.4298, 0.1595
0.4298, 0.1595
0.4298, 0.1595
0.4298, 0.1595
0.4298, 0.1595
0.4349, 0.1595
0.4349, 0.1595
0.4349, 0.1595
0.4399, 0.1595
0.4399, 0.1595
0.4399, 0.1595
0.4399, 0.1595
0.4399, 0.1595
0.4399, 0.1595
0.4399, 0.1595
0.4449, 0.1595
0.4449, 0.1595
0.4449, 0.1595
0.4449, 0.1595
0.4449, 0.1595
0.4449, 0.1595
0.4449, 0.1595
0.4449, 0.1595
0.4449, 0.1595
0.4449, 0.1595
0.4449, 0.1595
0.4449, 0.1595
0.4449, 0.1595
0.4449, 0.1595
0.4449, 0.1595
0.4449, 0.1595
0.4449, 0.1595
0.4449, 0.1595
0.4449, 0.1595
0.4499, 0.1595
0.4499, 0.1595
0.4499, 0.1595
0.4499, 0.1595
0.4499, 0.1595
0.4499, 0.1595
0.4499, 0.1595
0.4499, 0.1595
0.4499, 0.1595
0.4499, 0.1595
0.4499, 0.1595
0.4499, 0.1595
0.4549, 0.1595
0.4549, 0.1595
0.4549, 0.1595
0.4549, 0.1595
0.4549, 0.1595
0.4549, 0.1595
0.4549, 0.1595
0.4549, 0.1595
0.4549, 0.1595
0.4549, 0.1595
0.4549, 0.1595
0.4549, 0.1595
0.4549, 0.1595
0.4549, 0.1595
0.4599, 0.1595
0.4599, 0.1595
0.4599, 0.1595
0.4599, 0.1595
0.4599, 0.1595
0.4599, 0.1595
0.4599, 0.1595
0.4649, 0.1595
0.4649, 0.1595
0.4649, 0.1595
0.4649, 0.1595
0.4649, 0.1595
0.4649, 0.1595
0.4649, 0.1595
0.4649, 0.1595
0.4649, 0.1595
0.4649, 0.1595
0.4649, 0.1595
0.4649, 0.1595
0.4649, 0.1595
0.4649, 0.1595
0.4649, 0.1595
0.4699, 0.1595
0.4699, 0.1595
0.4699, 0.1595
0.4699, 0.1595
0.4699, 0.1595
0.4699, 0.1595
0.4699, 0.1595
0.4749, 0.1595
0.4749, 0.1595
0.4749, 0.1595
0.4749, 0.1595
0.4749, 0.1595
0.4749, 0.1595
0.4749, 0.1595
0.4749, 0.1595
0.4749, 0.1595
0.4749, 0.1595
0.4749, 0.1595
0.4799, 0.1595
0.4799, 0.1595
0.4799, 0.1595
0.4799, 0.1595
0.4799, 0.1595
0.4799, 0.1595
0.4799, 0.1595
0.4799, 0.1622
0.4799, 0.1622
0.4799, 0.1622
0.4799, 0.1622
0.4799, 0.1622
0.4799, 0.1622
0.4799, 0.1622
0.4799, 0.1622
0.4799, 0.1622
0.4799, 0.1622
0.4799, 0.1622
0.4849, 0.1622
0.4849, 0.1622
0.4849, 0.1622
0.4849, 0.1622
0.4849, 0.1622
0.4849, 0.1622
0.4849, 0.1622
0.4900, 0.1622
0.4900, 0.1622
0.4900, 0.1622
0.4900, 0.1622
0.4900, 0.1622
0.4900, 0.1622
0.4900, 0.1622
0.4900, 0.1649
0.4900, 0.1649
0.4900, 0.1649
0.4900, 0.1649
0.4900, 0.1649
0.4900, 0.1649
0.4900, 0.1649
0.4950, 0.1649
0.4950, 0.1649
0.4950, 0.1649
0.4950, 0.1649
0.4950, 0.1649
0.4950, 0.1649
0.4950, 0.1649
0.4950, 0.1649
0.5000, 0.1649
0.5000, 0.1649
0.5000, 0.1649
0.5000, 0.1649
0.5000, 0.1649
0.5000, 0.1649
0.5000, 0.1649
0.5000, 0.1649
0.5000, 0.1649
0.5000, 0.1649
0.5050, 0.1649
0.5050, 0.1649
0.5050, 0.1649
0.5050, 0.1649
0.5050, 0.1649
0.5050, 0.1649
0.5050, 0.1649
0.5050, 0.1649
0.5050, 0.1649
0.5050, 0.1649
0.5050, 0.1649
0.5050, 0.1649
0.5050, 0.1649
0.5050, 0.1649
0.5050, 0.1649
0.5100, 0.1649
0.5100, 0.1649
0.5100, 0.1649
0.5151, 0.1649
0.5151, 0.1649
0.5151, 0.1649
0.5151, 0.1649
0.5151, 0.1649
0.5151, 0.1649
0.5151, 0.1649
0.5151, 0.1676
0.5151, 0.1676
0.5151, 0.1676
0.5201, 0.1676
0.5201, 0.1676
0.5201, 0.1676
0.5201, 0.1676
0.5201, 0.1676
0.5201, 0.1676
0.5201, 0.1676
0.5251, 0.1676
0.5251, 0.1676
0.5251, 0.1676
0.5301, 0.1676
0.5301, 0.1676
0.5301, 0.1676
0.5301, 0.1676
0.5301, 0.1676
0.5301, 0.1676
0.5301, 0.1676
0.5301, 0.1676
0.5301, 0.1676
0.5301, 0.1676
0.5301, 0.1676
0.5351, 0.1703
0.5351, 0.1703
0.5351, 0.1703
0.5351, 0.1703
0.5351, 0.1703
0.5351, 0.1703
0.5351, 0.1703
0.5401, 0.1703
0.5401, 0.1703
0.5401, 0.1703
0.5401, 0.1703
0.5401, 0.1703
0.5401, 0.1703
0.5401, 0.1703
0.5401, 0.1703
0.5401, 0.1703
0.5401, 0.1703
0.5401, 0.1703
0.5401, 0.1703
0.5401, 0.1703
0.5401, 0.1703
0.5401, 0.1703
0.5401, 0.1703
0.5401, 0.1703
0.5401, 0.1703
0.5451, 0.1703
0.5451, 0.1703
0.5451, 0.1703
0.5451, 0.1703
0.5451, 0.1703
0.5451, 0.1703
0.5451, 0.1703
0.5451, 0.1703
0.5451, 0.1703
0.5501, 0.1703
0.5501, 0.1703
0.5501, 0.1703
0.5501, 0.1703
0.5501, 0.1703
0.5501, 0.1703
0.5501, 0.1703
0.5501, 0.1703
0.5501, 0.1703
0.5501, 0.1703
0.5501, 0.1703
0.5551, 0.1703
0.5551, 0.1703
0.5551, 0.1703
0.5551, 0.1703
0.5551, 0.1703
0.5551, 0.1703
0.5551, 0.1703
0.5551, 0.1703
0.5551, 0.1703
0.5551, 0.1703
0.5551, 0.1703
0.5551, 0.1703
0.5551, 0.1703
0.5601, 0.1730
0.5601, 0.1730
0.5601, 0.1730
0.5601, 0.1730
0.5601, 0.1730
0.5601, 0.1730
0.5601, 0.1730
0.5651, 0.1730
0.5651, 0.1730
0.5651, 0.1730
0.5651, 0.1730
0.5651, 0.1730
0.5651, 0.1730
0.5651, 0.1730
0.5651, 0.1730
0.5651, 0.1730
0.5651, 0.1730
0.5651, 0.1730
0.5651, 0.1730
0.5651, 0.1730
0.5651, 0.1730
0.5651, 0.1757
0.5651, 0.1757
0.5651, 0.1757
0.5651, 0.1757
0.5651, 0.1757
0.5651, 0.1757
0.5651, 0.1757
0.5702, 0.1757
0.5702, 0.1757
0.5702, 0.1757
0.5702, 0.1757
0.5702, 0.1757
0.5702, 0.1757
0.5702, 0.1757
0.5702, 0.1757
0.5702, 0.1757
0.5702, 0.1757
0.5752, 0.1757
0.5752, 0.1757
0.5752, 0.1757
0.5802, 0.1784
0.5802, 0.1784
0.5802, 0.1784
0.5802, 0.1784
0.5802, 0.1784
0.5802, 0.1784
0.5802, 0.1784
0.5802, 0.1784
0.5802, 0.1784
0.5802, 0.1784
0.5852, 0.1784
0.5852, 0.1784
0.5852, 0.1784
0.5852, 0.1784
0.5852, 0.1784
0.5852, 0.1784
0.5852, 0.1784
0.5852, 0.1784
0.5852, 0.1784
0.5852, 0.1784
0.5902, 0.1784
0.5902, 0.1784
0.5902, 0.1784
0.5902, 0.1784
0.5902, 0.1784
0.5902, 0.1784
0.5902, 0.1784
0.5902, 0.1784
0.5902, 0.1784
0.5902, 0.1784
0.5902, 0.1811
0.5902, 0.1811
0.5902, 0.1811
0.5902, 0.1811
0.5902, 0.1811
0.5902, 0.1811
0.5902, 0.1811
0.5902, 0.1811
0.5902, 0.1811
0.5902, 0.1811
0.5902, 0.1811
0.5953, 0.1811
0.5953, 0.1811
0.5953, 0.1811
0.5953, 0.1811
0.5953, 0.1811
0.5953, 0.1811
0.5953, 0.1811
0.6003, 0.1811
0.6003, 0.1811
0.6003, 0.1811
0.6053, 0.1838
0.6053, 0.1838
0.6053, 0.1838
0.6053, 0.1838
0.6053, 0.1838
0.6053, 0.1838
0.6053, 0.1838
0.6053, 0.1838
0.6053, 0.1838
0.6053, 0.1838
0.6053, 0.1838
0.6053, 0.1838
0.6053, 0.1838
0.6103, 0.1838
0.6103, 0.1838
0.6103, 0.1838
0.6103, 0.1838
0.6103, 0.1838
0.6103, 0.1838
0.6103, 0.1838
0.6103, 0.1838
0.6103, 0.1838
0.6103, 0.1838
0.6103, 0.1838
0.6153, 0.1838
0.6153, 0.1838
0.6153, 0.1838
0.6153, 0.1838
0.6153, 0.1838
0.6153, 0.1838
0.6153, 0.1838
0.6153, 0.1838
0.6153, 0.1838
0.6153, 0.1838
0.6153, 0.1838
0.6153, 0.1838
0.6153, 0.1838
0.6153, 0.1838
0.6153, 0.1838
0.6153, 0.1838
0.6153, 0.1838
0.6153, 0.1865
0.6153, 0.1865
0.6153, 0.1865
0.6203, 0.1865
0.6203, 0.1865
0.6203, 0.1865
0.6203, 0.1865
0.6203, 0.1865
0.6203, 0.1865
0.6203, 0.1865
0.6253, 0.1865
0.6253, 0.1865
0.6253, 0.1865
0.6253, 0.1865
0.6253, 0.1865
0.6253, 0.1865
0.6253, 0.1892
0.6253, 0.1892
0.6253, 0.1892
0.6253, 0.1892
0.6253, 0.1892
0.6253, 0.1892
0.6253, 0.1892
0.6303, 0.1892
0.6303, 0.1892
0.6303, 0.1892
0.6303, 0.1892
0.6303, 0.1892
0.6303, 0.1892
0.6353, 0.1892
0.6353, 0.1892
0.6353, 0.1892
0.6353, 0.1892
0.6353, 0.1892
0.6353, 0.1892
0.6353, 0.1892
0.6403, 0.1892
0.6403, 0.1892
0.6403, 0.1892
0.6403, 0.1892
0.6403, 0.1892
0.6403, 0.1892
0.6403, 0.1892
0.6403, 0.1892
0.6403, 0.1892
0.6403, 0.1892
0.6403, 0.1892
0.6403, 0.1892
0.6403, 0.1892
0.6454, 0.1892
0.6454, 0.1892
0.6454, 0.1892
0.6454, 0.1892
0.6454, 0.1892
0.6454, 0.1892
0.6454, 0.1892
0.6504, 0.1892
0.6504, 0.1892
0.6504, 0.1892
0.6504, 0.1892
0.6504, 0.1892
0.6504, 0.1892
0.6504, 0.1892
0.6504, 0.1892
0.6504, 0.1892
0.6504, 0.1892
0.6504, 0.1892
0.6504, 0.1892
0.6504, 0.1892
0.6504, 0.1892
0.6504, 0.1919
0.6504, 0.1919
0.6504, 0.1919
0.6554, 0.1919
0.6554, 0.1919
0.6554, 0.1919
0.6554, 0.1919
0.6554, 0.1919
0.6554, 0.1919
0.6554, 0.1919
0.6604, 0.1919
0.6604, 0.1919
0.6604, 0.1919
0.6654, 0.1919
0.6654, 0.1919
0.6654, 0.1919
0.6654, 0.1919
0.6654, 0.1919
0.6654, 0.1919
0.6654, 0.1919
0.6654, 0.1919
0.6654, 0.1919
0.6654, 0.1919
0.6654, 0.1919
0.6654, 0.1919
0.6654, 0.1919
0.6654, 0.1919
0.6705, 0.1919
0.6705, 0.1919
0.6705, 0.1946
0.6705, 0.1946
0.6705, 0.1946
0.6755, 0.1946
0.6755, 0.1946
0.6755, 0.1946
0.6755, 0.1946
0.6755, 0.1946
0.6755, 0.1946
0.6755, 0.1946
0.6755, 0.1946
0.6755, 0.1946
0.6755, 0.1946
0.6755, 0.1946
0.6755, 0.1946
0.6755, 0.1946
0.6805, 0.1946
0.6805, 0.1946
0.6805, 0.1946
0.6805, 0.1946
0.6805, 0.1946
0.6805, 0.1946
0.6805, 0.1946
0.6855, 0.1946
0.6855, 0.1946
0.6855, 0.1946
0.6905, 0.1946
0.6905, 0.1946
0.6905, 0.1946
0.6905, 0.1946
0.6905, 0.1946
0.6905, 0.1946
0.6905, 0.1946
0.6905, 0.1946
0.6905, 0.1946
0.6955, 0.1946
0.6955, 0.1946
0.6955, 0.1946
0.7005, 0.1946
0.7005, 0.1946
0.7005, 0.1946
0.7005, 0.1946
0.7005, 0.1973
0.7005, 0.1973
0.7005, 0.1973
0.7005, 0.1973
0.7005, 0.1973
0.7005, 0.1973
0.7055, 0.1973
0.7055, 0.1973
0.7055, 0.1973
0.7055, 0.1973
0.7055, 0.1973
0.7055, 0.1973
0.7055, 0.1973
0.7055, 0.1973
0.7055, 0.1973
0.7055, 0.1973
0.7055, 0.1973
0.7055, 0.1973
0.7055, 0.1973
0.7055, 0.1973
0.7105, 0.1973
0.7105, 0.1973
0.7105, 0.1973
0.7105, 0.1973
0.7105, 0.1973
0.7105, 0.1973
0.7155, 0.1973
0.7155, 0.1973
0.7155, 0.1973
0.7155, 0.1973
0.7155, 0.1973
0.7155, 0.1973
0.7155, 0.1973
0.7155, 0.1973
0.7155, 0.1973
0.7155, 0.1973
0.7155, 0.1973
0.7155, 0.1973
0.7155, 0.1973
0.7155, 0.1973
0.7205, 0.1973
0.7205, 0.1973
0.7205, 0.1973
0.7205, 0.1973
0.7205, 0.1973
0.7205, 0.1973
0.7205, 0.1973
0.7205, 0.1973
0.7205, 0.1973
0.7205, 0.1973
0.7256, 0.1973
0.7256, 0.1973
0.7256, 0.1973
0.7256, 0.1973
0.7256, 0.1973
0.7256, 0.1973
0.7256, 0.1973
0.7256, 0.1973
0.7256, 0.1973
0.7256, 0.1973
0.7256, 0.1973
0.7256, 0.1973
0.7256, 0.1973
0.7306, 0.1973
0.7306, 0.1973
0.7306, 0.1973
0.7306, 0.1973
0.7306, 0.1973
0.7306, 0.1973
0.7356, 0.1973
0.7356, 0.1973
0.7356, 0.1973
0.7356, 0.1973
0.7356, 0.1973
0.7356, 0.1973
0.7406, 0.1973
0.7406, 0.1973
0.7406, 0.1973
0.7406, 0.1973
0.7406, 0.1973
0.7406, 0.1973
0.7406, 0.1973
0.7406, 0.1973
0.7406, 0.1973
0.7406, 0.1973
0.7406, 0.1973
0.7406, 0.1973
0.7406, 0.1973
0.7406, 0.1973
0.7406, 0.1973
0.7406, 0.1973
0.7456, 0.1973
0.7456, 0.1973
0.7456, 0.1973
0.7456, 0.1973
0.7456, 0.1973
0.7456, 0.1973
0.7456, 0.1973
0.7507, 0.1973
0.7507, 0.1973
0.7507, 0.1973
0.7507, 0.1973
0.7507, 0.1973
0.7507, 0.1973
0.7507, 0.1973
0.7507, 0.1973
0.7507, 0.1973
0.7507, 0.1973
0.7507, 0.1973
0.7507, 0.1973
0.7507, 0.1973
0.7557, 0.1973
0.7557, 0.1973
0.7557, 0.1973
0.7557, 0.1973
0.7557, 0.1973
0.7557, 0.1973
0.7607, 0.1973
0.7607, 0.1973
0.7607, 0.1973
0.7607, 0.1973
0.7607, 0.1973
0.7607, 0.1973
0.7607, 0.1973
0.7657, 0.1973
0.7657, 0.1973
0.7657, 0.1973
0.7657, 0.1973
0.7657, 0.1973
0.7657, 0.1973
0.7657, 0.1973
0.7657, 0.1973
0.7657, 0.1973
0.7657, 0.1973
0.7657, 0.1973
0.7657, 0.1973
0.7657, 0.1973
0.7657, 0.1973
0.7657, 0.1973
0.7657, 0.1973
0.7657, 0.1973
0.7657, 0.1973
0.7657, 0.1973
0.7707, 0.1973
0.7707, 0.1973
0.7707, 0.1973
0.7707, 0.1973
0.7707, 0.1973
0.7707, 0.1973
0.7707, 0.1973
0.7757, 0.1973
0.7757, 0.1973
0.7757, 0.1973
0.7757, 0.1973
0.7757, 0.1973
0.7757, 0.1973
0.7757, 0.1973
0.7757, 0.1973
0.7757, 0.1973
0.7757, 0.1973
0.7757, 0.1973
0.7757, 0.1973
0.7757, 0.1973
0.7757, 0.1973
0.7757, 0.1973
0.7757, 0.1973
0.7757, 0.1973
0.7757, 0.1973
0.7757, 0.1973
0.7757, 0.1973
0.7757, 0.1973
0.7757, 0.1973
0.7757, 0.1973
0.7757, 0.1973
0.7757, 0.1973
0.7757, 0.1973
0.7757, 0.1973
0.7757, 0.1973
0.7757, 0.1973
0.7757, 0.1973
0.7757, 0.1973
0.7757, 0.1973
0.7757, 0.1973
0.7757, 0.1973
0.7757, 0.1973
0.7757, 0.1973
0.7757, 0.1973
0.7807, 0.1973
0.7807, 0.1973
0.7807, 0.1973
0.7807, 0.1973
0.7807, 0.1973
0.7807, 0.1973
0.7857, 0.1973
0.7857, 0.1973
0.7857, 0.1973
0.7857, 0.1973
0.7857, 0.1973
0.7857, 0.1973
0.7857, 0.1973
0.7857, 0.1973
0.7857, 0.1973
0.7857, 0.1973
0.7857, 0.1973
0.7857, 0.1973
0.7907, 0.1973
0.7907, 0.1973
0.7907, 0.1973
0.7907, 0.1973
0.7907, 0.1973
0.7907, 0.1973
0.7957, 0.1973
0.7957, 0.1973
0.7957, 0.1973
0.7957, 0.1973
0.7957, 0.1973
0.7957, 0.1973
0.7957, 0.1973
0.8007, 0.1973
0.8007, 0.1973
0.8007, 0.1973
0.8007, 0.1973
0.8007, 0.1973
0.8007, 0.1973
0.8007, 0.1973
0.8007, 0.1973
0.8007, 0.1973
0.8007, 0.1973
0.8007, 0.1973
0.8007, 0.1973
0.8007, 0.1973
0.8007, 0.1973
0.8007, 0.1973
0.8007, 0.1973
0.8007, 0.1973
0.8007, 0.1973
0.8007, 0.1973
0.8058, 0.1973
0.8058, 0.1973
0.8058, 0.1973
0.8058, 0.1973
0.8058, 0.1973
0.8058, 0.1973
0.8058, 0.1973
0.8108, 0.1973
0.8108, 0.1973
0.8108, 0.1973
0.8108, 0.1973
0.8108, 0.1973
0.8108, 0.1973
0.8108, 0.1973
0.8108, 0.1973
0.8108, 0.1973
0.8158, 0.1973
0.8158, 0.1973
0.8158, 0.1973
0.8158, 0.1973
0.8158, 0.1973
0.8158, 0.1973
0.8158, 0.1973
0.8208, 0.1973
0.8208, 0.1973
0.8208, 0.1973
0.8208, 0.1973
0.8208, 0.1973
0.8208, 0.1973
0.8258, 0.1973
0.8258, 0.1973
0.8258, 0.1973
0.8258, 0.1973
0.8258, 0.1973
0.8258, 0.1973
0.8258, 0.1973
0.8258, 0.1973
0.8258, 0.1973
0.8258, 0.1973
0.8258, 0.1973
0.8258, 0.1973
0.8258, 0.1973
0.8258, 0.1973
0.8258, 0.1973
0.8258, 0.1973
0.8309, 0.1973
0.8309, 0.1973
0.8309, 0.1973
0.8309, 0.1973
0.8309, 0.1973
0.8359, 0.1973
0.8359, 0.1973
0.8359, 0.1973
0.8359, 0.1973
0.8359, 0.1973
0.8359, 0.1973
0.8359, 0.1973
0.8359, 0.1973
0.8359, 0.1973
0.8359, 0.1973
0.8409, 0.1973
0.8409, 0.1973
0.8409, 0.1973
0.8459, 0.1973
0.8459, 0.1973
0.8459, 0.1973
0.8459, 0.1973
0.8459, 0.1973
0.8459, 0.1973
0.8509, 0.1973
0.8509, 0.1973
0.8509, 0.1973
0.8509, 0.1973
0.8509, 0.1973
0.8509, 0.1973
0.8509, 0.1973
0.8509, 0.1973
0.8509, 0.1973
0.8509, 0.1973
0.8509, 0.1973
0.8509, 0.1973
0.8559, 0.1973
0.8559, 0.1973
0.8559, 0.1973
0.8559, 0.1973
0.8559, 0.1973
0.8559, 0.1973
0.8559, 0.1973
0.8609, 0.1973
0.8609, 0.1973
0.8609, 0.1973
0.8609, 0.1973
0.8609, 0.1973
0.8609, 0.1973
0.8609, 0.1973
0.8609, 0.1973
0.8609, 0.1973
0.8659, 0.1973
0.8659, 0.1973
0.8659, 0.1973
0.8659, 0.1973
0.8659, 0.1973
0.8659, 0.1973
0.8709, 0.1973
0.8709, 0.1973
0.8709, 0.1973
0.8709, 0.1973
0.8709, 0.1973
0.8709, 0.1973
0.8709, 0.1973
0.8709, 0.1973
0.8709, 0.1973
0.8709, 0.1973
0.8759, 0.1973
0.8759, 0.1973
0.8759, 0.1973
0.8759, 0.1973
0.8759, 0.1973
0.8759, 0.1973
0.8759, 0.1973
0.8759, 0.1973
0.8759, 0.1973
0.8759, 0.1973
0.8759, 0.1973
0.8759, 0.1973
0.8759, 0.1973
0.8759, 0.1973
0.8759, 0.1973
0.8810, 0.1973
0.8810, 0.1973
0.8810, 0.1973
0.8810, 0.1973
0.8810, 0.1973
0.8810, 0.1973
0.8860, 0.1973
0.8860, 0.1973
0.8860, 0.1973
0.8860, 0.1973
0.8860, 0.1973
0.8860, 0.1973
0.8860, 0.1973
0.8860, 0.1973
0.8860, 0.1973
0.8860, 0.1973
0.8860, 0.1973
0.8860, 0.1973
0.8860, 0.1973
0.8910, 0.1973
0.8910, 0.1973
0.8910, 0.1973
0.8910, 0.1973
0.8910, 0.1973
0.8910, 0.1973
0.8960, 0.1973
0.8960, 0.1973
0.8960, 0.1973
0.8960, 0.1973
0.8960, 0.1973
0.8960, 0.1973
0.9010, 0.1973
0.9010, 0.1973
0.9010, 0.1973
0.9010, 0.1973
0.9010, 0.1973
0.9010, 0.1973
0.9010, 0.1946
0.9010, 0.1946
0.9010, 0.1946
0.9010, 0.1946
0.9010, 0.1946
0.9010, 0.1946
0.9010, 0.1946
0.9010, 0.1946
0.9010, 0.1946
0.9061, 0.1946
0.9061, 0.1946
0.9061, 0.1946
0.9061, 0.1946
0.9061, 0.1946
0.9061, 0.1946
0.9061, 0.1946
0.9111, 0.1919
0.9111, 0.1919
0.9111, 0.1919
0.9111, 0.1919
0.9111, 0.1919
0.9111, 0.1919
0.9111, 0.1919
0.9111, 0.1919
0.9111, 0.1919
0.9111, 0.1919
0.9111, 0.1919
0.9111, 0.1919
0.9111, 0.1919
0.9111, 0.1919
0.9111, 0.1919
0.9161, 0.1919
0.9161, 0.1919
0.9161, 0.1919
0.9161, 0.1919
0.9161, 0.1919
0.9161, 0.1919
0.9161, 0.1919
0.9161, 0.1919
0.9161, 0.1919
0.9161, 0.1919
0.9161, 0.1919
0.9161, 0.1919
0.9161, 0.1919
0.9161, 0.1919
0.9161, 0.1919
0.9161, 0.1919
0.9161, 0.1919
0.9161, 0.1919
0.9161, 0.1919
0.9161, 0.1892
0.9161, 0.1892
0.9161, 0.1892
0.9211, 0.1892
0.9211, 0.1892
0.9211, 0.1892
0.9211, 0.1892
0.9211, 0.1892
0.9211, 0.1892
0.9211, 0.1892
0.9211, 0.1892
0.9211, 0.1892
0.9211, 0.1865
0.9211, 0.1865
0.9211, 0.1865
0.9261, 0.1865
0.9261, 0.1865
0.9261, 0.1865
0.9261, 0.1865
0.9261, 0.1865
0.9261, 0.1865
0.9261, 0.1865
0.9261, 0.1865
0.9261, 0.1865
0.9261, 0.1865
0.9261, 0.1865
0.9261, 0.1865
0.9261, 0.1865
0.9261, 0.1865
0.9261, 0.1865
0.9261, 0.1865
0.9261, 0.1865
0.9261, 0.1865
0.9261, 0.1865
0.9261, 0.1865
0.9311, 0.1865
0.9311, 0.1865
0.9311, 0.1865
0.9311, 0.1838
0.9311, 0.1838
0.9311, 0.1838
0.9311, 0.1838
0.9311, 0.1838
0.9311, 0.1838
0.9361, 0.1838
0.9361, 0.1838
0.9361, 0.1838
0.9361, 0.1811
0.9361, 0.1811
0.9361, 0.1811
0.9361, 0.1811
0.9361, 0.1811
0.9361, 0.1811
0.9361, 0.1811
0.9361, 0.1811
0.9361, 0.1811
0.9411, 0.1811
0.9411, 0.1811
0.9411, 0.1811
0.9411, 0.1784
0.9411, 0.1784
0.9411, 0.1784
0.9411, 0.1784
0.9411, 0.1784
0.9461, 0.1784
0.9461, 0.1784
0.9461, 0.1784
0.9461, 0.1757
0.9461, 0.1757
0.9461, 0.1757
0.9461, 0.1757
0.9461, 0.1757
0.9461, 0.1757
0.9461, 0.1757
0.9461, 0.1757
0.9461, 0.1757
0.9461, 0.1757
0.9461, 0.1757
0.9461, 0.1757
0.9461, 0.1730
0.9461, 0.1730
0.9461, 0.1730
0.9461, 0.1730
0.9461, 0.1730
0.9461, 0.1730
0.9511, 0.1730
0.9511, 0.1730
0.9511, 0.1730
0.9511, 0.1730
0.9511, 0.1730
0.9511, 0.1730
0.9511, 0.1730
0.9511, 0.1730
0.9511, 0.1730
0.9561, 0.1730
0.9561, 0.1730
0.9561, 0.1730
0.9561, 0.1730
0.9561, 0.1730
0.9561, 0.1730
0.9561, 0.1703
0.9561, 0.1703
0.9561, 0.1703
0.9561, 0.1703
0.9561, 0.1703
0.9561, 0.1703
0.9612, 0.1703
0.9612, 0.1703
0.9612, 0.1703
0.9612, 0.1703
0.9612, 0.1703
0.9612, 0.1703
0.9612, 0.1703
0.9612, 0.1703
0.9612, 0.1703
0.9612, 0.1676
0.9612, 0.1676
0.9612, 0.1676
0.9612, 0.1676
0.9612, 0.1676
0.9612, 0.1676
0.9612, 0.1676
0.9612, 0.1676
0.9612, 0.1676
0.9612, 0.1676
0.9612, 0.1676
0.9612, 0.1676
0.9612, 0.1676
0.9612, 0.1676
0.9612, 0.1676
0.9612, 0.1676
0.9612, 0.1676
0.9612, 0.1676
0.9612, 0.1676
0.9612, 0.1676
0.9612, 0.1676
0.9612, 0.1676
0.9612, 0.1676
0.9662, 0.1676
0.9662, 0.1676
0.9662, 0.1676
0.9662, 0.1676
0.9662, 0.1676
0.9662, 0.1676
0.9662, 0.1649
0.9662, 0.1649
0.9662, 0.1649
0.9662, 0.1649
0.9662, 0.1649
0.9662, 0.1649
0.9662, 0.1649
0.9662, 0.1649
0.9662, 0.1649
0.9662, 0.1649
0.9662, 0.1649
0.9662, 0.1649
0.9662, 0.1649
0.9662, 0.1649
0.9662, 0.1649
0.9662, 0.1649
0.9662, 0.1649
0.9662, 0.1649
0.9662, 0.1649
0.9662, 0.1649
0.9662, 0.1649
0.9662, 0.1649
0.9662, 0.1649
0.9662, 0.1649
0.9662, 0.1649
0.9662, 0.1649
0.9662, 0.1649
0.9662, 0.1649
0.9662, 0.1649
0.9662, 0.1649
0.9662, 0.1649
0.9712, 0.1649
0.9712, 0.1649
0.9712, 0.1649
0.9712, 0.1649
0.9712, 0.1649
0.9712, 0.1649
0.9712, 0.1649
0.9712, 0.1649
0.9712, 0.1622
0.9712, 0.1622
0.9712, 0.1622
0.9712, 0.1622
0.9712, 0.1622
0.9712, 0.1622
0.9712, 0.1622
0.9712, 0.1622
0.9712, 0.1622
0.9712, 0.1622
0.9712, 0.1622
0.9712, 0.1622

0.1942, 0.0027
0.1942, 0.0027
0.1942, 0.0027
0.1942, 0.0027
0.1942, 0.0027
0.1942, 0.0027
0.1942, 0.0027
0.1942, 0.0027
0.1942, 0.0027
0.1942, 0.0027
0.1942, 0.0027
0.1942, 0.0027
0.1942, 0.0027
0.1942, 0.0027
0.1942, 0.0027
0.1942, 0.0027
0.1942, 0.0027
0.1942, 0.0027
0.1942, 0.0027
0.1942, 0.0027
0.1942, 0.0027
0.1942, 0.0027
0.1942, 0.0027
0.1942, 0.0027
0.1942, 0.0027
0.1942, 0.0027
0.1942, 0.0027
0.1942, 0.0027
0.1942, 0.0027
0.1942, 0.0027
0.1942, 0.0027
0.1942, 0.0027
0.1942, 0.0027
0.1942, 0.0027
0.1942, 0.0027
0.1942, 0.0027
0.1942, 0.0027
0.1942, 0.0027
0.1942, 0.0027
0.1942, 0.0027
0.1942, 0.0027
0.1942, 0.0027
0.1942, 0.0027
0.1942, 0.0027
0.1942, 0.0027
0.1942, 0.0027
0.1942, 0.0027
0.1942, 0.0027
0.1942, 0.0027
0.1942, 0.0027
0.1942, 0.0027
0.1942, 0.0027
0.1942, 0.0027
0.1942, 0.0027
0.1942, 0.0027
0.1942, 0.0027
0.1942, 0.0027
0.1942, 0.0027
0.1942, 0.0027
0.1942, 0.0027
0.1942, 0.0027
0.1942, 0.0027
0.1942, 0.0027
0.1942, 0.0027
0.1942, 0.0027
0.1942, 0.0027
0.1942, 0.0027
0.1942, 0.0027
0.1942, 0.0027
0.1942, 0.0027
0.1942, 0.0027
0.1942, 0.0027
0.1942, 0.0027
0.1942, 0.0027
0.1942, 0.0027
0.1942, 0.0027
0.1942, 0.0027
0.1942, 0.0027
0.1942, 0.0027
0.1942, 0.0027
0.1942, 0.0027
0.1942, 0.0027
0.1942, 0.0027
0.1942, 0.0027
0.1942, 0.0027
0.1942, 0.0027
0.1942, 0.0027
0.1942, 0.0027
0.1942, 0.0027
0.1942, 0.0027
0.1942, 0.0027
0.1942, 0.0027
0.1942, 0.0027
0.1942, 0.0027
0.1942, 0.0027
0.1942, 0.0027
0.1942, 0.0027
0.1942, 0.0027
0.1942, 0.0027
0.1942, 0.0027
0.1942, 0.0027
0.1942, 0.0027
0.1942, 0.0027
0.1942, 0.0027
0.1942, 0.0027
0.1993, 0.0027
0.1993, 0.0027
0.1993, 0.0027
0.1993, 0.0027
0.1993, 0.0027
0.1993, 0.0027
0.1993, 0.0027
0.1993, 0.0027
0.1993, 0.0027
0.1993, 0.0027
0.1993, 0.0027
0.1993, 0.0027
0.2043, 0.0027
0.2043, 0.0027
0.2043, 0.0027
0.2043, 0.0027
0.2093, 0.0027
0.2093, 0.0027
0.2093, 0.0027
0.2093, 0.0027
0.2093, 0.0027
0.2093, 0.0027
0.2093, 0.0027
0.2093, 0.0027
0.2143, 0.0027
0.2143, 0.0027
0.2143, 0.0027
0.2143, 0.0027
0.2143, 0.0027
0.2143, 0.0027
0.2143, 0.0027
0.2143, 0.0027
0.2143, 0.0027
0.2143, 0.0027
0.2143, 0.0027
0.2143, 0.0027
0.2143, 0.0027
0.2193, 0.0027
0.2193, 0.0027
0.2193, 0.0027
0.2193, 0.0027
0.2193, 0.0027
0.2193, 0.0027
0.2193, 0.0027
0.2193, 0.0027
0.2193, 0.0027
0.2243, 0.0027
0.2243, 0.0027
0.2243, 0.0027
0.2243, 0.0027
0.2243, 0.0027
0.2243, 0.0027
0.2243, 0.0027
0.2243, 0.0027
0.2243, 0.0027
0.2243, 0.0027
0.2243, 0.0027
0.2243, 0.0027
0.2243, 0.0027
0.2243, 0.0027
0.2243, 0.0027
0.2243, 0.0027
0.2243, 0.0027
0.2243, 0.0027
0.2243, 0.0027
0.2293, 0.0027
0.2293, 0.0027
0.2293, 0.0027
0.2293, 0.0027
0.2343, 0.0027
0.2343, 0.0027
0.2343, 0.0027
0.2343, 0.0027
0.2393, 0.0027
0.2393, 0.0027
0.2393, 0.0027
0.2393, 0.0027
0.2393, 0.0027
0.2393, 0.0027
0.2393, 0.0027
0.2393, 0.0027
0.2443, 0.0027
0.2443, 0.0027
0.2443, 0.0027
0.2443, 0.0027
0.2443, 0.0027
0.2443, 0.0027
0.2443, 0.0027
0.2443, 0.0027
0.2493, 0.0000
0.2493, 0.0000
0.2493, 0.0000
0.2493, 0.0000
0.2493, 0.0000
0.2493, 0.0000
0.2493, 0.0000
0.2493, 0.0000
0.2493, 0.0000
0.2493, 0.0000
0.2493, 0.0000
0.2493, 0.0000
0.2493, 0.0000
0.2544, 0.0000
0.2544, 0.0000
0.2544, 0.0000
0.2544, 0.0000
0.2544, 0.0000
0.2544, 0.0000
0.2544, 0.0000
0.2544, 0.0000
0.2544, 0.0000
0.2544, 0.0000
0.2544, 0.0000
0.2544, 0.0000
0.2594, 0.0000
0.2594, 0.0000
0.2594, 0.0000
0.2594, 0.0000
0.2594, 0.0000
0.2594, 0.0000
0.2594, 0.0000
0.2594, 0.0000
0.2594, 0.0000
0.2594, 0.0000
0.2594, 0.0000
0.2594, 0.0000
0.2594, 0.0000
0.2644, 0.0000
0.2644, 0.0000
0.2644, 0.0000
0.2694, 0.0000
0.2694, 0.0000
0.2694, 0.0000
0.2694, 0.0000
0.2694, 0.0000
0.2694, 0.0000
0.2694, 0.0000
0.2694, 0.0000
0.2694, 0.0000
0.2744, 0.0000
0.2744, 0.0000
0.2744, 0.0000
0.2744, 0.0000
0.2744, 0.0000
0.2744, 0.0000
0.2744, 0.0000
0.2744, 0.0000
0.2795, 0.0000
0.2795, 0.0000
0.2795, 0.0000
0.2795, 0.0000
0.2795, 0.0000
0.2795, 0.0000
0.2795, 0.0000
0.2795, 0.0000
0.2795, 0.0000
0.2845, 0.0000
0.2845, 0.0000
0.2845, 0.0000
0.2845, 0.0000
0.2845, 0.0000
0.2845, 0.0000
0.2845, 0.0000
0.2845, 0.0000
0.2845, 0.0000
0.2845, 0.0000
0.2845, 0.0000
0.2895, 0.0000
0.2895, 0.0000
0.2895, 0.0000
0.2895, 0.0000
0.2945, 0.0000
0.2945, 0.0000
0.2945, 0.0000
0.2945, 0.0000
0.2945, 0.0000
0.2945, 0.0000
0.2945, 0.0000
0.2945, 0.0000
0.2945, 0.0000
0.2995, 0.0000
0.2995, 0.0000
0.2995, 0.0000
0.2995, 0.0000
0.2995, 0.0000
0.2995, 0.0000
0.2995, 0.0000
0.2995, 0.0000
0.2995, 0.0000
0.2995, 0.0000
0.2995, 0.0000
0.2995, 0.0000
0.3045, 0.0000
0.3045, 0.0000
0.3045, 0.0000
0.3045, 0.0000
0.3095, 0.0000
0.3095, 0.0000
0.3095, 0.0000
0.3095, 0.0000
0.3095, 0.0000
0.3095, 0.0000
0.3095, 0.0000
0.3095, 0.0000
0.3095, 0.0000
0.3095, 0.0000
0.3095, 0.0000
0.3095, 0.0000
0.3145, 0.0000
0.3145, 0.0000
0.3145, 0.0000
0.3195, 0.0000
0.3195, 0.0000
0.3195, 0.0000
0.3195, 0.0000
0.3245, 0.0000
0.3245, 0.0000
0.3245, 0.0000
0.3245, 0.0000
0.3245, 0.0000
0.3245, 0.0000
0.3245, 0.0000
0.3245, 0.0000
0.3245, 0.0000
0.3245, 0.0000
0.3245, 0.0000
0.3245, 0.0000
0.3245, 0.0000
0.3295, 0.0000
0.3295, 0.0000
0.3295, 0.0000
0.3295, 0.0000
0.3346, 0.0000
0.3346, 0.0000
0.3346, 0.0000
0.3346, 0.0000
0.3346, 0.0000
0.3346, 0.0000
0.3346, 0.0000
0.3346, 0.0000
0.3346, 0.0000
0.3346, 0.0000
0.3346, 0.0000
0.3396, 0.0000
0.3396, 0.0000
0.3396, 0.0000
0.3396, 0.0000
0.3446, 0.0000
0.3446, 0.0000
0.3446, 0.0000
0.3446, 0.0000
0.3446, 0.0000
0.3446, 0.0000
0.3446, 0.0000
0.3446, 0.0000
0.3446, 0.0000
0.3446, 0.0000
0.3446, 0.0000
0.3446, 0.0000
0.3496, 0.0000
0.3496, 0.0000
0.3496, 0.0000
0.3496, 0.0000
0.3496, 0.0000
0.3496, 0.0000
0.3496, 0.0000
0.3496, 0.0000
0.3496, 0.0000
0.3496, 0.0000
0.3496, 0.0000
0.3496, 0.0000
0.3546, 0.0000
0.3546, 0.0000
0.3546, 0.0000
0.3546, 0.0000
0.3546, 0.0000
0.3546, 0.0000
0.3546, 0.0000
0.3546, 0.0000
0.3597, 0.0000
0.3597, 0.0000
0.3597, 0.0000
0.3597, 0.0000
0.3597, 0.0000
0.3597, 0.0000
0.3597, 0.0000
0.3597, 0.0000
0.3597, 0.0000
0.3597, 0.0000
0.3597, 0.0000
0.3597, 0.0000
0.3647, 0.0000
0.3647, 0.0000
0.3647, 0.0000
0.3647, 0.0000
0.3647, 0.0000
0.3647, 0.0000
0.3647, 0.0000
0.3647, 0.0000
0.3647, 0.0000
0.3647, 0.0000
0.3647, 0.0000
0.3647, 0.0000
0.3697, 0.0000
0.3697, 0.0000
0.3697, 0.0000
0.3697, 0.0000
0.3697, 0.0000
0.3697, 0.0000
0.3697, 0.0000
0.3697, 0.0000
0.3747, 0.0027
0.3747, 0.0027
0.3747, 0.0027
0.3747, 0.0027
0.3747, 0.0027
0.3747, 0.0027
0.3747, 0.0027
0.3747, 0.0027
0.3747, 0.0027
0.3747, 0.0027
0.3747, 0.0027
0.3747, 0.0027
0.3747, 0.0027
0.3747, 0.0027
0.3747, 0.0027
0.3747, 0.0027
0.3747, 0.0027
0.3747, 0.0027
0.3747, 0.0027
0.3747, 0.0027
0.3747, 0.0027
0.3747, 0.0027
0.3747, 0.0027
0.3747, 0.0027
0.3747, 0.0054
0.3747, 0.0054
0.3747, 0.0054
0.3797, 0.0054
0.3797, 0.0054
0.3797, 0.0054
0.3797, 0.0054
0.3797, 0.0054
0.3797, 0.0054
0.3797, 0.0054
0.3797, 0.0054
0.3797, 0.0054
0.3797, 0.0054
0.3797, 0.0054
0.3797, 0.0054
0.3847, 0.0081
0.3847, 0.0081
0.3847, 0.0081
0.3847, 0.0081
0.3847, 0.0081
0.3847, 0.0081
0.3847, 0.0081
0.3847, 0.0081
0.3847, 0.0081
0.3847, 0.0081
0.3847, 0.0081
0.3847, 0.0081
0.3847, 0.0108
0.3847, 0.0108
0.3847, 0.0108
0.3847, 0.0108
0.3847, 0.0108
0.3847, 0.0108
0.3847, 0.0108
0.3847, 0.0108
0.3897, 0.0108
0.3897, 0.0108
0.3897, 0.0108
0.3897, 0.0108
0.3897, 0.0108
0.3897, 0.0108
0.3897, 0.0108
0.3897, 0.0108
0.3897, 0.0108
0.3897, 0.0108
0.3897, 0.0108
0.3897, 0.0108
0.3897, 0.0108
0.3897, 0.0108
0.3897, 0.0108
0.3897, 0.0108
0.3947, 0.0108
0.3947, 0.0108
0.3947, 0.0108
0.3947, 0.0108
0.3947, 0.0108
0.3947, 0.0108
0.3947, 0.0108
0.3947, 0.0108
0.3947, 0.0135
0.3947, 0.0135
0.3947, 0.0135
0.3947, 0.0135
0.3947, 0.0135
0.3947, 0.0135
0.3947, 0.0135
0.3997, 0.0135
0.3997, 0.0135
0.3997, 0.0135
0.3997, 0.0162
0.3997, 0.0162
0.3997, 0.0162
0.3997, 0.0162
0.3997, 0.0162
0.3997, 0.0162
0.3997, 0.0162
0.3997, 0.0162
0.3997, 0.0162
0.3997, 0.0162
0.3997, 0.0162
0.4047, 0.0162
0.4047, 0.0162
0.4047, 0.0162
0.4047, 0.0189
0.4047, 0.0189
0.4047, 0.0189
0.4098, 0.0189
0.4098, 0.0189
0.4098, 0.0189
0.4098, 0.0189
0.4098, 0.0189
0.4098, 0.0189
0.4098, 0.0216
0.4098, 0.0216
0.4098, 0.0216
0.4098, 0.0216
0.4098, 0.0216
0.4098, 0.0216
0.4098, 0.0216
0.4098, 0.0216
0.4098, 0.0216
0.4148, 0.0243
0.4148, 0.0243
0.4148, 0.0243
0.4148, 0.0243
0.4148, 0.0243
0.4148, 0.0243
0.4148, 0.0243
0.4148, 0.0243
0.4148, 0.0243
0.4148, 0.0243
0.4148, 0.0243
0.4148, 0.0243
0.4148, 0.0243
0.4148, 0.0243
0.4148, 0.0243
0.4198, 0.0243
0.4198, 0.0243
0.4198, 0.0243
0.4198, 0.0243
0.4198, 0.0243
0.4198, 0.0243
0.4198, 0.0243
0.4198, 0.0243
0.4198, 0.0243
0.4198, 0.0270
0.4198, 0.0270
0.4198, 0.0270
0.4198, 0.0270
0.4198, 0.0270
0.4198, 0.0270
0.4248, 0.0270
0.4248, 0.0270
0.4248, 0.0270
0.4248, 0.0297
0.4248, 0.0297
0.4248, 0.0297
0.4298, 0.0297
0.4298, 0.0297
0.4298, 0.0297
0.4298, 0.0297
0.4298, 0.0297
0.4298, 0.0297
0.4349, 0.0297
0.4349, 0.0297
0.4349, 0.0297
0.4349, 0.0297
0.4349, 0.0297
0.4349, 0.0324
0.4349, 0.0324
0.4349, 0.0324
0.4349, 0.0324
0.4349, 0.0324
0.4349, 0.0324
0.4349, 0.0351
0.4349, 0.0351
0.4349, 0.0351
0.4399, 0.0351
0.4399, 0.0351
0.4399, 0.0351
0.4399, 0.0378
0.4399, 0.0378
0.4399, 0.0378
0.4399, 0.0378
0.4399, 0.0378
0.4449, 0.0378
0.4449, 0.0378
0.4449, 0.0378
0.4449, 0.0378
0.4449, 0.0378
0.4449, 0.0378
0.4449, 0.0378
0.4449, 0.0378
0.4449, 0.0378
0.4449, 0.0405
0.4449, 0.0405
0.4449, 0.0405
0.4449, 0.0405
0.4449, 0.0405
0.4449, 0.0432
0.4449, 0.0432
0.4449, 0.0432
0.4499, 0.0432
0.4499, 0.0432
0.4499, 0.0432
0.4499, 0.0432
0.4499, 0.0432
0.4549, 0.0432
0.4549, 0.0432
0.4549, 0.0432
0.4549, 0.0459
0.4549, 0.0459
0.4549, 0.0459
0.4599, 0.0459
0.4599, 0.0459
0.4599, 0.0459
0.4599, 0.0486
0.4599, 0.0486
0.4599, 0.0486
0.4599, 0.0486
0.4599, 0.0486
0.4599, 0.0486
0.4599, 0.0486
0.4599, 0.0486
0.4599, 0.0514
0.4599, 0.0514
0.4599, 0.0514
0.4649, 0.0514
0.4649, 0.0514
0.4649, 0.0514
0.4649, 0.0514
0.4649, 0.0514
0.4649, 0.0514
0.4699, 0.0514
0.4699, 0.0514
0.4699, 0.0514
0.4699, 0.0541
0.4699, 0.0541
0.4699, 0.0568
0.4699, 0.0568
0.4699, 0.0568
0.4699, 0.0568
0.4699, 0.0568
0.4699, 0.0568
0.4699, 0.0568
0.4699, 0.0568
0.4699, 0.0568
0.4749, 0.0568
0.4749, 0.0568
0.4749, 0.0568
0.4749, 0.0595
0.4749, 0.0595
0.4749, 0.0595
0.4749, 0.0595
0.4749, 0.0595
0.4799, 0.0595
0.4799, 0.0595
0.4799, 0.0595
0.4799, 0.0622
0.4799, 0.0622
0.4799, 0.0622
0.4799, 0.0622
0.4799, 0.0622
0.4849, 0.0649
0.4849, 0.0649
0.4849, 0.0649
0.4849, 0.0649
0.4849, 0.0649
0.4849, 0.0649
0.4849, 0.0649
0.4849, 0.0649
0.4849, 0.0649
0.4849, 0.0649
0.4849, 0.0649
0.4849, 0.0649
0.4849, 0.0676
0.4849, 0.0676
0.4849, 0.0676
0.4900, 0.0703
0.4900, 0.0703
0.4900, 0.0703
0.4950, 0.0703
0.4950, 0.0703
0.4950, 0.0703
0.4950, 0.0730
0.4950, 0.0730
0.4950, 0.0730
0.4950, 0.0757
0.4950, 0.0757
0.5000, 0.0757
0.5000, 0.0757
0.5000, 0.0757
0.5000, 0.0784
0.5000, 0.0784
0.5000, 0.0784
0.5000, 0.0784
0.5000, 0.0784
0.5000, 0.0811
0.5000, 0.0811
0.5000, 0.0811
0.5000, 0.0811
0.5000, 0.0811
0.5050, 0.0811
0.5050, 0.0811
0.5050, 0.0811
0.5050, 0.0838
0.5050, 0.0838
0.5050, 0.0838
0.5050, 0.0838
0.5050, 0.0838
0.5050, 0.0838
0.5050, 0.0838
0.5050, 0.0838
0.5050, 0.0838
0.5050, 0.0838
0.5050, 0.0838
0.5050, 0.0838
0.5050, 0.0838
0.5050, 0.0838
0.5050, 0.0838
0.5050, 0.0838
0.5050, 0.0838
0.5050, 0.0838
0.5050, 0.0838
0.5050, 0.0838
0.5050, 0.0838
0.5050, 0.0838
0.5050, 0.0838
0.5050, 0.0865
0.5050, 0.0865
0.5050, 0.0865
0.5050, 0.0865
0.5050, 0.0865
0.5050, 0.0892
0.5050, 0.0892
0.5050, 0.0892
0.5050, 0.0892
0.5050, 0.0892
0.5050, 0.0892
0.5050, 0.0892
0.5050, 0.0892
0.5050, 0.0892
0.5050, 0.0892
0.5050, 0.0892
0.5050, 0.0892
0.5100, 0.0892
0.5100, 0.0892
0.5100, 0.0919
0.5100, 0.0919
0.5100, 0.0919
0.5100, 0.0919
0.5100, 0.0919
0.5100, 0.0919
0.5100, 0.0919
0.5100, 0.0919
0.5100, 0.0919
0.5100, 0.0946
0.5100, 0.0946
0.5100, 0.0946
0.5100, 0.0946
0.5100, 0.0946
0.5100, 0.0946
0.5100, 0.0946
0.5100, 0.0946
0.5100, 0.0946
0.5100, 0.0946
0.5100, 0.0946
0.5100, 0.0946
0.5100, 0.0946
0.5100, 0.0946
0.5100, 0.0973
0.5100, 0.0973
0.5100, 0.0973
0.5100, 0.0973
0.5100, 0.0973
0.5100, 0.0973
0.5100, 0.0973
0.5100, 0.0973
0.5100, 0.0973
0.5100, 0.0973
0.5100, 0.0973
0.5100, 0.0973
0.5100, 0.0973
0.5100, 0.0973
0.5100, 0.0973
0.5100, 0.0973
0.5100, 0.0973
0.5100, 0.0973
0.5100, 0.0973
0.5100, 0.0973
0.5100, 0.0973
0.5100, 0.0973
0.5100, 0.0973
0.5100, 0.0973
0.5100, 0.0973
0.5100, 0.0973
0.5100, 0.1000
0.5100, 0.1000
0.5100, 0.1000
0.5100, 0.1000
0.5100, 0.1000
0.5100, 0.1000
0.5100, 0.1000
0.5100, 0.1000
0.5100, 0.1000
0.5100, 0.1000
0.5100, 0.1000
0.5100, 0.1000
0.5100, 0.1000
0.5100, 0.1000
0.5100, 0.1000
0.5100, 0.1000
0.5100, 0.1000
0.5100, 0.1000
0.5100, 0.1000
0.5100, 0.1000
0.5100, 0.1000
0.5100, 0.1000
0.5100, 0.1000
0.5100, 0.1000
0.5100, 0.1000
0.5100, 0.1000
0.5100, 0.1000
0.5100, 0.1000
0.5100, 0.1000
0.5100, 0.1000
0.5100, 0.1000
0.5100, 0.1000
0.5100, 0.1000
0.5100, 0.1000
0.5100, 0.1000
0.5100, 0.1000
0.5100, 0.1000
0.5100, 0.1000
0.5100, 0.1000
0.5100, 0.1000
0.5100, 0.1000
0.5100, 0.1000
0.5100, 0.1000
0.5100, 0.1000
0.5100, 0.1000
0.5100, 0.1000
0.5100, 0.1000
0.5100, 0.1000
0.5100, 0.1000
0.5100, 0.1000
0.5100, 0.1000
0.5100, 0.1000
0.5100, 0.1000
0.5100, 0.1000
0.5100, 0.1000
0.5100, 0.1000
0.5100, 0.1000
0.5100, 0.1000
0.5100, 0.1000
0.5100, 0.1000
0.5100, 0.1000
0.5100, 0.1000
0.5100, 0.1000
0.5100, 0.1000
0.5100, 0.1000
0.5100, 0.1000
0.5100, 0.1000
0.5100, 0.1000
0.5100, 0.1000
0.5100, 0.1000
0.5151, 0.1000
0.5151, 0.1000
0.5151, 0.1000
0.5151, 0.1000
0.5151, 0.1000
0.5151, 0.1000
0.5151, 0.1000
0.5151, 0.1000
0.5151, 0.1000
0.5151, 0.1000
0.5151, 0.1000
0.5151, 0.1000
0.5151, 0.1000
0.5151, 0.1000
0.5151, 0.1000
0.5151, 0.1000
0.5151, 0.1000
0.5151, 0.1000
0.5151, 0.1000
0.5151, 0.1000
0.5151, 0.1000
0.5151, 0.1000
0.5201, 0.0973
0.5201, 0.0973
0.5201, 0.0973
0.5201, 0.0973
0.5201, 0.0973
0.5201, 0.0946
0.5201, 0.0946
0.5201, 0.0946
0.5201, 0.0946
0.5201, 0.0946
0.5201, 0.0946
0.5201, 0.0919
0.5201, 0.0919
0.5201, 0.0919
0.5201, 0.0919
0.5201, 0.0919
0.5201, 0.0919
0.5201, 0.0919
0.5201, 0.0919
0.5201, 0.0919
0.5201, 0.0919
0.5201, 0.0919
0.5201, 0.0919
0.5201, 0.0919
0.5201, 0.0892
0.5201, 0.0892
0.5201, 0.0892
0.5201, 0.0892
0.5201, 0.0892
0.5251, 0.0865
0.5251, 0.0865
0.5251, 0.0865
0.5251, 0.0865
0.5251, 0.0865
0.5251, 0.0865
0.5251, 0.0865
0.5251, 0.0865
0.5251, 0.0865
0.5251, 0.0865
0.5251, 0.0865
0.5251, 0.0838
0.5251, 0.0838
0.5251, 0.0838
0.5251, 0.0838
0.5251, 0.0838
0.5251, 0.0811
0.5251, 0.0811
0.5251, 0.0811
0.5251, 0.0811
0.5251, 0.0811
0.5251, 0.0784
0.5251, 0.0784
0.5251, 0.0784
0.5301, 0.0784
0.5301, 0.0784
0.5301, 0.0784
0.5301, 0.0784
0.5301, 0.0784
0.5301, 0.0784
0.5301, 0.0784
0.5301, 0.0784
0.5301, 0.0784
0.5301, 0.0784
0.5301, 0.0757
0.5301, 0.0757
0.5301, 0.0757
0.5301, 0.0757
0.5301, 0.0757
0.5301, 0.0757
0.5301, 0.0757
0.5301, 0.0757
0.5301, 0.0757
0.5301, 0.0730
0.5301, 0.0730
0.5301, 0.0730
0.5301, 0.0730
0.5301, 0.0730
0.5351, 0.0730
0.5351, 0.0730
0.5351, 0.0730
0.5351, 0.0730
0.5351, 0.0730
0.5351, 0.0730
0.5351, 0.0703
0.5351, 0.0703
0.5351, 0.0703
0.5351, 0.0703
0.5351, 0.0703
0.5351, 0.0676
0.5351, 0.0676
0.5351, 0.0676
0.5351, 0.0676
0.5351, 0.0676
0.5351, 0.0676
0.5351, 0.0676
0.5351, 0.0676
0.5351, 0.0676
0.5351, 0.0676
0.5351, 0.0676
0.5351, 0.0676
0.5351, 0.0676
0.5351, 0.0676
0.5351, 0.0649
0.5351, 0.0649
0.5351, 0.0649
0.5351, 0.0649
0.5351, 0.0649
0.5351, 0.0622
0.5351, 0.0622
0.5351, 0.0622
0.5351, 0.0622
0.5351, 0.0622
0.5351, 0.0595
0.5351, 0.0595
0.5351, 0.0595
0.5351, 0.0595
0.5351, 0.0595
0.5351, 0.0595
0.5351, 0.0595
0.5351, 0.0595
0.5351, 0.0595
0.5351, 0.0595
0.5351, 0.0595
0.5401, 0.0595
0.5401, 0.0595
0.5401, 0.0595
0.5401, 0.0568
0.5401, 0.0568
0.5401, 0.0568
0.5401, 0.0568
0.5401, 0.0568
0.5401, 0.0541
0.5401, 0.0541
0.5401, 0.0541
0.5401, 0.0541
0.5401, 0.0541
0.5401, 0.0541
0.5401, 0.0541
0.5401, 0.0541
0.5451, 0.0514
0.5451, 0.0514
0.5451, 0.0514
0.5451, 0.0514
0.5451, 0.0514
0.5451, 0.0514
0.5451, 0.0486
0.5451, 0.0486
0.5451, 0.0486
0.5451, 0.0486
0.5451, 0.0486
0.5451, 0.0459
0.5451, 0.0459
0.5451, 0.0459
0.5451, 0.0459
0.5451, 0.0459
0.5451, 0.0459
0.5451, 0.0459
0.5451, 0.0459
0.5451, 0.0459
0.5451, 0.0459
0.5451, 0.0459
0.5451, 0.0432
0.5451, 0.0432
0.5501, 0.0432
0.5501, 0.0432
0.5501, 0.0405
0.5501, 0.0405
0.5501, 0.0405
0.5501, 0.0405
0.5501, 0.0405
0.5501, 0.0405
0.5501, 0.0405
0.5501, 0.0405
0.5551, 0.0405
0.5551, 0.0405
0.5551, 0.0405
0.5551, 0.0405
0.5551, 0.0405
0.5551, 0.0405
0.5551, 0.0378
0.5551, 0.0378
0.5551, 0.0378
0.5551, 0.0378
0.5551, 0.0378
0.5551, 0.0378
0.5551, 0.0378
0.5551, 0.0378
0.5551, 0.0378
0.5551, 0.0378
0.5551, 0.0378
0.5551, 0.0378
0.5551, 0.0378
0.5551, 0.0378
0.5551, 0.0378
0.5551, 0.0378
0.5601, 0.0378
0.5601, 0.0378
0.5601, 0.0351
0.5601, 0.0351
0.5601, 0.0351
0.5601, 0.0351
0.5601, 0.0351
0.5601, 0.0351
0.5601, 0.0351
0.5601, 0.0351
0.5601, 0.0351
0.5601, 0.0351
0.5601, 0.0351
0.5601, 0.0351
0.5601, 0.0351
0.5601, 0.0351
0.5601, 0.0324
0.5601, 0.0324
0.5601, 0.0324
0.5601, 0.0324
0.5601, 0.0324
0.5601, 0.0324
0.5601, 0.0324
0.5601, 0.0324
0.5601, 0.0324
0.5601, 0.0324
0.5601, 0.0324
0.5601, 0.0324
0.5601, 0.0324
0.5601, 0.0324
0.5601, 0.0324
0.5601, 0.0324
0.5601, 0.0324
0.5601, 0.0324
0.5601, 0.0324
0.5601, 0.0324
0.5601, 0.0324
0.5601, 0.0324
0.5601, 0.0324
0.5601, 0.0324
0.5601, 0.0324
0.5601, 0.0324
0.5601, 0.0324
0.5601, 0.0324
0.5601, 0.0324
0.5601, 0.0324
0.5601, 0.0324
0.5601, 0.0324
0.5601, 0.0324
0.5601, 0.0324
0.5601, 0.0324
0.5601, 0.0324
0.5601, 0.0324
0.5601, 0.0324
0.5601, 0.0324
0.5601, 0.0324
0.5601, 0.0324
0.5601, 0.0324
0.5601, 0.0324
0.5601, 0.0324
0.5601, 0.0324
0.5601, 0.0324
0.5601, 0.0324
0.5601, 0.0324
0.5601, 0.0324
0.5601, 0.0324
0.5601, 0.0324
0.5601, 0.0324
0.5601, 0.0324
0.5601, 0.0324
0.5601, 0.0324
0.5601, 0.0324
0.5601, 0.0324
0.5601, 0.0324
0.5601, 0.0324
0.5651, 0.0324
0.5651, 0.0324
0.5651, 0.0324
0.5651, 0.0324
0.5651, 0.0324
0.5651, 0.0324
0.5702, 0.0324
0.5702, 0.0324
0.5702, 0.0324
0.5702, 0.0324
0.5702, 0.0324
0.5702, 0.0324
0.5702, 0.0324
0.5702, 0.0324
0.5702, 0.0324
0.5702, 0.0324
0.5702, 0.0324
0.5702, 0.0324
0.5702, 0.0324
0.5752, 0.0351
0.5752, 0.0351
0.5752, 0.0351
0.5752, 0.0351
0.5752, 0.0351
0.5802, 0.0351
0.5802, 0.0351
0.5802, 0.0351
0.5802, 0.0378
0.5802, 0.0378
0.5802, 0.0378
0.5802, 0.0378
0.5802, 0.0378
0.5802, 0.0378
0.5802, 0.0378
0.5802, 0.0378
0.5802, 0.0378
0.5802, 0.0378
0.5852, 0.0378
0.5852, 0.0378
0.5852, 0.0378
0.5852, 0.0378
0.5852, 0.0378
0.5902, 0.0378
0.5902, 0.0378
0.5902, 0.0378
0.5902, 0.0405
0.5902, 0.0405
0.5902, 0.0405
0.5902, 0.0405
0.5902, 0.0405
0.5953, 0.0405
0.5953, 0.0405
0.5953, 0.0405
0.5953, 0.0405
0.5953, 0.0405
0.5953, 0.0432
0.5953, 0.0432
0.5953, 0.0432
0.5953, 0.0432
0.5953, 0.0432
0.5953, 0.0432
0.5953, 0.0432
0.5953, 0.0432
0.6003, 0.0432
0.6003, 0.0432
0.6003, 0.0432
0.6003, 0.0432
0.6003, 0.0432
0.6003, 0.0432
0.6003, 0.0432
0.6003, 0.0459
0.6003, 0.0459
0.6003, 0.0459
0.6003, 0.0459
0.6003, 0.0459
0.6003, 0.0459
0.6053, 0.0459
0.6053, 0.0459
0.6053, 0.0459
0.6053, 0.0459
0.6053, 0.0459
0.6053, 0.0459
0.6053, 0.0459
0.6053, 0.0459
0.6053, 0.0486
0.6053, 0.0486
0.6053, 0.0486
0.6053, 0.0486
0.6053, 0.0486
0.6053, 0.0514
0.6053, 0.0514
0.6053, 0.0514
0.6053, 0.0514
0.6053, 0.0514
0.6103, 0.0514
0.6103, 0.0514
0.6103, 0.0514
0.6103, 0.0514
0.6103, 0.0514
0.6103, 0.0514
0.6103, 0.0514
0.6103, 0.0514
0.6103, 0.0514
0.6103, 0.0514
0.6103, 0.0514
0.6153, 0.0541
0.6153, 0.0541
0.6153, 0.0541
0.6153, 0.0541
0.6153, 0.0541
0.6153, 0.0541
0.6153, 0.0541
0.6203, 0.0568
0.6203, 0.0568
0.6203, 0.0568
0.6203, 0.0568
0.6203, 0.0568
0.6203, 0.0568
0.6203, 0.0568
0.6203, 0.0568
0.6203, 0.0568
0.6203, 0.0568
0.6203, 0.0568
0.6203, 0.0568
0.6203, 0.0568
0.6203, 0.0568
0.6203, 0.0568
0.6203, 0.0595
0.6203, 0.0595
0.6203, 0.0595
0.6253, 0.0595
0.6253, 0.0595
0.6253, 0.0595
0.6253, 0.0595
0.6253, 0.0595
0.6253, 0.0622
0.6253, 0.0622
0.6253, 0.0622
0.6253, 0.0622
0.6253, 0.0622
0.6303, 0.0622
0.6303, 0.0622
0.6303, 0.0649
0.6303, 0.0649
0.6303, 0.0649
0.6303, 0.0649
0.6303, 0.0649
0.6303, 0.0649
0.6303, 0.0649
0.6303, 0.0649
0.6303, 0.0649
0.6303, 0.0649
0.6303, 0.0676
0.6303, 0.0676
0.6303, 0.0676
0.6353, 0.0676
0.6353, 0.0676
0.6353, 0.0676
0.6353, 0.0676
0.6353, 0.0676
0.6353, 0.0703
0.6353, 0.0703
0.6403, 0.0703
0.6403, 0.0703
0.6403, 0.0703
0.6403, 0.0703
0.6403, 0.0703
0.6403, 0.0703
0.6403, 0.0703
0.6403, 0.0703
0.6403, 0.0703
0.6403, 0.0703
0.6403, 0.0703
0.6454, 0.0730
0.6454, 0.0730
0.6454, 0.0730
0.6454, 0.0730
0.6454, 0.0730
0.6454, 0.0730
0.6454, 0.0730
0.6454, 0.0730
0.6454, 0.0757
0.6454, 0.0757
0.6454, 0.0757
0.6454, 0.0757
0.6454, 0.0757
0.6504, 0.0757
0.6504, 0.0757
0.6504, 0.0757
0.6504, 0.0757
0.6504, 0.0757
0.6504, 0.0784
0.6504, 0.0784
0.6554, 0.0784
0.6554, 0.0784
0.6554, 0.0811
0.6554, 0.0811
0.6554, 0.0811
0.6554, 0.0811
0.6554, 0.0811
0.6554, 0.0838
0.6554, 0.0838
0.6554, 0.0838
0.6554, 0.0838
0.6554, 0.0838
0.6604, 0.0838
0.6604, 0.0838
0.6604, 0.0838
0.6604, 0.0838
0.6604, 0.0838
0.6604, 0.0865
0.6604, 0.0865
0.6604, 0.0865
0.6604, 0.0865
0.6604, 0.0865
0.6654, 0.0892
0.6654, 0.0892
0.6654, 0.0892
0.6654, 0.0892
0.6654, 0.0892
0.6654, 0.0892
0.6654, 0.0892
0.6705, 0.0892
0.6705, 0.0892
0.6705, 0.0892
0.6705, 0.0892
0.6705, 0.0892
0.6705, 0.0892
0.6705, 0.0919
0.6705, 0.0919
0.6705, 0.0919
0.6705, 0.0919
0.6705, 0.0919
0.6705, 0.0946
0.6705, 0.0946
0.6705, 0.0946
0.6705, 0.0946
0.6705, 0.0946
0.6705, 0.0973
0.6705, 0.0973
0.6705, 0.0973
0.6705, 0.0973
0.6755, 0.0973
0.6755, 0.0973
0.6755, 0.0973
0.6755, 0.0973
0.6755, 0.0973
0.6755, 0.0973
0.6755, 0.0973
0.6755, 0.0973
0.6755, 0.0973
0.6755, 0.0973
0.6755, 0.0973
0.6755, 0.0973
0.6755, 0.0973
0.6755, 0.0973
0.6755, 0.0973
0.6755, 0.0973
0.6755, 0.1000
0.6755, 0.1000
0.6755, 0.1000
0.6755, 0.1000
0.6755, 0.1000
0.6755, 0.1000
0.6755, 0.1000
0.6755, 0.1000
0.6755, 0.1000
0.6755, 0.1000
0.6755, 0.1000
0.6755, 0.1000
0.6755, 0.1000
0.6755, 0.1000
0.6755, 0.1000
0.6755, 0.1000
0.6755, 0.1000
0.6755, 0.1000
0.6755, 0.1000
0.6755, 0.1000
0.6755, 0.1000
0.6755, 0.1000
0.6755, 0.1000
0.6755, 0.1000
0.6755, 0.1000
0.6755, 0.1000
0.6755, 0.1000
0.6755, 0.1000
0.6755, 0.1000
0.6755, 0.1000
0.6755, 0.1000
0.6755, 0.1000
0.6755, 0.1000
0.6755, 0.1000
0.6755, 0.1000
0.6755, 0.1000
0.6755, 0.1000
0.6755, 0.1000
0.6755, 0.1000
0.6755, 0.1000
0.6755, 0.1000
0.6755, 0.1000
0.6805, 0.1000
0.6805, 0.1000
0.6805, 0.1000
0.6805, 0.1000
0.6805, 0.1000
0.6805, 0.1000
0.6805, 0.1000
0.6805, 0.1000
0.6805, 0.1000
0.6805, 0.1000
0.6805, 0.1000
0.6805, 0.1000
0.6805, 0.1000
0.6805, 0.1000
0.6805, 0.1000
0.6805, 0.1000
0.6805, 0.1000
0.6805, 0.1000
0.6805, 0.1000
0.6805, 0.1000
0.6805, 0.1000
0.6805, 0.1000
0.6805, 0.1000
0.6805, 0.1000
0.6805, 0.1000
0.6805, 0.1000
0.6805, 0.1000
0.6805, 0.1000
0.6805, 0.1000
0.6805, 0.1000
0.6805, 0.0973
0.6805, 0.0973
0.6805, 0.0973
0.6805, 0.0973
0.6855, 0.0946
0.6855, 0.0946
0.6855, 0.0946
0.6855, 0.0946
0.6855, 0.0946
0.6855, 0.0919
0.6855, 0.0919
0.6855, 0.0919
0.6855, 0.0919
0.6855, 0.0919
0.6855, 0.0919
0.6855, 0.0919
0.6855, 0.0919
0.6855, 0.0919
0.6855, 0.0919
0.6855, 0.0919
0.6855, 0.0892
0.6855, 0.0892
0.6855, 0.0892
0.6855, 0.0892
0.6905, 0.0865
0.6905, 0.0865
0.6905, 0.0865
0.6905, 0.0865
0.6905, 0.0865
0.6905, 0.0865
0.6905, 0.0865
0.6905, 0.0865
0.6905, 0.0865
0.6905, 0.0865
0.6905, 0.0865
0.6905, 0.0865
0.6905, 0.0838
0.6905, 0.0838
0.6905, 0.0838
0.6905, 0.0838
0.6905, 0.0838
0.6905, 0.0811
0.6905, 0.0811
0.6905, 0.0811
0.6905, 0.0811
0.6905, 0.0784
0.6905, 0.0784
0.6955, 0.0784
0.6955, 0.0784
0.6955, 0.0784
0.6955, 0.0784
0.6955, 0.0784
0.6955, 0.0784
0.6955, 0.0784
0.6955, 0.0784
0.6955, 0.0784
0.6955, 0.0757
0.6955, 0.0757
0.6955, 0.0757
0.6955, 0.0757
0.6955, 0.0757
0.6955, 0.0730
0.6955, 0.0730
0.6955, 0.0730
0.6955, 0.0730
0.6955, 0.0730
0.6955, 0.0730
0.6955, 0.0730
0.6955, 0.0730
0.6955, 0.0730
0.6955, 0.0703
0.6955, 0.0703
0.6955, 0.0703
0.6955, 0.0703
0.6955, 0.0676
0.6955, 0.0676
0.6955, 0.0676
0.6955, 0.0676
0.6955, 0.0676
0.6955, 0.0676
0.6955, 0.0676
0.6955, 0.0676
0.6955, 0.0676
0.6955, 0.0649
0.6955, 0.0649
0.6955, 0.0649
0.6955, 0.0649
0.6955, 0.0622
0.6955, 0.0622
0.6955, 0.0622
0.6955, 0.0622
0.6955, 0.0622
0.6955, 0.0595
0.6955, 0.0595
0.7005, 0.0595
0.7005, 0.0595
0.7005, 0.0595
0.7005, 0.0595
0.7005, 0.0595
0.7005, 0.0595
0.7005, 0.0595
0.7005, 0.0595
0.7005, 0.0568
0.7005, 0.0568
0.7005, 0.0568
0.7005, 0.0568
0.7005, 0.0568
0.7005, 0.0541
0.7005, 0.0541
0.7005, 0.0541
0.7005, 0.0541
0.7005, 0.0541
0.7005, 0.0541
0.7005, 0.0541
0.7005, 0.0541
0.7005, 0.0541
0.7005, 0.0541
0.7055, 0.0541
0.7055, 0.0541
0.7055, 0.0514
0.7055, 0.0514
0.7055, 0.0514
0.7055, 0.0514
0.7055, 0.0514
0.7055, 0.0514
0.7055, 0.0514
0.7055, 0.0486
0.7055, 0.0486
0.7055, 0.0486
0.7055, 0.0486
0.7055, 0.0486
0.7055, 0.0459
0.7055, 0.0459
0.7055, 0.0459
0.7055, 0.0459
0.7055, 0.0459
0.7055, 0.0459
0.7055, 0.0459
0.7055, 0.0459
0.7055, 0.0459
0.7055, 0.0459
0.7055, 0.0459
0.7055, 0.0459
0.7055, 0.0459
0.7055, 0.0459
0.7105, 0.0432
0.7105, 0.0432
0.7105, 0.0432
0.7105, 0.0432
0.7105, 0.0432
0.7105, 0.0432
0.7105, 0.0432
0.7105, 0.0432
0.7105, 0.0405
0.7105, 0.0405
0.7105, 0.0405
0.7105, 0.0405
0.7155, 0.0405
0.7155, 0.0405
0.7155, 0.0405
0.7155, 0.0405
0.7155, 0.0405
0.7155, 0.0405
0.7155, 0.0405
0.7155, 0.0405
0.7205, 0.0378
0.7205, 0.0378
0.7205, 0.0378
0.7205, 0.0378
0.7205, 0.0351
0.7205, 0.0351
0.7205, 0.0351
0.7205, 0.0351
0.7205, 0.0351
0.7205, 0.0351
0.7205, 0.0351
0.7205, 0.0324
0.7205, 0.0324
0.7205, 0.0324
0.7205, 0.0324
0.7205, 0.0324
0.7256, 0.0324
0.7256, 0.0324
0.7256, 0.0324
0.7256, 0.0324
0.7256, 0.0324
0.7256, 0.0324
0.7256, 0.0324
0.7306, 0.0324
0.7306, 0.0324
0.7306, 0.0297
0.7306, 0.0297
0.7306, 0.0297
0.7306, 0.0297
0.7306, 0.0297
0.7306, 0.0270
0.7306, 0.0270
0.7356, 0.0270
0.7356, 0.0270
0.7356, 0.0270
0.7356, 0.0270
0.7356, 0.0270
0.7406, 0.0270
0.7406, 0.0270
0.7406, 0.0270
0.7406, 0.0270
0.7406, 0.0243
0.7406, 0.0243
0.7406, 0.0243
0.7406, 0.0243
0.7406, 0.0243
0.7406, 0.0243
0.7406, 0.0243
0.7406, 0.0243
0.7456, 0.0216
0.7456, 0.0216
0.7456, 0.0216
0.7456, 0.0216
0.7507, 0.0189
0.7507, 0.0189
0.7507, 0.0189
0.7507, 0.0189
0.7507, 0.0189
0.7557, 0.0189
0.7557, 0.0189
0.7557, 0.0189
0.7557, 0.0189
0.7557, 0.0189
0.7557, 0.0189
0.7557, 0.0189
0.7557, 0.0189
0.7557, 0.0189
0.7557, 0.0189
0.7557, 0.0189
0.7557, 0.0189
0.7607, 0.0162
0.7607, 0.0162
0.7607, 0.0162
0.7607, 0.0162
0.7607, 0.0162
0.7607, 0.0162
0.7607, 0.0162
0.7657, 0.0162
0.7657, 0.0162
0.7657, 0.0162
0.7657, 0.0162
0.7657, 0.0135
0.7657, 0.0135
0.7657, 0.0135
0.7657, 0.0135
0.7657, 0.0135
0.7657, 0.0135
0.7657, 0.0135
0.7707, 0.0135
0.7707, 0.0135
0.7707, 0.0135
0.7707, 0.0135
0.7707, 0.0135
0.7707, 0.0135
0.7707, 0.0135
0.7757, 0.0135
0.7757, 0.0135
0.7757, 0.0135
0.7757, 0.0135
0.7757, 0.0135
0.7807, 0.0135
0.7807, 0.0135
0.7807, 0.0108
0.7807, 0.0108
0.7807, 0.0108
0.7807, 0.0108
0.7807, 0.0108
0.7807, 0.0108
0.7807, 0.0108
0.7857, 0.0108
0.7857, 0.0108
0.7907, 0.0108
0.7907, 0.0108
0.7907, 0.0108
0.7907, 0.0108
0.7907, 0.0108
0.7907, 0.0081
0.7907, 0.0081
0.7957, 0.0081
0.7957, 0.0081
0.8007, 0.0081
0.8007, 0.0081
0.8007, 0.0081
0.8058, 0.0081
0.8058, 0.0081
0.8058, 0.0081
0.8058, 0.0081
0.8058, 0.0081
0.8058, 0.0054
0.8058, 0.0054
0.8058, 0.0054
0.8058, 0.0054
0.8108, 0.0054
0.8108, 0.0054
0.8158, 0.0054
0.8158, 0.0054
0.8158, 0.0054
0.8158, 0.0054
0.8158, 0.0054
0.8208, 0.0054
0.8208, 0.0054
0.8258, 0.0054
0.8258, 0.0054
0.8309, 0.0054
0.8309, 0.0054
0.8309, 0.0054
0.8309, 0.0054
0.8309, 0.0054
0.8309, 0.0054
0.8309, 0.0054
0.8359, 0.0054
0.8359, 0.0054
0.8409, 0.0054
0.8409, 0.0054
0.8409, 0.0027
0.8409, 0.0027
0.8459, 0.0027
0.8459, 0.0027
0.8459, 0.0027
0.8509, 0.0027
0.8509, 0.0027
0.8559, 0.0027
0.8559, 0.0027
0.8559, 0.0027
0.8559, 0.0027
0.8609, 0.0027
0.8609, 0.0027
0.8659, 0.0027
0.8659, 0.0027
0.8659, 0.0027
0.8659, 0.0027
0.8659, 0.0027
0.8709, 0.0027
0.8709, 0.0027
0.8759, 0.0027
0.8759, 0.0027
0.8810, 0.0027
0.8810, 0.0027
0.8810, 0.0027
0.8810, 0.0000
0.8810, 0.0000
0.8910, 0.0000
0.8910, 0.0000
0.8910, 0.0000
0.8910, 0.0000
0.8960, 0.0000
0.8960, 0.0000
0.9010, 0.0000
0.9010, 0.0000
0.9010, 0.0000
0.9061, 0.0000
0.9061, 0.0000
0.9061, 0.0000
0.9061, 0.0000
0.9111, 0.0000
0.9111, 0.0000
0.9161, 0.0000
0.9161, 0.0000
0.9161, 0.0000
0.9161, 0.0000
0.9161, 0.0000
0.9211, 0.0000
0.9211, 0.0000
0.9261, 0.0000
0.9261, 0.0000
0.9311, 0.0000
0.9311, 0.0000
0.9311, 0.0000
0.9311, 0.0000
0.9311, 0.0000
0.9311, 0.0000
0.9311, 0.0000
0.9361, 0.0000
0.9361, 0.0000
0.9361, 0.0000
0.9361, 0.0000
0.9361, 0.0000
0.9361, 0.0000
0.9361, 0.0000
0.9411, 0.0000
0.9411, 0.0000
0.9411, 0.0000
0.9411, 0.0000
0.9411, 0.0000
0.9411, 0.0000
0.9411, 0.0000
0.9411, 0.0000
0.9411, 0.0000
0.9411, 0.0000
0.9411, 0.0000
0.9411, 0.0000
0.9411, 0.0000
0.9411, 0.0000
0.9411, 0.0000
0.9411, 0.0000
0.9411, 0.0000
0.9411, 0.0000
0.9411, 0.0000
0.9411, 0.0000
0.9411, 0.0000
0.9411, 0.0000
0.9411, 0.0000
0.9411, 0.0000
0.9411, 0.0000
0.9411, 0.0000
0.9411, 0.0000
0.9411, 0.0000
0.9411, 0.0000
0.9411, 0.0000
0.9411, 0.0000
0.9411, 0.0000
0.9411, 0.0000
0.9411, 0.0000
0.9411, 0.0000
0.9411, 0.0000
0.9411, 0.0000
0.9411, 0.0000
0.9411, 0.0000
0.9411, 0.0000
0.9411, 0.0000
0.9411, 0.0000
0.9411, 0.0000
0.9411, 0.0000
