0.0704, 0.7864
0.0704, 0.7770
0.0751, 0.7723
0.0986, 0.7582
0.1315, 0.7347
0.1643, 0.7254
0.1925, 0.7113
0.2160, 0.7019
0.2347, 0.6972
0.2488, 0.6925
0.2676, 0.6878
0.2864, 0.6878
0.3005, 0.6878
0.3192, 0.6831
0.3333, 0.6831
0.3521, 0.6831
0.3615, 0.6831
0.3709, 0.6831
0.3897, 0.6831
0.4038, 0.6831
0.4225, 0.6831
0.4319, 0.6831
0.4460, 0.6831
0.4554, 0.6831
0.4742, 0.6831
0.4836, 0.6878
0.4930, 0.6878
0.5070, 0.6878
0.5211, 0.6925
0.5305, 0.6925
0.5446, 0.6972
0.5540, 0.6972
0.5634, 0.7066
0.5822, 0.7066
0.5915, 0.7113
0.6056, 0.7113
0.6197, 0.7160
0.6338, 0.7160
0.6479, 0.7207
0.6620, 0.7207
0.6808, 0.7207
0.6995, 0.7207
0.7183, 0.7207
0.7418, 0.7254
0.7559, 0.7254
0.7794, 0.7300
0.7934, 0.7300
0.8122, 0.7347
0.8263, 0.7347
0.8357, 0.7347
0.8498, 0.7347
0.8592, 0.7441
0.8685, 0.7441
0.8779, 0.7441
0.8920, 0.7441
0.9014, 0.7488
0.9108, 0.7488
0.9202, 0.7488
0.9390, 0.7488
0.9484, 0.7535
0.9577, 0.7535
0.9718, 0.7535
0.9765, 0.7582
0.9812, 0.7582
0.9859, 0.7582
0.9906, 0.7582
0.9859, 0.7582
0.9765, 0.7582

0.0000, 0.2699
0.0141, 0.2699
0.0282, 0.2652
0.0423, 0.2652
0.0657, 0.2652
0.0892, 0.2652
0.1127, 0.2652
0.1409, 0.2699
0.1643, 0.2746
0.1878, 0.2887
0.2019, 0.2934
0.2207, 0.2981
0.2301, 0.3075
0.2488, 0.3169
0.2629, 0.3216
0.2770, 0.3357
0.2864, 0.3451
0.3052, 0.3545
0.3146, 0.3685
0.3333, 0.3779
0.3474, 0.3920
0.3615, 0.4108
0.3756, 0.4249
0.3850, 0.4390
0.3991, 0.4577
0.4132, 0.4765
0.4225, 0.4953
0.4319, 0.5141
0.4413, 0.5329
0.4507, 0.5469
0.4554, 0.5610
0.4554, 0.5704
0.4554, 0.5751
0.4554, 0.5798
0.4601, 0.5845
0.4601, 0.5892
0.4648, 0.5751
0.4695, 0.5516
0.4742, 0.5422
0.4742, 0.5329
0.4789, 0.5188
0.4883, 0.5141
0.4883, 0.5094
0.4930, 0.5047
0.4930, 0.5000
0.4977, 0.4953
0.5024, 0.4953
0.5070, 0.4953
0.5258, 0.5000
0.5352, 0.5047
0.5446, 0.5141
0.5540, 0.5235
0.5587, 0.5329
0.5681, 0.5375
0.5681, 0.5422
0.5728, 0.5422
0.5775, 0.5469
0.5822, 0.5516
0.5822, 0.5610
0.5869, 0.5610
0.5915, 0.5657
0.5962, 0.5704
0.5962, 0.5751
0.6056, 0.5751
0.6056, 0.5798
0.6103, 0.5798
0.6103, 0.5845
0.6244, 0.5516
0.6338, 0.5188
0.6432, 0.4953
0.6526, 0.4718
0.6620, 0.4484
0.6714, 0.4343
0.6854, 0.4202
0.6948, 0.3967
0.7042, 0.3873
0.7230, 0.3685
0.7418, 0.3498
0.7653, 0.3263
0.7981, 0.3075
0.8216, 0.2840
0.8451, 0.2699
0.8639, 0.2512
0.8826, 0.2418
0.9014, 0.2324
0.9155, 0.2277
0.9296, 0.2136
0.9343, 0.2136
0.9390, 0.2136
0.9437, 0.2136
0.9530, 0.2136
0.9577, 0.2136
0.9671, 0.2136
0.9765, 0.2183
0.9859, 0.2230
0.9859, 0.2277
0.9953, 0.2277
0.9953, 0.2324
0.9953, 0.2371
0.9953, 0.2418
1.0000, 0.2418
