0.1274, 0.7500
0.1373, 0.7451
0.1618, 0.7304
0.1814, 0.7206
0.2010, 0.7108
0.2157, 0.7059
0.2304, 0.7010
0.2500, 0.6912
0.2647, 0.6863
0.2843, 0.6814
0.2990, 0.6814
0.3088, 0.6765
0.3235, 0.6765
0.3333, 0.6765
0.3431, 0.6716
0.3529, 0.6716
0.3676, 0.6667
0.3725, 0.6667
0.3775, 0.6667
0.3824, 0.6667
0.3872, 0.6667
0.4020, 0.6618
0.4069, 0.6618
0.4118, 0.6618
0.4167, 0.6618
0.4216, 0.6618
0.4265, 0.6618
0.4314, 0.6618
0.4461, 0.6618
0.4559, 0.6618
0.4608, 0.6618
0.4657, 0.6618
0.4755, 0.6618
0.4902, 0.6618
0.5000, 0.6667
0.5147, 0.6667
0.5294, 0.6716
0.5392, 0.6765
0.5539, 0.6814
0.5686, 0.6863
0.5784, 0.6863
0.5882, 0.6961
0.6078, 0.7010
0.6176, 0.7059
0.6323, 0.7059
0.6519, 0.7108
0.6667, 0.7157
0.6912, 0.7206
0.7059, 0.7255
0.7255, 0.7353
0.7402, 0.7402
0.7647, 0.7451
0.7794, 0.7500
0.7941, 0.7549
0.8088, 0.7549
0.8186, 0.7598
0.8284, 0.7598
0.8382, 0.7647
0.8529, 0.7647
0.8627, 0.7647
0.8725, 0.7647
0.8873, 0.7647
0.8922, 0.7647
0.9020, 0.7647
0.9069, 0.7647
0.9167, 0.7647
0.9265, 0.7647
0.9363, 0.7647
0.9412, 0.7647
0.9510, 0.7647
0.9559, 0.7647
0.9608, 0.7647
0.9755, 0.7647
0.9804, 0.7647
0.9853, 0.7647
0.9902, 0.7647
0.9951, 0.7647
1.0000, 0.7647

0.0000, 0.2500
0.0147, 0.2500
0.0245, 0.2451
0.0392, 0.2402
0.0588, 0.2402
0.0686, 0.2402
0.0931, 0.2402
0.1127, 0.2353
0.1373, 0.2353
0.1569, 0.2353
0.1814, 0.2402
0.2010, 0.2402
0.2255, 0.2500
0.2647, 0.2647
0.2843, 0.2745
0.3137, 0.2892
0.3284, 0.3039
0.3578, 0.3186
0.3775, 0.3284
0.3971, 0.3480
0.4216, 0.3627
0.4412, 0.3873
0.4608, 0.4020
0.4755, 0.4167
0.4853, 0.4363
0.5000, 0.4510
0.5049, 0.4706
0.5098, 0.4804
0.5147, 0.4902
0.5196, 0.5049
0.5196, 0.5147
0.5245, 0.5245
0.5245, 0.5343
0.5294, 0.5392
0.5294, 0.5490
0.5294, 0.5441
0.5294, 0.5294
0.5294, 0.5098
0.5294, 0.4853
0.5294, 0.4755
0.5392, 0.4608
0.5441, 0.4559
0.5441, 0.4510
0.5490, 0.4461
0.5539, 0.4461
0.5588, 0.4461
0.5637, 0.4461
0.5784, 0.4461
0.5980, 0.4559
0.6078, 0.4706
0.6323, 0.4804
0.6422, 0.4902
0.6519, 0.5049
0.6667, 0.5098
0.6765, 0.5147
0.6814, 0.5196
0.6863, 0.5196
0.6912, 0.5245
0.7010, 0.5294
0.7059, 0.5343
0.7059, 0.5392
0.7108, 0.5392
0.7157, 0.5490
0.7157, 0.5539
0.7157, 0.5441
0.7206, 0.5294
0.7255, 0.5147
0.7304, 0.4951
0.7402, 0.4804
0.7500, 0.4706
0.7549, 0.4510
0.7647, 0.4412
0.7696, 0.4314
0.7794, 0.4167
0.7892, 0.4118
0.7941, 0.4069
0.7990, 0.3971
0.8088, 0.3823
0.8137, 0.3775
0.8235, 0.3726
0.8284, 0.3627
0.8382, 0.3578
0.8431, 0.3480
0.8529, 0.3333
0.8676, 0.3284
0.8774, 0.3235
0.8823, 0.3186
0.8873, 0.3137
0.9020, 0.3088
0.9069, 0.2990
0.9118, 0.2990
0.9167, 0.2990
0.9216, 0.2941
0.9265, 0.2941
0.9265, 0.2892
0.9314, 0.2892
0.9314, 0.2843
0.9412, 0.2843
