0.0000, 0.8466
0.0000, 0.8343
0.0061, 0.8343
0.0184, 0.8343
0.0307, 0.8343
0.0368, 0.8343
0.0491, 0.8343
0.0552, 0.8343
0.0736, 0.8343
0.0859, 0.8343
0.0982, 0.8343
0.1104, 0.8343
0.1288, 0.8343
0.1350, 0.8343
0.1472, 0.8343
0.1534, 0.8343
0.1718, 0.8343
0.1779, 0.8343
0.1902, 0.8343
0.2025, 0.8343
0.2209, 0.8343
0.2331, 0.8343
0.2393, 0.8282
0.2515, 0.8282
0.2699, 0.8282
0.2822, 0.8282
0.2884, 0.8282
0.2945, 0.8282
0.3006, 0.8282
0.3129, 0.8282
0.3251, 0.8282
0.3374, 0.8221
0.3436, 0.8221
0.3558, 0.8221
0.3620, 0.8159
0.3742, 0.8159
0.3804, 0.8159
0.3926, 0.8098
0.3988, 0.8098
0.4049, 0.8037
0.4110, 0.8037
0.4295, 0.7975
0.4356, 0.7914
0.4417, 0.7730
0.4540, 0.7669
0.4724, 0.7607
0.4785, 0.7546
0.4908, 0.7423
0.4969, 0.7301
0.5031, 0.7239
0.5153, 0.7178
0.5276, 0.7116
0.5337, 0.7055
0.5337, 0.6994
0.5399, 0.6932
0.5460, 0.6932
0.5460, 0.6748
0.5521, 0.6748
0.5521, 0.6687
0.5521, 0.6626
0.5583, 0.6626
0.5583, 0.6564
0.5583, 0.6503
0.5583, 0.6442
0.5583, 0.6319
0.5583, 0.6258
0.5521, 0.6196
0.5460, 0.6135
0.5399, 0.6073
0.5215, 0.6073
0.5153, 0.6012
0.5031, 0.6012
0.4969, 0.5951
0.4847, 0.5890
0.4663, 0.5890
0.4540, 0.5767
0.4417, 0.5767
0.4356, 0.5706
0.4172, 0.5644
0.4110, 0.5644
0.3988, 0.5583
0.3865, 0.5521
0.3804, 0.5521
0.3620, 0.5460
0.3497, 0.5399
0.3374, 0.5399
0.3190, 0.5399
0.3067, 0.5276
0.3006, 0.5215
0.2884, 0.5215
0.2822, 0.5215
0.2761, 0.5215
0.2577, 0.5153
0.2454, 0.5153
0.2393, 0.5153
0.2270, 0.5092
0.2147, 0.5092
0.2025, 0.5031
0.1902, 0.5031
0.1840, 0.4969
0.1656, 0.4969
0.1595, 0.4969
0.1534, 0.4969
0.1472, 0.4969
0.1472, 0.4908
0.1411, 0.4908
0.1350, 0.4908
0.1288, 0.4785
0.1166, 0.4785
0.1227, 0.4785
0.1288, 0.4785
0.1411, 0.4785
0.1472, 0.4847
0.1595, 0.4847
0.1779, 0.4847
0.1902, 0.4847
0.1963, 0.4847
0.2086, 0.4847
0.2270, 0.4908
0.2393, 0.4908
0.2454, 0.4908
0.2577, 0.4908
0.2761, 0.4969
0.2884, 0.4969
0.3006, 0.4969
0.3129, 0.5031
0.3313, 0.5031
0.3436, 0.5031
0.3497, 0.5031
0.3620, 0.5031
0.3742, 0.5092
0.3804, 0.5092
0.3865, 0.5153
0.3926, 0.5153
0.3988, 0.5153
0.4049, 0.5153
0.4110, 0.5153
0.4233, 0.5153
0.4295, 0.5153
0.4356, 0.5153
0.4417, 0.5153
0.4479, 0.5153
0.4540, 0.5153
0.4601, 0.5153
0.4724, 0.5153
0.4785, 0.5153
0.4847, 0.5153
0.4908, 0.5153
0.4969, 0.5153
0.5031, 0.5092
0.5031, 0.5031
0.5092, 0.4908
0.5153, 0.4785
0.5153, 0.4662
0.5276, 0.4540
0.5276, 0.4417
0.5337, 0.4233
0.5337, 0.4110
0.5399, 0.4049
0.5460, 0.3926
0.5460, 0.3865
0.5521, 0.3681
0.5521, 0.3620
0.5583, 0.3558
0.5583, 0.3497
0.5583, 0.3374
0.5583, 0.3251
0.5644, 0.3190
0.5644, 0.3129
0.5644, 0.3067
0.5644, 0.3006
0.5644, 0.2945
0.5644, 0.2883
0.5644, 0.2761
0.5644, 0.2699
0.5521, 0.2638
0.5460, 0.2577
0.5337, 0.2515
0.5153, 0.2515
0.5031, 0.2393
0.4847, 0.2393
0.4663, 0.2331
0.4540, 0.2208
0.4356, 0.2208
0.4172, 0.2147
0.3988, 0.2086
0.3865, 0.2086
0.3681, 0.2024
0.3497, 0.2024
0.3374, 0.1963
0.3190, 0.1902
0.3067, 0.1902
0.2945, 0.1902
0.2822, 0.1902
0.2638, 0.1841
0.2515, 0.1841
0.2454, 0.1841
0.2393, 0.1718
0.2270, 0.1718
0.2086, 0.1718
0.1963, 0.1656
0.1840, 0.1656
0.1779, 0.1656
0.1656, 0.1595
0.1534, 0.1595
0.1472, 0.1595
0.1411, 0.1595
0.1350, 0.1595
0.1288, 0.1595
0.1166, 0.1595
0.1166, 0.1534
0.1104, 0.1534
0.1043, 0.1534

0.3988, 0.8098
0.4049, 0.8159
0.4110, 0.8159
0.4295, 0.8159
0.4295, 0.8221
0.4417, 0.8221
0.4479, 0.8221
0.4540, 0.8221
0.4601, 0.8221
0.4724, 0.8221
0.4847, 0.8221
0.4969, 0.8221
0.5031, 0.8221
0.5153, 0.8221
0.5337, 0.8221
0.5399, 0.8221
0.5460, 0.8221
0.5521, 0.8221
0.5583, 0.8221
0.5644, 0.8221
0.5767, 0.8221
0.5828, 0.8221
0.5890, 0.8221
0.5951, 0.8159
0.6012, 0.8098
0.6012, 0.8037
0.6074, 0.8037
0.6135, 0.7975
0.6135, 0.7914
0.6258, 0.7791
0.6258, 0.7730
0.6319, 0.7669
0.6319, 0.7607
0.6319, 0.7485
0.6380, 0.7423
0.6380, 0.7239
0.6380, 0.7116
0.6442, 0.6994
0.6442, 0.6810
0.6442, 0.6626
0.6442, 0.6503
0.6503, 0.6319
0.6503, 0.6196
0.6564, 0.6073
0.6564, 0.5951
0.6626, 0.5767
0.6749, 0.5644
0.6749, 0.5521
0.6810, 0.5399
0.6871, 0.5215
0.6933, 0.5092
0.6933, 0.4969
0.7055, 0.4724
0.7116, 0.4601
0.7178, 0.4540
0.7301, 0.4417
0.7362, 0.4233
0.7423, 0.4110
0.7485, 0.3988
0.7607, 0.3926
0.7669, 0.3742
0.7791, 0.3681
0.7853, 0.3620
0.7853, 0.3497
0.7914, 0.3497
0.7975, 0.3374
0.7975, 0.3251
0.8037, 0.3251
0.8098, 0.3190
0.8160, 0.3190
0.8282, 0.3190
0.8405, 0.3190
0.8466, 0.3190
0.8589, 0.3190
0.8650, 0.3190
0.8834, 0.3190
0.8896, 0.3190
0.9018, 0.3190
0.9080, 0.3190
0.9202, 0.3190
0.9325, 0.3190
0.9386, 0.3313
0.9448, 0.3313
0.9509, 0.3313
0.9570, 0.3313
0.9632, 0.3313
0.9632, 0.3374
0.9693, 0.3374
0.9816, 0.3374
0.9877, 0.3374
0.9939, 0.3374
1.0000, 0.3374
1.0000, 0.3436
