0.2360, 0.3359
0.2360, 0.3385
0.2406, 0.3385
0.2406, 0.3410
0.2452, 0.3410
0.2499, 0.3410
0.2545, 0.3410
0.2545, 0.3436
0.2592, 0.3436
0.2592, 0.3462
0.2637, 0.3462
0.2684, 0.3462
0.2684, 0.3487
0.2730, 0.3487
0.2777, 0.3487
0.2823, 0.3487
0.2869, 0.3487
0.2916, 0.3513
0.2962, 0.3513
0.3009, 0.3513
0.3054, 0.3513
0.3054, 0.3538
0.3101, 0.3538
0.3147, 0.3538
0.3194, 0.3538
0.3240, 0.3538
0.3286, 0.3538
0.3332, 0.3538
0.3379, 0.3538
0.3426, 0.3538
0.3471, 0.3538
0.3518, 0.3538
0.3564, 0.3538
0.3611, 0.3538
0.3656, 0.3538
0.3703, 0.3538
0.3749, 0.3538
0.3796, 0.3538
0.3842, 0.3538
0.3888, 0.3538
0.3934, 0.3538
0.3981, 0.3538
0.4028, 0.3538
0.4073, 0.3538
0.4120, 0.3538
0.4166, 0.3538
0.4213, 0.3538
0.4259, 0.3538
0.4305, 0.3538
0.4351, 0.3538
0.4398, 0.3538
0.4444, 0.3538
0.4490, 0.3538
0.4537, 0.3538
0.4583, 0.3538
0.4630, 0.3538
0.4676, 0.3538
0.4722, 0.3538
0.4768, 0.3538
0.4815, 0.3538
0.4861, 0.3538
0.4907, 0.3538
0.4953, 0.3538
0.4953, 0.3513
0.5000, 0.3513
0.5047, 0.3513
0.5047, 0.3487
0.5093, 0.3487
0.5093, 0.3462
0.5139, 0.3462
0.5185, 0.3436
0.5185, 0.3410
0.5232, 0.3410
0.5278, 0.3385
0.5278, 0.3359
0.5278, 0.3333
0.5324, 0.3333
0.5324, 0.3308
0.5370, 0.3308
0.5370, 0.3282
0.5370, 0.3256
0.5417, 0.3231
0.5417, 0.3205
0.5417, 0.3179
0.5463, 0.3179
0.5463, 0.3154
0.5510, 0.3128
0.5510, 0.3103
0.5510, 0.3077
0.5510, 0.3051
0.5556, 0.3026
0.5556, 0.3000
0.5556, 0.2974
0.5556, 0.2949
0.5556, 0.2923
0.5602, 0.2923
0.5602, 0.2897
0.5602, 0.2872
0.5602, 0.2846
0.5602, 0.2821
0.5602, 0.2795
0.5602, 0.2769
0.5602, 0.2744
0.5602, 0.2718
0.5602, 0.2692
0.5602, 0.2667
0.5602, 0.2641
0.5602, 0.2615
0.5602, 0.2590
0.5602, 0.2564
0.5602, 0.2538
0.5556, 0.2538
0.5556, 0.2513
0.5556, 0.2487
0.5556, 0.2462
0.5556, 0.2436
0.5510, 0.2436
0.5510, 0.2410
0.5463, 0.2385
0.5463, 0.2359
0.5417, 0.2359
0.5417, 0.2333
0.5370, 0.2333
0.5370, 0.2308
0.5324, 0.2308
0.5324, 0.2282
0.5324, 0.2256
0.5278, 0.2256
0.5232, 0.2231
0.5185, 0.2205
0.5139, 0.2179
0.5093, 0.2179
0.5093, 0.2154
0.5047, 0.2154
0.5047, 0.2128
0.5000, 0.2128
0.4953, 0.2128
0.4953, 0.2103
0.4907, 0.2103
0.4861, 0.2103
0.4861, 0.2077
0.4815, 0.2077
0.4768, 0.2077
0.4768, 0.2051
0.4722, 0.2051
0.4676, 0.2051
0.4630, 0.2051
0.4583, 0.2051
0.4537, 0.2051
0.4490, 0.2026
0.4444, 0.2026
0.4398, 0.2026
0.4351, 0.2000
0.4305, 0.2000
0.4259, 0.2000
0.4213, 0.2000
0.4166, 0.2000
0.4120, 0.2000
0.4073, 0.2000
0.4028, 0.1974
0.3981, 0.1974
0.3934, 0.1974
0.3888, 0.1974
0.3842, 0.1974
0.3796, 0.1974
0.3749, 0.1974
0.3703, 0.1974
0.3656, 0.1974
0.3611, 0.1974
0.3564, 0.1974
0.3518, 0.1974
0.3471, 0.1974
0.3426, 0.1974
0.3379, 0.1974
0.3379, 0.2000
0.3332, 0.2000
0.3379, 0.2000
0.3426, 0.2000
0.3471, 0.2000
0.3518, 0.2000
0.3564, 0.2000
0.3611, 0.2000
0.3656, 0.2000
0.3703, 0.2000
0.3749, 0.2000
0.3796, 0.2000
0.3842, 0.2000
0.3888, 0.2000
0.3934, 0.2000
0.3981, 0.2000
0.4028, 0.2000
0.4073, 0.2000
0.4120, 0.2000
0.4166, 0.2000
0.4213, 0.2000
0.4259, 0.2000
0.4305, 0.2000
0.4351, 0.2000
0.4398, 0.2000
0.4444, 0.2000
0.4490, 0.2000
0.4537, 0.2000
0.4583, 0.2000
0.4630, 0.2000
0.4676, 0.2000
0.4722, 0.1974
0.4768, 0.1974
0.4768, 0.1949
0.4815, 0.1949
0.4815, 0.1923
0.4861, 0.1923
0.4907, 0.1923
0.4953, 0.1923
0.4953, 0.1897
0.5000, 0.1897
0.5000, 0.1872
0.5047, 0.1872
0.5093, 0.1846
0.5139, 0.1846
0.5139, 0.1821
0.5185, 0.1821
0.5185, 0.1795
0.5232, 0.1795
0.5278, 0.1795
0.5278, 0.1769
0.5324, 0.1744
0.5370, 0.1744
0.5370, 0.1718
0.5417, 0.1692
0.5463, 0.1667
0.5510, 0.1667
0.5510, 0.1641
0.5510, 0.1615
0.5556, 0.1615
0.5556, 0.1590
0.5602, 0.1590
0.5602, 0.1564
0.5602, 0.1538
0.5649, 0.1513
0.5649, 0.1487
0.5695, 0.1487
0.5695, 0.1462
0.5695, 0.1436
0.5695, 0.1410
0.5741, 0.1410
0.5741, 0.1385
0.5741, 0.1359
0.5741, 0.1333
0.5741, 0.1308
0.5741, 0.1282
0.5741, 0.1256
0.5741, 0.1231
0.5741, 0.1205
0.5741, 0.1179
0.5741, 0.1154
0.5741, 0.1128
0.5741, 0.1103
0.5741, 0.1077
0.5741, 0.1051
0.5741, 0.1026
0.5741, 0.1000
0.5741, 0.0974
0.5741, 0.0949
0.5741, 0.0923
0.5741, 0.0897
0.5741, 0.0872
0.5741, 0.0846
0.5741, 0.0821
0.5741, 0.0795
0.5741, 0.0769
0.5741, 0.0744
0.5741, 0.0718
0.5741, 0.0692
0.5741, 0.0667
0.5695, 0.0667
0.5695, 0.0641
0.5649, 0.0615
0.5649, 0.0590
0.5649, 0.0564
0.5602, 0.0538
0.5556, 0.0513
0.5556, 0.0487
0.5510, 0.0462
0.5510, 0.0436
0.5463, 0.0410
0.5417, 0.0410
0.5417, 0.0385
0.5417, 0.0359
0.5370, 0.0359
0.5324, 0.0333
0.5324, 0.0308
0.5324, 0.0282
0.5278, 0.0282
0.5232, 0.0282
0.5232, 0.0256
0.5185, 0.0231
0.5139, 0.0231
0.5093, 0.0231
0.5093, 0.0205
0.5047, 0.0205
0.5000, 0.0179
0.4953, 0.0179
0.4907, 0.0179
0.4861, 0.0179
0.4861, 0.0154
0.4815, 0.0154
0.4768, 0.0154
0.4722, 0.0154
0.4676, 0.0154
0.4630, 0.0154
0.4630, 0.0128
0.4583, 0.0128
0.4537, 0.0128
0.4490, 0.0128
0.4444, 0.0103
0.4398, 0.0103
0.4351, 0.0103
0.4305, 0.0103
0.4259, 0.0103
0.4213, 0.0103
0.4166, 0.0077
0.4120, 0.0077
0.4073, 0.0077
0.4028, 0.0077
0.3981, 0.0077
0.3934, 0.0077
0.3888, 0.0077
0.3842, 0.0077
0.3842, 0.0051
0.3796, 0.0051
0.3749, 0.0051
0.3703, 0.0051
0.3656, 0.0051
0.3611, 0.0051
0.3564, 0.0051
0.3518, 0.0051
0.3471, 0.0051
0.3426, 0.0051
0.3379, 0.0051
0.3332, 0.0051
0.3286, 0.0051
0.3240, 0.0051
0.3194, 0.0051
0.3147, 0.0051
0.3101, 0.0051
0.3054, 0.0051
0.3009, 0.0051
0.2962, 0.0051
0.2916, 0.0051
0.2869, 0.0051
0.2823, 0.0077
0.2777, 0.0077
0.2730, 0.0077
0.2684, 0.0077
0.2637, 0.0077
0.2592, 0.0077
0.2545, 0.0077
0.2499, 0.0077
0.2452, 0.0103
0.2406, 0.0128
0.2313, 0.0128
0.2267, 0.0128
0.2220, 0.0154
0.2220, 0.0179
0.2175, 0.0179
0.2128, 0.0205
0.2082, 0.0205
0.2035, 0.0205
0.1990, 0.0231
0.1943, 0.0256
0.1897, 0.0256
0.1850, 0.0256
0.1803, 0.0256
0.1758, 0.0282
0.1711, 0.0282
0.1665, 0.0282
0.1665, 0.0308

0.5602, 0.3000
0.5602, 0.3026
0.5602, 0.3051
0.5649, 0.3077
0.5649, 0.3103
0.5695, 0.3103
0.5741, 0.3103
0.5741, 0.3128
0.5787, 0.3128
0.5787, 0.3154
0.5834, 0.3154
0.5880, 0.3179
0.5927, 0.3179
0.5972, 0.3205
0.6019, 0.3231
0.6066, 0.3231
0.6112, 0.3256
0.6158, 0.3256
0.6204, 0.3282
0.6251, 0.3308
0.6297, 0.3308
0.6344, 0.3308
0.6389, 0.3308
0.6436, 0.3308
0.6482, 0.3308
0.6529, 0.3308
0.6574, 0.3308
0.6621, 0.3308
0.6668, 0.3308
0.6714, 0.3308
0.6760, 0.3308
0.6806, 0.3308
0.6853, 0.3308
0.6899, 0.3308
0.6899, 0.3282
0.6946, 0.3256
0.6991, 0.3256
0.7038, 0.3231
0.7084, 0.3231
0.7131, 0.3205
0.7177, 0.3205
0.7223, 0.3179
0.7223, 0.3154
0.7270, 0.3128
0.7316, 0.3128
0.7363, 0.3128
0.7363, 0.3103
0.7408, 0.3077
0.7455, 0.3077
0.7455, 0.3051
0.7501, 0.3051
0.7501, 0.3026
0.7548, 0.3026
0.7548, 0.3000
0.7594, 0.3000
0.7594, 0.2974
0.7640, 0.2949
0.7687, 0.2949
0.7687, 0.2923
0.7733, 0.2923
0.7733, 0.2897
0.7733, 0.2872
0.7780, 0.2872
0.7780, 0.2846
0.7780, 0.2821
0.7825, 0.2821
0.7825, 0.2795
0.7872, 0.2769
0.7872, 0.2744
0.7918, 0.2744
0.7918, 0.2718
0.7918, 0.2692
0.7918, 0.2667
0.7918, 0.2641
0.7965, 0.2615
0.7965, 0.2590
0.8010, 0.2564
0.8010, 0.2513
0.8010, 0.2487
0.8057, 0.2487
0.8057, 0.2436
0.8057, 0.2410
0.8057, 0.2385
0.8057, 0.2359
0.8057, 0.2333
0.8057, 0.2308
0.8103, 0.2282
0.8103, 0.2256
0.8103, 0.2205
0.8150, 0.2179
0.8150, 0.2154
0.8150, 0.2128
0.8150, 0.2103
0.8150, 0.2077
0.8150, 0.2051
0.8150, 0.2026
0.8150, 0.2000
0.8150, 0.1974
0.8150, 0.1949
0.8150, 0.1923
0.8150, 0.1897
0.8150, 0.1872
0.8150, 0.1846
0.8150, 0.1821
0.8150, 0.1795
0.8150, 0.1769
0.8150, 0.1744
0.8150, 0.1718
0.8150, 0.1692
0.8150, 0.1667
0.8150, 0.1641
0.8150, 0.1615
0.8150, 0.1590
0.8150, 0.1564
0.8150, 0.1538
0.8150, 0.1513
0.8150, 0.1487
0.8150, 0.1462
0.8150, 0.1436
0.8150, 0.1410
0.8150, 0.1385
0.8150, 0.1359
0.8150, 0.1308
0.8150, 0.1282
0.8150, 0.1256
0.8150, 0.1231
0.8150, 0.1205
0.8150, 0.1179
0.8150, 0.1154
0.8150, 0.1128
0.8197, 0.1103
0.8197, 0.1077
0.8197, 0.1051
0.8197, 0.1026
0.8197, 0.1000
0.8197, 0.0974
0.8242, 0.0949
0.8242, 0.0923
0.8242, 0.0897
0.8242, 0.0872
0.8242, 0.0846
0.8289, 0.0821
0.8289, 0.0795
0.8289, 0.0744
0.8289, 0.0718
0.8289, 0.0667
0.8289, 0.0641
0.8289, 0.0615
0.8289, 0.0590
0.8335, 0.0590
0.8335, 0.0564
0.8335, 0.0538
0.8335, 0.0513
0.8382, 0.0487
0.8382, 0.0462
0.8382, 0.0436
0.8382, 0.0410
0.8382, 0.0385
0.8427, 0.0359
0.8427, 0.0333
0.8474, 0.0333
0.8474, 0.0308
0.8520, 0.0282
0.8520, 0.0256
0.8567, 0.0256
0.8567, 0.0231
0.8613, 0.0231
0.8613, 0.0205
0.8659, 0.0205
0.8705, 0.0179
0.8752, 0.0179
0.8752, 0.0154
0.8799, 0.0154
0.8891, 0.0128
0.8937, 0.0128
0.8984, 0.0128
0.8984, 0.0103
0.9030, 0.0103
0.9030, 0.0077
0.9076, 0.0077
0.9122, 0.0077
0.9215, 0.0077
0.9215, 0.0051
0.9308, 0.0051
0.9354, 0.0051
0.9401, 0.0026
0.9447, 0.0026
0.9493, 0.0026
0.9493, 0.0000
0.9539, 0.0000
0.9586, 0.0000
0.9632, 0.0000
0.9678, 0.0000
0.9724, 0.0000
0.9771, 0.0000
