0.0000, 0.8009
0.0085, 0.8009
0.0339, 0.8009
0.0509, 0.8093
0.0678, 0.8093
0.0932, 0.8093
0.1102, 0.8178
0.1356, 0.8178
0.1610, 0.8178
0.1780, 0.8348
0.2034, 0.8348
0.2204, 0.8348
0.2458, 0.8432
0.2627, 0.8432
0.2797, 0.8432
0.3136, 0.8432
0.3305, 0.8432
0.3475, 0.8432
0.3814, 0.8432
0.3898, 0.8432
0.4068, 0.8263
0.4237, 0.8263
0.4492, 0.8178
0.4661, 0.8178
0.4831, 0.8093
0.4915, 0.8093
0.5170, 0.8009
0.5254, 0.8009
0.5339, 0.8009
0.5339, 0.7924
0.5339, 0.7754
0.5339, 0.7500
0.5339, 0.7331
0.5339, 0.7161
0.5254, 0.6991
0.5085, 0.6737
0.5000, 0.6568
0.4831, 0.6398
0.4661, 0.6314
0.4492, 0.6059
0.4237, 0.5975
0.4068, 0.5890
0.3898, 0.5805
0.3644, 0.5720
0.3475, 0.5636
0.3305, 0.5466
0.3220, 0.5466
0.3136, 0.5382
0.3136, 0.5297
0.2966, 0.5297
0.2882, 0.5297
0.2882, 0.5212
0.3136, 0.5127
0.3390, 0.5127
0.3729, 0.5043
0.3898, 0.5043
0.3983, 0.4958
0.4068, 0.4958
0.4237, 0.4958
0.4407, 0.4958
0.4576, 0.4788
0.4746, 0.4788
0.4831, 0.4703
0.4915, 0.4703
0.5000, 0.4703
0.5170, 0.4619
0.5254, 0.4619
0.5339, 0.4534
0.5424, 0.4449
0.5509, 0.4449
0.5593, 0.4280
0.5678, 0.4025
0.5848, 0.3941
0.5848, 0.3856
0.5932, 0.3771
0.5932, 0.3602
0.6017, 0.3517
0.6017, 0.3348
0.6017, 0.3178
0.6017, 0.3093
0.5932, 0.2924
0.5763, 0.2670
0.5593, 0.2585
0.5339, 0.2415
0.5085, 0.2331
0.4915, 0.2246
0.4661, 0.2161
0.4492, 0.1992
0.4237, 0.1907
0.4068, 0.1822
0.3898, 0.1737
0.3644, 0.1737
0.3475, 0.1652
0.3390, 0.1652
0.3390, 0.1568
0.3305, 0.1568
0.3220, 0.1568
0.3136, 0.1568
0.3136, 0.1483
0.2966, 0.1483
0.2882, 0.1483

0.4746, 0.8178
0.4831, 0.8178
0.5000, 0.8348
0.5339, 0.8432
0.5509, 0.8432
0.5678, 0.8432
0.5932, 0.8517
0.6102, 0.8517
0.6186, 0.8517
0.6271, 0.8517
0.6356, 0.8517
0.6610, 0.8178
0.6695, 0.8009
0.6864, 0.7839
0.6864, 0.7585
0.6949, 0.7500
0.7034, 0.7331
0.7034, 0.7246
0.7034, 0.7076
0.7203, 0.6822
0.7203, 0.6652
0.7203, 0.6398
0.7203, 0.6144
0.7203, 0.5890
0.7203, 0.5720
0.7203, 0.5466
0.7203, 0.5212
0.7203, 0.4958
0.7288, 0.4703
0.7288, 0.4534
0.7288, 0.4449
0.7373, 0.4364
0.7373, 0.4280
0.7458, 0.4195
0.7458, 0.4025
0.7543, 0.4025
0.7627, 0.3941
0.7627, 0.3856
0.7712, 0.3856
0.7797, 0.3771
0.7966, 0.3686
0.8051, 0.3686
0.8136, 0.3686
0.8305, 0.3686
0.8475, 0.3686
0.8814, 0.3686
0.8983, 0.3686
0.9068, 0.3686
0.9152, 0.3686
0.9407, 0.3686
0.9491, 0.3686
0.9576, 0.3686
0.9661, 0.3686
0.9746, 0.3686
0.9831, 0.3771
1.0000, 0.3771
