0.0000, 0.8068
0.0000, 0.8144
0.0076, 0.8144
0.0227, 0.8144
0.0379, 0.8220
0.0455, 0.8220
0.0530, 0.8295
0.0682, 0.8295
0.0909, 0.8295
0.0985, 0.8295
0.1136, 0.8371
0.1288, 0.8447
0.1439, 0.8447
0.1591, 0.8447
0.1742, 0.8447
0.1818, 0.8523
0.1894, 0.8523
0.1970, 0.8523
0.2121, 0.8523
0.2197, 0.8674
0.2273, 0.8674
0.2348, 0.8674
0.2424, 0.8674
0.2500, 0.8598
0.2576, 0.8447
0.2727, 0.8220
0.2803, 0.8068
0.2879, 0.7841
0.2879, 0.7689
0.2879, 0.7462
0.2879, 0.7235
0.2879, 0.7083
0.2879, 0.7008
0.2879, 0.6932
0.2879, 0.6856
0.2879, 0.6705
0.2803, 0.6629
0.2576, 0.6553
0.2424, 0.6477
0.2273, 0.6477
0.2045, 0.6402
0.1894, 0.6326
0.1667, 0.6250
0.1591, 0.6250
0.1364, 0.6099
0.1288, 0.6099
0.1212, 0.6023
0.1136, 0.6023
0.1061, 0.6023
0.0985, 0.6023
0.0985, 0.5947
0.1061, 0.5871
0.1439, 0.5795
0.1667, 0.5644
0.1894, 0.5644
0.2197, 0.5568
0.2348, 0.5417
0.2500, 0.5417
0.2727, 0.5341
0.2879, 0.5265
0.3030, 0.5265
0.3182, 0.5189
0.3409, 0.5113
0.3636, 0.5038
0.3939, 0.4962
0.4167, 0.4810
0.4318, 0.4735
0.4470, 0.4659
0.4621, 0.4659
0.4697, 0.4583
0.4773, 0.4507
0.4849, 0.4432
0.4924, 0.4204
0.5000, 0.4129
0.5076, 0.4053
0.5076, 0.3901
0.5227, 0.3826
0.5227, 0.3598
0.5227, 0.3523
0.5227, 0.3371
0.5151, 0.3295
0.5076, 0.3144
0.5000, 0.2917
0.4924, 0.2765
0.4773, 0.2689
0.4546, 0.2538
0.4470, 0.2311
0.4318, 0.2235
0.4091, 0.2159
0.3788, 0.2008
0.3636, 0.1932
0.3409, 0.1856
0.3106, 0.1704
0.2954, 0.1629
0.2803, 0.1553
0.2576, 0.1477
0.2424, 0.1401
0.2273, 0.1401
0.2197, 0.1401
0.2045, 0.1326
0.1970, 0.1326
0.1894, 0.1326
0.1818, 0.1326
0.1742, 0.1326

0.2954, 0.7689
0.2954, 0.7765
0.2954, 0.7841
0.2954, 0.7992
0.3030, 0.8068
0.3106, 0.8144
0.3182, 0.8220
0.3333, 0.8220
0.3485, 0.8295
0.3636, 0.8295
0.3712, 0.8371
0.3939, 0.8371
0.4015, 0.8371
0.4167, 0.8447
0.4318, 0.8447
0.4470, 0.8447
0.4697, 0.8523
0.4773, 0.8523
0.4924, 0.8674
0.5000, 0.8674
0.5076, 0.8674
0.5076, 0.8598
0.5227, 0.8371
0.5303, 0.8068
0.5303, 0.7765
0.5303, 0.7538
0.5379, 0.7159
0.5379, 0.6932
0.5379, 0.6553
0.5379, 0.6326
0.5379, 0.6023
0.5454, 0.5795
0.5454, 0.5644
0.5454, 0.5341
0.5454, 0.5113
0.5454, 0.4962
0.5530, 0.4735
0.5606, 0.4583
0.5606, 0.4507
0.5682, 0.4356
0.5833, 0.4129
0.5909, 0.3977
0.5909, 0.3826
0.5985, 0.3750
0.6060, 0.3598
0.6136, 0.3447
0.6212, 0.3371
0.6288, 0.3295
0.6439, 0.3220
0.6515, 0.3144
0.6666, 0.3068
0.6742, 0.3068
0.6894, 0.2917
0.7121, 0.2841
0.7197, 0.2765
0.7348, 0.2689
0.7500, 0.2614
0.7727, 0.2614
0.7879, 0.2538
0.8030, 0.2462
0.8182, 0.2462
0.8409, 0.2462
0.8485, 0.2462
0.8561, 0.2462
0.8636, 0.2462
0.8712, 0.2462
0.8939, 0.2462
0.9091, 0.2462
0.9167, 0.2462
0.9318, 0.2538
0.9394, 0.2689
0.9621, 0.2765
0.9697, 0.2841
0.9773, 0.3068
0.9848, 0.3144
0.9848, 0.3220
0.9924, 0.3220
0.9924, 0.3295
0.9924, 0.3371
1.0000, 0.3371
