0.0000, 0.8272
0.0062, 0.8272
0.0309, 0.8272
0.0556, 0.8272
0.0926, 0.8272
0.1173, 0.8272
0.1482, 0.8272
0.1667, 0.8272
0.1975, 0.8272
0.2160, 0.8272
0.2469, 0.8272
0.2654, 0.8272
0.2963, 0.8272
0.3210, 0.8272
0.3395, 0.8210
0.3642, 0.8210
0.3827, 0.8148
0.4012, 0.8086
0.4136, 0.8086
0.4259, 0.7963
0.4383, 0.7901
0.4506, 0.7840
0.4630, 0.7778
0.4691, 0.7716
0.4815, 0.7593
0.5000, 0.7407
0.5062, 0.7346
0.5124, 0.7284
0.5124, 0.7160
0.5124, 0.7099
0.5124, 0.6914
0.5124, 0.6790
0.5124, 0.6667
0.4938, 0.6482
0.4815, 0.6358
0.4691, 0.6296
0.4383, 0.6234
0.4198, 0.6173
0.3827, 0.6111
0.3457, 0.6111
0.3210, 0.6111
0.2901, 0.6111
0.2716, 0.6111
0.2593, 0.6111
0.2407, 0.6111
0.2284, 0.6111
0.2222, 0.6111
0.2160, 0.6111
0.2037, 0.6111
0.1914, 0.6111
0.1790, 0.6111
0.1728, 0.6111
0.1667, 0.6111
0.1605, 0.6111
0.1605, 0.5926
0.1790, 0.5864
0.2037, 0.5864
0.2346, 0.5741
0.2654, 0.5679
0.3025, 0.5617
0.3272, 0.5556
0.3642, 0.5556
0.3827, 0.5432
0.4012, 0.5370
0.4136, 0.5370
0.4198, 0.5309
0.4321, 0.5247
0.4506, 0.5185
0.4568, 0.5123
0.4753, 0.4938
0.4876, 0.4753
0.5062, 0.4630
0.5124, 0.4506
0.5247, 0.4321
0.5247, 0.4136
0.5309, 0.4012
0.5370, 0.3827
0.5370, 0.3704
0.5370, 0.3642
0.5370, 0.3518
0.5370, 0.3333
0.5370, 0.3210
0.5247, 0.3148
0.5185, 0.3025
0.5124, 0.2901
0.4938, 0.2778
0.4691, 0.2593
0.4383, 0.2469
0.4136, 0.2284
0.3889, 0.2222
0.3704, 0.2099
0.3457, 0.2037
0.3333, 0.1975
0.3210, 0.1975
0.3025, 0.1852
0.2840, 0.1790
0.2716, 0.1728
0.2593, 0.1728
0.2531, 0.1728
0.2346, 0.1790
0.2284, 0.1975
0.2222, 0.2037

0.4753, 0.8086
0.4815, 0.8086
0.5000, 0.8086
0.5185, 0.8148
0.5309, 0.8148
0.5432, 0.8148
0.5617, 0.8210
0.5741, 0.8210
0.5802, 0.8210
0.5864, 0.8210
0.5926, 0.8210
0.6049, 0.8210
0.6111, 0.8210
0.6173, 0.8210
0.6235, 0.8210
0.6296, 0.8210
0.6296, 0.8148
0.6358, 0.8086
0.6420, 0.7963
0.6605, 0.7778
0.6605, 0.7654
0.6667, 0.7469
0.6667, 0.7346
0.6667, 0.7222
0.6667, 0.6975
0.6667, 0.6852
0.6667, 0.6667
0.6667, 0.6482
0.6667, 0.6358
0.6667, 0.6234
0.6667, 0.6173
0.6667, 0.6049
0.6667, 0.5926
0.6667, 0.5802
0.6667, 0.5741
0.6667, 0.5617
0.6667, 0.5556
0.6728, 0.5370
0.6728, 0.5247
0.6728, 0.5185
0.6790, 0.5062
0.6852, 0.4876
0.6852, 0.4753
0.6852, 0.4630
0.6914, 0.4568
0.6914, 0.4383
0.7037, 0.4321
0.7037, 0.4259
0.7037, 0.4198
0.7099, 0.4074
0.7099, 0.4012
0.7160, 0.3889
0.7160, 0.3827
0.7222, 0.3704
0.7222, 0.3642
0.7284, 0.3580
0.7284, 0.3518
0.7284, 0.3395
0.7346, 0.3395
0.7346, 0.3333
0.7407, 0.3272
0.7407, 0.3210
0.7469, 0.3210
0.7593, 0.3210
0.7654, 0.3210
0.7716, 0.3210
0.7778, 0.3210
0.7901, 0.3148
0.8086, 0.3148
0.8148, 0.3148
0.8272, 0.3148
0.8333, 0.3148
0.8457, 0.3148
0.8642, 0.3148
0.8765, 0.3148
0.8889, 0.3148
0.8951, 0.3148
0.9136, 0.3210
0.9259, 0.3210
0.9321, 0.3272
0.9444, 0.3272
0.9506, 0.3333
0.9691, 0.3333
0.9753, 0.3333
0.9815, 0.3457
0.9876, 0.3457
0.9938, 0.3457
1.0000, 0.3518
