0.0000, 0.7293
0.0064, 0.7293
0.0255, 0.7293
0.0573, 0.7293
0.0764, 0.7293
0.1019, 0.7293
0.1210, 0.7293
0.1465, 0.7293
0.1720, 0.7293
0.2166, 0.7293
0.2420, 0.7293
0.2739, 0.7229
0.3121, 0.7229
0.3376, 0.7166
0.3694, 0.7102
0.3949, 0.7038
0.4204, 0.6911
0.4395, 0.6911
0.4650, 0.6847
0.4713, 0.6783
0.4841, 0.6783
0.4904, 0.6720
0.4968, 0.6656
0.5032, 0.6592
0.5159, 0.6529
0.5223, 0.6401
0.5287, 0.6338
0.5350, 0.6274
0.5350, 0.6210
0.5350, 0.6146
0.5350, 0.6083
0.5350, 0.6019
0.5350, 0.5955
0.5350, 0.5828
0.5287, 0.5764
0.5223, 0.5701
0.4968, 0.5637
0.4841, 0.5573
0.4586, 0.5510
0.4459, 0.5510
0.4331, 0.5446
0.4204, 0.5446
0.3949, 0.5318
0.3758, 0.5255
0.3503, 0.5255
0.3312, 0.5191
0.3121, 0.5127
0.2866, 0.5127
0.2739, 0.5064
0.2611, 0.5064
0.2484, 0.5064
0.2357, 0.5064
0.2293, 0.5064
0.2229, 0.5000
0.2166, 0.5000
0.2102, 0.5000
0.1975, 0.5000
0.2102, 0.5000
0.2293, 0.5000
0.2548, 0.5000
0.2739, 0.5000
0.2930, 0.5000
0.3121, 0.5000
0.3248, 0.5000
0.3376, 0.5000
0.3567, 0.5000
0.3694, 0.5000
0.3885, 0.5000
0.4013, 0.5000
0.4204, 0.5000
0.4331, 0.5000
0.4522, 0.5000
0.4713, 0.5000
0.4841, 0.5000
0.5032, 0.5000
0.5287, 0.5000
0.5414, 0.4936
0.5669, 0.4809
0.5732, 0.4809
0.5796, 0.4745
0.5860, 0.4682
0.5860, 0.4618
0.5860, 0.4554
0.5860, 0.4490
0.5860, 0.4299
0.5860, 0.4172
0.5860, 0.4108
0.5732, 0.3981
0.5541, 0.3854
0.5414, 0.3662
0.5287, 0.3599
0.5096, 0.3471
0.4968, 0.3408
0.4841, 0.3344
0.4713, 0.3217
0.4522, 0.3089
0.4395, 0.3025
0.4268, 0.3025
0.4204, 0.2962
0.4013, 0.2898
0.3949, 0.2898
0.3885, 0.2898
0.3822, 0.2834
0.3758, 0.2834
0.3694, 0.2707
0.3631, 0.2707
0.3503, 0.2707
0.3439, 0.2707
0.3376, 0.2707
0.3312, 0.2707

0.4904, 0.6656
0.4904, 0.6720
0.4904, 0.6783
0.4968, 0.6847
0.5032, 0.6847
0.5159, 0.6975
0.5223, 0.6975
0.5350, 0.6975
0.5414, 0.7038
0.5478, 0.7038
0.5669, 0.7038
0.5732, 0.7038
0.5860, 0.7102
0.5987, 0.7102
0.6051, 0.7102
0.6242, 0.7102
0.6369, 0.7102
0.6433, 0.7166
0.6497, 0.7166
0.6624, 0.7166
0.6752, 0.7166
0.6879, 0.7166
0.6943, 0.7166
0.7006, 0.7166
0.7070, 0.7166
0.7070, 0.7038
0.7070, 0.6847
0.7070, 0.6656
0.7070, 0.6401
0.7070, 0.6210
0.7006, 0.5955
0.7006, 0.5701
0.7006, 0.5510
0.7006, 0.5318
0.7006, 0.5191
0.7006, 0.5127
0.7006, 0.5000
0.7006, 0.4936
0.7006, 0.4809
0.7070, 0.4682
0.7070, 0.4618
0.7134, 0.4554
0.7261, 0.4490
0.7325, 0.4427
0.7389, 0.4299
0.7452, 0.4236
0.7516, 0.4172
0.7580, 0.4045
0.7771, 0.3981
0.7834, 0.3917
0.7962, 0.3917
0.8025, 0.3854
0.8089, 0.3726
0.8217, 0.3726
0.8408, 0.3726
0.8535, 0.3662
0.8662, 0.3599
0.8854, 0.3599
0.8981, 0.3599
0.9108, 0.3535
0.9236, 0.3535
0.9427, 0.3535
0.9554, 0.3535
0.9618, 0.3535
0.9682, 0.3535
0.9745, 0.3535
0.9873, 0.3535
0.9936, 0.3535
0.9936, 0.3599
1.0000, 0.3599
1.0000, 0.3662
1.0000, 0.3790
1.0000, 0.3854
