0.0000, 0.6903
0.0000, 0.6968
0.0064, 0.6968
0.0322, 0.7032
0.0581, 0.7032
0.0903, 0.7097
0.1097, 0.7097
0.1419, 0.7226
0.1613, 0.7290
0.1935, 0.7290
0.2193, 0.7355
0.2516, 0.7355
0.2710, 0.7419
0.2968, 0.7419
0.3161, 0.7419
0.3419, 0.7419
0.3548, 0.7419
0.3742, 0.7419
0.3935, 0.7355
0.4065, 0.7355
0.4193, 0.7290
0.4258, 0.7290
0.4323, 0.7290
0.4452, 0.7097
0.4516, 0.7097
0.4581, 0.6968
0.4645, 0.6903
0.4710, 0.6839
0.4774, 0.6774
0.4839, 0.6710
0.4968, 0.6581
0.4968, 0.6516
0.4968, 0.6452
0.5032, 0.6387
0.5032, 0.6322
0.5032, 0.6258
0.5032, 0.6194
0.4903, 0.6064
0.4710, 0.6000
0.4581, 0.5936
0.4323, 0.5871
0.4129, 0.5871
0.3935, 0.5806
0.3613, 0.5742
0.3419, 0.5678
0.3161, 0.5678
0.2968, 0.5548
0.2710, 0.5484
0.2581, 0.5484
0.2452, 0.5484
0.2258, 0.5419
0.2193, 0.5419
0.2129, 0.5355
0.2064, 0.5355
0.2000, 0.5355
0.1935, 0.5290
0.1871, 0.5290
0.1806, 0.5226
0.1677, 0.5226
0.1613, 0.5226
0.1613, 0.5161
0.1806, 0.5032
0.2000, 0.4968
0.2323, 0.4968
0.2516, 0.4903
0.2710, 0.4903
0.3032, 0.4839
0.3355, 0.4839
0.3548, 0.4839
0.3871, 0.4774
0.4000, 0.4774
0.4193, 0.4774
0.4323, 0.4710
0.4452, 0.4710
0.4581, 0.4710
0.4645, 0.4645
0.4710, 0.4581
0.4774, 0.4452
0.4839, 0.4322
0.4839, 0.4258
0.4839, 0.4129
0.4839, 0.3936
0.4839, 0.3806
0.4710, 0.3613
0.4581, 0.3419
0.4387, 0.3290
0.4258, 0.3161
0.4129, 0.3097
0.3935, 0.2903
0.3742, 0.2774
0.3613, 0.2645
0.3419, 0.2581
0.3226, 0.2516
0.3097, 0.2452
0.2968, 0.2452
0.2903, 0.2322
0.2774, 0.2322
0.2710, 0.2322
0.2710, 0.2258
0.2645, 0.2258
0.2581, 0.2258
0.2516, 0.2258
0.2452, 0.2258

0.4129, 0.7032
0.4129, 0.7097
0.4193, 0.7226
0.4323, 0.7355
0.4581, 0.7419
0.4710, 0.7484
0.4839, 0.7484
0.5097, 0.7548
0.5226, 0.7613
0.5355, 0.7613
0.5484, 0.7613
0.5613, 0.7742
0.5677, 0.7742
0.5677, 0.7678
0.5742, 0.7419
0.5807, 0.7161
0.5871, 0.6968
0.5871, 0.6710
0.6000, 0.6516
0.6000, 0.6258
0.6065, 0.6064
0.6129, 0.5936
0.6129, 0.5806
0.6129, 0.5678
0.6193, 0.5484
0.6258, 0.5355
0.6258, 0.5290
0.6323, 0.5032
0.6387, 0.4903
0.6387, 0.4710
0.6452, 0.4581
0.6581, 0.4387
0.6581, 0.4258
0.6645, 0.4129
0.6710, 0.3936
0.6710, 0.3871
0.6774, 0.3806
0.6839, 0.3678
0.6903, 0.3548
0.6968, 0.3419
0.7097, 0.3355
0.7161, 0.3290
0.7226, 0.3161
0.7290, 0.3097
0.7355, 0.3032
0.7419, 0.2903
0.7484, 0.2903
0.7742, 0.2839
0.7871, 0.2839
0.8065, 0.2774
0.8323, 0.2774
0.8516, 0.2774
0.8774, 0.2774
0.9032, 0.2968
0.9290, 0.3032
0.9484, 0.3226
0.9742, 0.3355
0.9807, 0.3548
0.9871, 0.3613
0.9935, 0.3678
1.0000, 0.3678
1.0000, 0.3742
