0.0000, 0.7430
0.0093, 0.7430
0.0234, 0.7477
0.0467, 0.7523
0.0794, 0.7523
0.0981, 0.7570
0.1215, 0.7570
0.1402, 0.7570
0.1682, 0.7570
0.1869, 0.7570
0.2103, 0.7570
0.2430, 0.7570
0.2710, 0.7570
0.2944, 0.7523
0.3224, 0.7477
0.3505, 0.7430
0.3738, 0.7430
0.3972, 0.7383
0.4252, 0.7336
0.4486, 0.7243
0.4720, 0.7196
0.4860, 0.7196
0.5094, 0.7150
0.5234, 0.7103
0.5327, 0.7056
0.5467, 0.7009
0.5514, 0.6963
0.5561, 0.6916
0.5607, 0.6822
0.5607, 0.6729
0.5607, 0.6635
0.5607, 0.6542
0.5607, 0.6355
0.5607, 0.6262
0.5607, 0.6168
0.5561, 0.6028
0.5467, 0.5934
0.5280, 0.5888
0.5140, 0.5841
0.4953, 0.5701
0.4813, 0.5701
0.4673, 0.5654
0.4486, 0.5607
0.4393, 0.5607
0.4206, 0.5607
0.4112, 0.5607
0.4019, 0.5607
0.3925, 0.5607
0.3785, 0.5607
0.3645, 0.5607
0.3458, 0.5607
0.3318, 0.5607
0.3178, 0.5607
0.3037, 0.5607
0.2944, 0.5607
0.2850, 0.5607
0.2757, 0.5607
0.2617, 0.5561
0.2570, 0.5561
0.2523, 0.5561
0.2523, 0.5514
0.2617, 0.5467
0.2850, 0.5467
0.3084, 0.5421
0.3271, 0.5374
0.3411, 0.5374
0.3598, 0.5280
0.3738, 0.5280
0.3925, 0.5234
0.4159, 0.5234
0.4393, 0.5187
0.4626, 0.5140
0.4766, 0.5140
0.4860, 0.5093
0.4907, 0.5047
0.4953, 0.5000
0.4953, 0.4906
0.4953, 0.4813
0.5047, 0.4766
0.5047, 0.4673
0.5047, 0.4533
0.5047, 0.4439
0.5047, 0.4346
0.4953, 0.4252
0.4907, 0.4112
0.4813, 0.4019
0.4673, 0.3925
0.4486, 0.3832
0.4393, 0.3692
0.4206, 0.3645
0.4066, 0.3551
0.3925, 0.3458
0.3785, 0.3318
0.3645, 0.3271
0.3551, 0.3178
0.3411, 0.3131
0.3365, 0.3084
0.3271, 0.3084
0.3178, 0.2991
0.3037, 0.2944
0.2897, 0.2944
0.2804, 0.2897
0.2664, 0.2897
0.2570, 0.2850
0.2477, 0.2850
0.2383, 0.2804
0.2243, 0.2804
0.2150, 0.2804
0.2103, 0.2804
0.2009, 0.2757
0.1916, 0.2757
0.1869, 0.2757
0.1822, 0.2757

0.5234, 0.7290
0.5234, 0.7336
0.5280, 0.7336
0.5327, 0.7336
0.5421, 0.7336
0.5467, 0.7383
0.5514, 0.7383
0.5561, 0.7383
0.5607, 0.7383
0.5654, 0.7383
0.5794, 0.7430
0.5841, 0.7430
0.5888, 0.7430
0.5935, 0.7430
0.6028, 0.7430
0.6168, 0.7430
0.6308, 0.7430
0.6449, 0.7383
0.6729, 0.7243
0.6963, 0.7196
0.7150, 0.7150
0.7383, 0.7103
0.7617, 0.7056
0.7851, 0.6963
0.8037, 0.6869
0.8178, 0.6822
0.8271, 0.6776
0.8411, 0.6776
0.8458, 0.6729
0.8505, 0.6682
0.8551, 0.6635
0.8598, 0.6589
0.8645, 0.6449
0.8645, 0.6402
0.8692, 0.6308
0.8692, 0.6215
0.8692, 0.6028
0.8692, 0.5934
0.8692, 0.5841
0.8598, 0.5607
0.8505, 0.5467
0.8365, 0.5280
0.8224, 0.5093
0.8131, 0.4860
0.7944, 0.4673
0.7851, 0.4486
0.7757, 0.4299
0.7710, 0.4065
0.7570, 0.3925
0.7523, 0.3738
0.7477, 0.3551
0.7430, 0.3411
0.7383, 0.3271
0.7383, 0.3178
0.7383, 0.3131
0.7336, 0.3037
0.7336, 0.2944
0.7336, 0.2897
0.7336, 0.2850
0.7336, 0.2804
0.7336, 0.2757
0.7336, 0.2710
0.7336, 0.2617
0.7383, 0.2617
0.7383, 0.2570
0.7477, 0.2570
0.7570, 0.2523
0.7710, 0.2523
0.7897, 0.2477
0.8084, 0.2477
0.8271, 0.2477
0.8505, 0.2430
0.8645, 0.2430
0.8832, 0.2430
0.8972, 0.2430
0.9066, 0.2430
0.9206, 0.2430
0.9299, 0.2477
0.9393, 0.2477
0.9439, 0.2477
0.9486, 0.2477
0.9579, 0.2477
0.9626, 0.2477
0.9673, 0.2477
0.9720, 0.2477
0.9766, 0.2477
0.9860, 0.2477
0.9953, 0.2477
1.0000, 0.2477
