0.0000, 0.6780
0.0057, 0.6780
0.0226, 0.6836
0.0452, 0.6893
0.0622, 0.7006
0.0904, 0.7062
0.1073, 0.7119
0.1356, 0.7175
0.1525, 0.7232
0.1808, 0.7288
0.1977, 0.7288
0.2147, 0.7345
0.2373, 0.7458
0.2542, 0.7458
0.2768, 0.7514
0.2881, 0.7514
0.2994, 0.7571
0.3220, 0.7571
0.3333, 0.7571
0.3446, 0.7627
0.3503, 0.7627
0.3672, 0.7627
0.3729, 0.7627
0.3842, 0.7627
0.3955, 0.7627
0.4011, 0.7627
0.4181, 0.7627
0.4237, 0.7627
0.4294, 0.7571
0.4350, 0.7571
0.4350, 0.7514
0.4407, 0.7401
0.4407, 0.7345
0.4463, 0.7232
0.4463, 0.7119
0.4463, 0.6893
0.4463, 0.6723
0.4463, 0.6610
0.4407, 0.6384
0.4294, 0.6215
0.4237, 0.6102
0.4068, 0.5932
0.3955, 0.5819
0.3785, 0.5706
0.3616, 0.5537
0.3446, 0.5480
0.3333, 0.5424
0.3107, 0.5311
0.2994, 0.5254
0.2881, 0.5198
0.2825, 0.5085
0.2655, 0.5085
0.2599, 0.5028
0.2542, 0.4972
0.2486, 0.4972
0.2429, 0.4915
0.2373, 0.4915
0.2316, 0.4859
0.2204, 0.4859
0.2147, 0.4802
0.2034, 0.4802
0.1977, 0.4746
0.1921, 0.4689
0.1864, 0.4689
0.1977, 0.4576
0.2260, 0.4576
0.2599, 0.4520
0.2938, 0.4520
0.3220, 0.4463
0.3503, 0.4407
0.3785, 0.4407
0.4011, 0.4350
0.4237, 0.4294
0.4350, 0.4294
0.4576, 0.4237
0.4633, 0.4237
0.4746, 0.4124
0.4802, 0.4124
0.4859, 0.4068
0.4915, 0.4011
0.5028, 0.3955
0.5028, 0.3898
0.5085, 0.3842
0.5085, 0.3785
0.5085, 0.3672
0.5141, 0.3559
0.5141, 0.3446
0.5141, 0.3390
0.5141, 0.3220
0.5141, 0.3107
0.4972, 0.2938
0.4859, 0.2825
0.4746, 0.2655
0.4633, 0.2542
0.4520, 0.2486
0.4407, 0.2373
0.4294, 0.2260
0.4181, 0.2203
0.4011, 0.2147
0.3898, 0.2090
0.3842, 0.2090
0.3785, 0.2090
0.3729, 0.2034
0.3616, 0.2034
0.3559, 0.2034
0.3503, 0.2034
0.3446, 0.2034
0.3390, 0.2034
0.3333, 0.2034
0.3277, 0.2090

0.4633, 0.7571
0.4633, 0.7627
0.4689, 0.7684
0.4802, 0.7684
0.4915, 0.7740
0.5085, 0.7797
0.5198, 0.7797
0.5311, 0.7797
0.5424, 0.7909
0.5593, 0.7909
0.5650, 0.7966
0.5706, 0.7966
0.5763, 0.7966
0.5819, 0.7966
0.5876, 0.7966
0.5989, 0.7966
0.6045, 0.7966
0.6102, 0.7853
0.6102, 0.7740
0.6158, 0.7627
0.6215, 0.7514
0.6215, 0.7345
0.6271, 0.7232
0.6328, 0.7119
0.6328, 0.6949
0.6328, 0.6836
0.6441, 0.6723
0.6441, 0.6610
0.6497, 0.6441
0.6497, 0.6328
0.6554, 0.6215
0.6554, 0.5989
0.6554, 0.5819
0.6554, 0.5706
0.6610, 0.5480
0.6610, 0.5367
0.6610, 0.5198
0.6610, 0.4915
0.6610, 0.4802
0.6610, 0.4576
0.6610, 0.4463
0.6610, 0.4294
0.6610, 0.4124
0.6610, 0.4011
0.6610, 0.3898
0.6610, 0.3785
0.6667, 0.3672
0.6667, 0.3559
0.6723, 0.3503
0.6723, 0.3390
0.6780, 0.3220
0.6893, 0.3164
0.6949, 0.3107
0.6949, 0.3051
0.7006, 0.3051
0.7006, 0.2994
0.7062, 0.2994
0.7119, 0.2938
0.7175, 0.2881
0.7288, 0.2881
0.7401, 0.2825
0.7514, 0.2825
0.7627, 0.2825
0.7853, 0.2825
0.7966, 0.2825
0.8136, 0.2825
0.8362, 0.2825
0.8531, 0.2825
0.8757, 0.2881
0.8927, 0.2994
0.9096, 0.2994
0.9322, 0.3107
0.9435, 0.3107
0.9492, 0.3164
0.9548, 0.3277
0.9604, 0.3277
0.9717, 0.3277
0.9774, 0.3277
0.9831, 0.3277
0.9887, 0.3333
0.9943, 0.3333
1.0000, 0.3333
