0.0000, 0.7552
0.0104, 0.7604
0.0208, 0.7656
0.0365, 0.7708
0.0573, 0.7708
0.0729, 0.7760
0.0990, 0.7812
0.1198, 0.7812
0.1510, 0.7812
0.1823, 0.7812
0.2083, 0.7812
0.2292, 0.7812
0.2656, 0.7760
0.2865, 0.7760
0.3177, 0.7656
0.3333, 0.7604
0.3542, 0.7500
0.3646, 0.7396
0.3750, 0.7344
0.3906, 0.7239
0.3958, 0.7135
0.3958, 0.6927
0.3958, 0.6771
0.3958, 0.6458
0.3958, 0.6198
0.3802, 0.5989
0.3646, 0.5729
0.3490, 0.5573
0.3281, 0.5417
0.3073, 0.5208
0.2812, 0.5156
0.2656, 0.5104
0.2500, 0.5104
0.2448, 0.5104
0.2396, 0.5104
0.2344, 0.5104
0.2292, 0.5208
0.2292, 0.5260
0.2292, 0.5364
0.2396, 0.5417
0.2656, 0.5417
0.2865, 0.5417
0.3177, 0.5312
0.3542, 0.5208
0.3906, 0.5052
0.4323, 0.4896
0.4531, 0.4740
0.4844, 0.4583
0.5104, 0.4375
0.5260, 0.4219
0.5364, 0.4063
0.5573, 0.3906
0.5677, 0.3802
0.5781, 0.3594
0.5781, 0.3490
0.5833, 0.3385
0.5937, 0.3333
0.5937, 0.3177
0.5937, 0.3073
0.5885, 0.3021
0.5833, 0.2969
0.5729, 0.2865
0.5625, 0.2760
0.5417, 0.2708
0.5208, 0.2656
0.4948, 0.2552
0.4792, 0.2500
0.4479, 0.2448
0.4323, 0.2448
0.4115, 0.2344
0.3958, 0.2292
0.3854, 0.2292
0.3698, 0.2239
0.3646, 0.2239
0.3542, 0.2239
0.3490, 0.2239
0.3438, 0.2188
0.3385, 0.2188
0.3281, 0.2188
0.3229, 0.2188
0.3177, 0.2188
0.3125, 0.2188

0.3958, 0.7812
0.3906, 0.7812
0.4010, 0.7812
0.4219, 0.7812
0.4375, 0.7812
0.4635, 0.7812
0.4844, 0.7812
0.5052, 0.7812
0.5260, 0.7708
0.5521, 0.7604
0.5781, 0.7448
0.6094, 0.7344
0.6354, 0.7187
0.6562, 0.6979
0.6823, 0.6875
0.6927, 0.6719
0.7031, 0.6510
0.7188, 0.6406
0.7239, 0.6198
0.7292, 0.6042
0.7344, 0.5781
0.7396, 0.5573
0.7448, 0.5417
0.7500, 0.5156
0.7604, 0.4896
0.7604, 0.4740
0.7656, 0.4635
0.7708, 0.4427
0.7760, 0.4323
0.7812, 0.4219
0.7865, 0.4063
0.7917, 0.3958
0.8073, 0.3854
0.8125, 0.3750
0.8229, 0.3698
0.8281, 0.3542
0.8333, 0.3437
0.8437, 0.3333
0.8490, 0.3281
0.8490, 0.3177
0.8542, 0.3125
0.8594, 0.3125
0.8646, 0.3125
0.8802, 0.3229
0.8958, 0.3333
0.9114, 0.3385
0.9219, 0.3437
0.9375, 0.3437
0.9479, 0.3490
0.9531, 0.3542
0.9583, 0.3542
0.9635, 0.3542
0.9635, 0.3646
0.9740, 0.3698
0.9792, 0.3698
0.9792, 0.3750
0.9844, 0.3750
0.9844, 0.3802
0.9896, 0.3854
0.9948, 0.3906
1.0000, 0.3906
1.0000, 0.3958
