0.0000, 0.7954
0.0130, 0.7954
0.0195, 0.7954
0.0325, 0.7954
0.0454, 0.7954
0.0519, 0.7954
0.0714, 0.7954
0.0844, 0.7954
0.0974, 0.7954
0.1169, 0.7954
0.1364, 0.7954
0.1559, 0.7954
0.1753, 0.7954
0.1948, 0.7954
0.2078, 0.7954
0.2273, 0.7954
0.2403, 0.7954
0.2597, 0.7954
0.2792, 0.7954
0.2922, 0.7954
0.3052, 0.7954
0.3117, 0.7890
0.3312, 0.7890
0.3377, 0.7825
0.3441, 0.7825
0.3506, 0.7825
0.3571, 0.7760
0.3636, 0.7695
0.3701, 0.7500
0.3896, 0.7435
0.3961, 0.7305
0.3961, 0.7175
0.4026, 0.7045
0.4026, 0.6916
0.4026, 0.6786
0.4026, 0.6656
0.4026, 0.6526
0.3896, 0.6396
0.3701, 0.6331
0.3506, 0.6201
0.3247, 0.6136
0.3052, 0.6071
0.2857, 0.5941
0.2662, 0.5877
0.2467, 0.5812
0.2208, 0.5747
0.2078, 0.5747
0.1948, 0.5747
0.1883, 0.5747
0.1818, 0.5747
0.1753, 0.5747
0.1623, 0.5747
0.1559, 0.5747
0.1494, 0.5747
0.1494, 0.5682
0.1818, 0.5617
0.2013, 0.5422
0.2338, 0.5357
0.2662, 0.5292
0.2987, 0.5162
0.3377, 0.5097
0.3636, 0.5032
0.3961, 0.4903
0.4156, 0.4838
0.4416, 0.4773
0.4545, 0.4708
0.4675, 0.4643
0.4740, 0.4643
0.4805, 0.4643
0.4935, 0.4643
0.4935, 0.4578
0.5000, 0.4578
0.5065, 0.4513
0.5065, 0.4318
0.5130, 0.4253
0.5130, 0.4188
0.5130, 0.4123
0.5130, 0.3994
0.5130, 0.3929
0.5130, 0.3734
0.5130, 0.3669
0.5065, 0.3539
0.4805, 0.3474
0.4675, 0.3279
0.4481, 0.3214
0.4286, 0.3149
0.4091, 0.3019
0.3896, 0.2954
0.3636, 0.2890
0.3506, 0.2760
0.3247, 0.2695
0.3052, 0.2630
0.2922, 0.2565
0.2727, 0.2500
0.2597, 0.2435
0.2467, 0.2435
0.2338, 0.2370
0.2143, 0.2240
0.2078, 0.2240
0.1948, 0.2175
0.1818, 0.2110
0.1753, 0.2110
0.1623, 0.2046
0.1559, 0.2046
0.1494, 0.2046
0.1494, 0.1981
0.1429, 0.1981
0.1364, 0.1981
0.1299, 0.1916
0.1234, 0.1916
0.1104, 0.1916
0.1104, 0.1851
0.1039, 0.1851

0.3636, 0.7825
0.3636, 0.7890
0.3831, 0.7890
0.3896, 0.7954
0.3961, 0.7954
0.4026, 0.7954
0.4156, 0.8019
0.4221, 0.8019
0.4416, 0.8019
0.4481, 0.8149
0.4545, 0.8149
0.4610, 0.8149
0.4740, 0.8084
0.5000, 0.8019
0.5130, 0.7954
0.5325, 0.7890
0.5519, 0.7825
0.5649, 0.7825
0.5779, 0.7760
0.5974, 0.7760
0.6039, 0.7760
0.6104, 0.7760
0.6169, 0.7760
0.6169, 0.7695
0.6234, 0.7565
0.6234, 0.7435
0.6299, 0.7305
0.6364, 0.7175
0.6364, 0.7045
0.6364, 0.6851
0.6364, 0.6721
0.6364, 0.6461
0.6429, 0.6331
0.6429, 0.6201
0.6429, 0.5941
0.6429, 0.5812
0.6429, 0.5682
0.6558, 0.5552
0.6558, 0.5357
0.6623, 0.5227
0.6623, 0.5097
0.6688, 0.5032
0.6688, 0.4903
0.6753, 0.4773
0.6753, 0.4643
0.6818, 0.4643
0.6818, 0.4513
0.6883, 0.4383
0.6883, 0.4318
0.6948, 0.4253
0.6948, 0.4188
0.7078, 0.4123
0.7078, 0.4059
0.7143, 0.3994
0.7208, 0.3994
0.7208, 0.3799
0.7273, 0.3799
0.7273, 0.3734
0.7338, 0.3734
0.7338, 0.3669
0.7403, 0.3669
0.7467, 0.3604
0.7597, 0.3604
0.7597, 0.3539
0.7662, 0.3539
0.7792, 0.3474
0.7922, 0.3474
0.8117, 0.3474
0.8247, 0.3474
0.8377, 0.3474
0.8571, 0.3474
0.8831, 0.3474
0.8961, 0.3474
0.9091, 0.3474
0.9221, 0.3539
0.9351, 0.3539
0.9416, 0.3604
0.9480, 0.3604
0.9545, 0.3669
0.9610, 0.3669
0.9610, 0.3734
0.9805, 0.3734
0.9805, 0.3864
0.9935, 0.3929
1.0000, 0.3929
