0.0392, 0.8693
0.0457, 0.8758
0.0654, 0.8758
0.0980, 0.8758
0.1242, 0.8758
0.1569, 0.8758
0.1896, 0.8758
0.2288, 0.8758
0.2614, 0.8758
0.2941, 0.8758
0.3268, 0.8758
0.3660, 0.8758
0.3856, 0.8758
0.4118, 0.8693
0.4183, 0.8693
0.4248, 0.8693
0.4248, 0.8627
0.4314, 0.8497
0.4444, 0.8366
0.4575, 0.8235
0.4575, 0.8170
0.4640, 0.7974
0.4706, 0.7908
0.4706, 0.7843
0.4706, 0.7712
0.4706, 0.7582
0.4706, 0.7386
0.4706, 0.7255
0.4640, 0.7124
0.4510, 0.7059
0.4379, 0.6863
0.4248, 0.6797
0.4183, 0.6667
0.3987, 0.6601
0.3856, 0.6536
0.3725, 0.6536
0.3464, 0.6471
0.3333, 0.6340
0.3137, 0.6274
0.3007, 0.6274
0.2810, 0.6209
0.2745, 0.6209
0.2680, 0.6144
0.2614, 0.6144
0.2549, 0.6144
0.2484, 0.6144
0.2353, 0.6144
0.2288, 0.6078
0.2288, 0.6013
0.2549, 0.6013
0.2745, 0.5948
0.3007, 0.5948
0.3268, 0.5948
0.3595, 0.5817
0.3856, 0.5817
0.4118, 0.5817
0.4248, 0.5817
0.4379, 0.5752
0.4444, 0.5752
0.4575, 0.5752
0.4640, 0.5621
0.4640, 0.5490
0.4640, 0.5360
0.4640, 0.5163
0.4640, 0.5098
0.4640, 0.4902
0.4640, 0.4706
0.4444, 0.4510
0.4314, 0.4379
0.4183, 0.4118
0.3987, 0.3921
0.3922, 0.3725
0.3791, 0.3464
0.3725, 0.3333
0.3595, 0.3203
0.3464, 0.3007
0.3333, 0.2876
0.3268, 0.2680
0.3137, 0.2484
0.3007, 0.2353
0.2810, 0.2222
0.2680, 0.1961
0.2549, 0.1830
0.2353, 0.1699
0.2222, 0.1634
0.2092, 0.1438
0.1961, 0.1372
0.1699, 0.1307
0.1634, 0.1242
0.1503, 0.1176
0.1307, 0.1176
0.1242, 0.1176
0.1111, 0.1176
0.1046, 0.1176
0.0915, 0.1176
0.0850, 0.1176
0.0654, 0.1176
0.0523, 0.1176
0.0392, 0.1176
0.0327, 0.1176
0.0196, 0.1176
0.0131, 0.1176
0.0065, 0.1176
0.0000, 0.1176
0.0000, 0.1307
0.0000, 0.1503

0.4248, 0.8627
0.4314, 0.8627
0.4314, 0.8693
0.4379, 0.8693
0.4510, 0.8758
0.4575, 0.8758
0.4640, 0.8824
0.4706, 0.8824
0.4771, 0.8824
0.4837, 0.8824
0.4902, 0.8824
0.4967, 0.8824
0.5098, 0.8824
0.5163, 0.8824
0.5229, 0.8824
0.5294, 0.8693
0.5360, 0.8562
0.5425, 0.8366
0.5490, 0.8235
0.5621, 0.8039
0.5752, 0.7843
0.5752, 0.7712
0.5817, 0.7582
0.5817, 0.7451
0.5882, 0.7451
0.5882, 0.7320
0.5882, 0.7255
0.5882, 0.7189
0.5948, 0.7124
0.5948, 0.7059
0.5948, 0.6993
0.6013, 0.6863
0.6013, 0.6732
0.6013, 0.6601
0.6013, 0.6471
0.6013, 0.6340
0.6013, 0.6144
0.6013, 0.6078
0.6013, 0.5948
0.6013, 0.5882
0.6013, 0.5817
0.6013, 0.5621
0.6013, 0.5556
0.6013, 0.5425
0.6013, 0.5360
0.6144, 0.5163
0.6144, 0.5098
0.6209, 0.4967
0.6209, 0.4836
0.6275, 0.4771
0.6340, 0.4575
0.6405, 0.4379
0.6471, 0.4248
0.6536, 0.4052
0.6667, 0.3987
0.6732, 0.3856
0.6797, 0.3725
0.6797, 0.3660
0.6863, 0.3529
0.6863, 0.3464
0.6928, 0.3399
0.6928, 0.3333
0.6993, 0.3268
0.6993, 0.3203
0.7059, 0.3203
0.7255, 0.3203
0.7451, 0.3203
0.7647, 0.3203
0.7974, 0.3203
0.8301, 0.3203
0.8497, 0.3268
0.8693, 0.3333
0.8954, 0.3399
0.9085, 0.3399
0.9150, 0.3464
0.9216, 0.3464
0.9281, 0.3464
0.9281, 0.3595
0.9412, 0.3595
0.9477, 0.3660
0.9543, 0.3660
0.9608, 0.3725
0.9673, 0.3791
0.9739, 0.3791
0.9739, 0.3856
0.9804, 0.3856
0.9804, 0.3921
0.9935, 0.3921
0.9935, 0.3987
0.9935, 0.4118
0.9935, 0.4183
0.9935, 0.4248
1.0000, 0.4314
