0.0000, 0.7214
0.0199, 0.7214
0.0398, 0.7264
0.0647, 0.7264
0.0995, 0.7363
0.1194, 0.7363
0.1443, 0.7363
0.1691, 0.7363
0.1990, 0.7363
0.2388, 0.7363
0.2736, 0.7363
0.3035, 0.7314
0.3284, 0.7264
0.3582, 0.7214
0.3831, 0.7164
0.3980, 0.7164
0.4229, 0.7114
0.4428, 0.7065
0.4577, 0.7015
0.4726, 0.6965
0.4826, 0.6866
0.4925, 0.6816
0.4975, 0.6766
0.5075, 0.6716
0.5124, 0.6667
0.5174, 0.6567
0.5224, 0.6567
0.5224, 0.6418
0.5224, 0.6318
0.5224, 0.6219
0.5224, 0.6070
0.5224, 0.6020
0.5174, 0.5920
0.5025, 0.5871
0.4876, 0.5821
0.4726, 0.5771
0.4478, 0.5672
0.4279, 0.5622
0.4129, 0.5572
0.3980, 0.5572
0.3781, 0.5522
0.3632, 0.5522
0.3483, 0.5522
0.3284, 0.5473
0.3134, 0.5473
0.2935, 0.5473
0.2836, 0.5473
0.2736, 0.5473
0.2637, 0.5473
0.2537, 0.5473
0.2438, 0.5473
0.2388, 0.5473
0.2338, 0.5473
0.2289, 0.5473
0.2388, 0.5473
0.2587, 0.5423
0.2786, 0.5423
0.3035, 0.5373
0.3184, 0.5323
0.3433, 0.5224
0.3582, 0.5224
0.3682, 0.5174
0.3831, 0.5124
0.3980, 0.5075
0.4129, 0.5025
0.4328, 0.4925
0.4428, 0.4925
0.4577, 0.4776
0.4677, 0.4776
0.4776, 0.4677
0.4826, 0.4677
0.4876, 0.4627
0.4925, 0.4577
0.4975, 0.4527
0.5075, 0.4378
0.5124, 0.4328
0.5124, 0.4229
0.5124, 0.4129
0.5174, 0.3980
0.5174, 0.3881
0.5174, 0.3781
0.5174, 0.3582
0.5174, 0.3483
0.5124, 0.3383
0.5025, 0.3284
0.4975, 0.3134
0.4876, 0.3084
0.4826, 0.2985
0.4726, 0.2935
0.4627, 0.2885
0.4527, 0.2786
0.4428, 0.2736
0.4378, 0.2686
0.4328, 0.2637
0.4179, 0.2587
0.4129, 0.2537
0.4080, 0.2537
0.4030, 0.2488
0.3980, 0.2488
0.3881, 0.2388
0.3781, 0.2338
0.3682, 0.2338
0.3582, 0.2289
0.3532, 0.2289
0.3483, 0.2239
0.3383, 0.2239
0.3333, 0.2239
0.3284, 0.2239
0.3234, 0.2239
0.3184, 0.2239

0.5075, 0.7363
0.5174, 0.7413
0.5373, 0.7463
0.5672, 0.7463
0.5921, 0.7512
0.6119, 0.7562
0.6418, 0.7612
0.6617, 0.7612
0.6816, 0.7662
0.6965, 0.7761
0.7114, 0.7761
0.7164, 0.7761
0.7214, 0.7761
0.7214, 0.7711
0.7313, 0.7562
0.7413, 0.7314
0.7512, 0.7164
0.7612, 0.7015
0.7662, 0.6766
0.7662, 0.6617
0.7712, 0.6418
0.7712, 0.6219
0.7712, 0.5970
0.7712, 0.5672
0.7712, 0.5522
0.7712, 0.5373
0.7712, 0.5124
0.7712, 0.4975
0.7712, 0.4776
0.7712, 0.4627
0.7712, 0.4527
0.7712, 0.4378
0.7712, 0.4279
0.7761, 0.4229
0.7811, 0.4129
0.7811, 0.3980
0.7960, 0.3881
0.7960, 0.3831
0.8010, 0.3781
0.8110, 0.3682
0.8159, 0.3582
0.8209, 0.3483
0.8259, 0.3433
0.8358, 0.3383
0.8458, 0.3333
0.8508, 0.3284
0.8557, 0.3284
0.8607, 0.3184
0.8657, 0.3134
0.8756, 0.3134
0.8806, 0.3134
0.8856, 0.3134
0.8905, 0.3084
0.9005, 0.3084
0.9104, 0.3035
0.9254, 0.3035
0.9403, 0.3035
0.9602, 0.3035
0.9751, 0.3035
0.9851, 0.3035
0.9901, 0.3084
1.0000, 0.3084
