0.0000, 0.7061
0.0000, 0.7196
0.0068, 0.7196
0.0203, 0.7196
0.0338, 0.7263
0.0541, 0.7263
0.0743, 0.7331
0.0879, 0.7399
0.1081, 0.7399
0.1216, 0.7466
0.1351, 0.7466
0.1487, 0.7534
0.1689, 0.7534
0.1824, 0.7534
0.1960, 0.7601
0.2162, 0.7601
0.2297, 0.7601
0.2500, 0.7601
0.2703, 0.7601
0.2770, 0.7736
0.2905, 0.7736
0.2973, 0.7736
0.3040, 0.7736
0.3108, 0.7669
0.3243, 0.7669
0.3311, 0.7601
0.3446, 0.7601
0.3514, 0.7534
0.3649, 0.7399
0.3851, 0.7331
0.3986, 0.7128
0.3986, 0.7061
0.4122, 0.6926
0.4122, 0.6791
0.4122, 0.6655
0.4122, 0.6453
0.4122, 0.6317
0.4122, 0.6183
0.3986, 0.6115
0.3784, 0.5980
0.3649, 0.5912
0.3581, 0.5912
0.3446, 0.5845
0.3311, 0.5777
0.3176, 0.5777
0.3040, 0.5777
0.2905, 0.5777
0.2838, 0.5777
0.2770, 0.5777
0.2635, 0.5777
0.2568, 0.5777
0.2432, 0.5777
0.2365, 0.5777
0.2230, 0.5777
0.2027, 0.5709
0.1892, 0.5709
0.1824, 0.5709
0.1824, 0.5642
0.1757, 0.5642
0.1892, 0.5642
0.2162, 0.5642
0.2432, 0.5642
0.2838, 0.5642
0.3243, 0.5642
0.3514, 0.5642
0.3716, 0.5642
0.3919, 0.5642
0.4054, 0.5574
0.4189, 0.5574
0.4392, 0.5439
0.4460, 0.5372
0.4595, 0.5304
0.4730, 0.5169
0.4932, 0.5101
0.5000, 0.5034
0.5068, 0.4899
0.5135, 0.4831
0.5270, 0.4763
0.5270, 0.4696
0.5338, 0.4628
0.5473, 0.4561
0.5540, 0.4561
0.5540, 0.4493
0.5540, 0.4426
0.5608, 0.4426
0.5608, 0.4291
0.5676, 0.4223
0.5676, 0.4088
0.5676, 0.3953
0.5676, 0.3885
0.5608, 0.3750
0.5540, 0.3615
0.5405, 0.3480
0.5270, 0.3412
0.5135, 0.3209
0.4865, 0.3142
0.4662, 0.3074
0.4527, 0.2939
0.4257, 0.2872
0.4122, 0.2804
0.3986, 0.2669
0.3784, 0.2601
0.3649, 0.2534
0.3514, 0.2466
0.3446, 0.2466
0.3311, 0.2399
0.3108, 0.2399
0.2973, 0.2331
0.2838, 0.2263
0.2635, 0.2196
0.2500, 0.2196
0.2432, 0.1993
0.2297, 0.1993
0.2230, 0.1993
0.2095, 0.1926
0.2027, 0.1926
0.1960, 0.1926
0.1892, 0.1858

0.3649, 0.7804
0.3581, 0.7804
0.3649, 0.7804
0.3716, 0.7872
0.3851, 0.7872
0.3919, 0.7939
0.3986, 0.7939
0.4054, 0.8007
0.4122, 0.8007
0.4257, 0.8074
0.4460, 0.8074
0.4662, 0.8142
0.4797, 0.8142
0.5068, 0.8142
0.5135, 0.8142
0.5203, 0.8142
0.5270, 0.8142
0.5338, 0.8142
0.5473, 0.8142
0.5540, 0.8142
0.5608, 0.8074
0.5743, 0.8007
0.5811, 0.7939
0.5878, 0.7939
0.5946, 0.7872
0.6081, 0.7804
0.6216, 0.7804
0.6284, 0.7669
0.6351, 0.7669
0.6419, 0.7669
0.6419, 0.7601
0.6486, 0.7601
0.6486, 0.7534
0.6622, 0.7466
0.6689, 0.7399
0.6757, 0.7263
0.6824, 0.7061
0.6892, 0.6926
0.6892, 0.6723
0.6960, 0.6453
0.6960, 0.6183
0.6960, 0.5912
0.6960, 0.5642
0.6960, 0.5372
0.6960, 0.5169
0.6960, 0.4899
0.6960, 0.4763
0.6960, 0.4561
0.6960, 0.4291
0.6960, 0.4155
0.6960, 0.4020
0.6960, 0.3953
0.6960, 0.3750
0.6960, 0.3683
0.6960, 0.3615
0.7027, 0.3615
0.7027, 0.3547
0.7027, 0.3480
0.7162, 0.3480
0.7162, 0.3412
0.7230, 0.3412
0.7297, 0.3412
0.7365, 0.3345
0.7432, 0.3345
0.7568, 0.3345
0.7770, 0.3345
0.7973, 0.3345
0.8108, 0.3345
0.8311, 0.3345
0.8446, 0.3345
0.8649, 0.3345
0.8851, 0.3345
0.8986, 0.3345
0.9121, 0.3345
0.9257, 0.3345
0.9392, 0.3345
0.9527, 0.3345
0.9662, 0.3345
0.9797, 0.3345
0.9932, 0.3345
1.0000, 0.3345
