0.0288, 0.7770
0.0360, 0.7770
0.0504, 0.7770
0.0647, 0.7770
0.0863, 0.7770
0.1007, 0.7842
0.1223, 0.7842
0.1439, 0.7985
0.1655, 0.7985
0.1871, 0.8057
0.2086, 0.8057
0.2302, 0.8129
0.2446, 0.8201
0.2734, 0.8201
0.2878, 0.8201
0.2950, 0.8201
0.3022, 0.8201
0.3166, 0.8201
0.3237, 0.8201
0.3309, 0.8201
0.3381, 0.8201
0.3453, 0.8201
0.3525, 0.8201
0.3597, 0.8201
0.3741, 0.8201
0.3813, 0.8201
0.3885, 0.8201
0.3885, 0.8129
0.3957, 0.8057
0.4029, 0.7914
0.4101, 0.7842
0.4101, 0.7698
0.4173, 0.7626
0.4173, 0.7554
0.4245, 0.7482
0.4245, 0.7266
0.4245, 0.7194
0.4245, 0.7122
0.4245, 0.7050
0.4245, 0.6907
0.4245, 0.6835
0.4245, 0.6691
0.4245, 0.6619
0.4245, 0.6547
0.4173, 0.6475
0.4173, 0.6403
0.4101, 0.6403
0.4029, 0.6331
0.3957, 0.6259
0.3885, 0.6259
0.3813, 0.6259
0.3669, 0.6259
0.3597, 0.6259
0.3525, 0.6259
0.3453, 0.6115
0.3381, 0.6115
0.3309, 0.6115
0.3237, 0.6115
0.3094, 0.6043
0.3022, 0.6043
0.2950, 0.6043
0.2878, 0.6043
0.2806, 0.6043
0.2734, 0.6043
0.2662, 0.6043
0.2518, 0.6043
0.2518, 0.5971
0.2590, 0.5971
0.2662, 0.5971
0.2734, 0.5971
0.2806, 0.5971
0.2878, 0.5971
0.2950, 0.5971
0.3022, 0.5971
0.3166, 0.5971
0.3309, 0.5971
0.3453, 0.5971
0.3525, 0.5899
0.3597, 0.5899
0.3813, 0.5899
0.3957, 0.5827
0.4101, 0.5827
0.4245, 0.5755
0.4389, 0.5755
0.4461, 0.5755
0.4461, 0.5683
0.4532, 0.5540
0.4604, 0.5540
0.4676, 0.5396
0.4748, 0.5324
0.4820, 0.5252
0.4964, 0.5180
0.5036, 0.5108
0.5108, 0.4964
0.5180, 0.4892
0.5180, 0.4820
0.5252, 0.4676
0.5324, 0.4604
0.5324, 0.4460
0.5324, 0.4317
0.5324, 0.4173
0.5324, 0.4101
0.5324, 0.3957
0.5324, 0.3885
0.5324, 0.3597
0.5252, 0.3453
0.5108, 0.3165
0.4892, 0.2950
0.4748, 0.2806
0.4604, 0.2734
0.4461, 0.2518
0.4245, 0.2446
0.4101, 0.2374
0.3885, 0.2374
0.3669, 0.2230
0.3453, 0.2230
0.3094, 0.2087
0.2950, 0.2087
0.2806, 0.1943
0.2662, 0.1871
0.2446, 0.1871
0.2302, 0.1871
0.2086, 0.1799
0.1871, 0.1799
0.1727, 0.1727
0.1583, 0.1727
0.1439, 0.1727
0.1295, 0.1655
0.1151, 0.1655
0.1079, 0.1655
0.0935, 0.1583
0.0719, 0.1583
0.0576, 0.1511
0.0504, 0.1511
0.0360, 0.1511
0.0360, 0.1367
0.0288, 0.1367
0.0144, 0.1367
0.0072, 0.1367
0.0000, 0.1367

0.4461, 0.8561
0.4604, 0.8633
0.4748, 0.8633
0.4964, 0.8633
0.5036, 0.8633
0.5180, 0.8633
0.5324, 0.8633
0.5539, 0.8633
0.5683, 0.8633
0.5755, 0.8633
0.5899, 0.8633
0.5971, 0.8633
0.6115, 0.8633
0.6187, 0.8489
0.6259, 0.8489
0.6259, 0.8417
0.6331, 0.8345
0.6331, 0.8201
0.6403, 0.8057
0.6403, 0.7770
0.6403, 0.7698
0.6403, 0.7482
0.6403, 0.7266
0.6403, 0.7122
0.6403, 0.6978
0.6403, 0.6835
0.6403, 0.6619
0.6403, 0.6475
0.6403, 0.6403
0.6403, 0.6259
0.6403, 0.6115
0.6403, 0.6043
0.6403, 0.5971
0.6403, 0.5899
0.6403, 0.5827
0.6403, 0.5755
0.6403, 0.5683
0.6403, 0.5540
0.6403, 0.5468
0.6475, 0.5396
0.6475, 0.5324
0.6547, 0.5252
0.6547, 0.5180
0.6619, 0.5108
0.6763, 0.4892
0.6834, 0.4820
0.6834, 0.4676
0.6906, 0.4604
0.6978, 0.4532
0.7050, 0.4460
0.7050, 0.4317
0.7122, 0.4245
0.7194, 0.4173
0.7338, 0.4101
0.7410, 0.4029
0.7410, 0.3957
0.7482, 0.3885
0.7554, 0.3741
0.7626, 0.3669
0.7698, 0.3597
0.7770, 0.3525
0.7914, 0.3453
0.7986, 0.3381
0.7986, 0.3309
0.8058, 0.3309
0.8129, 0.3165
0.8201, 0.3165
0.8273, 0.3165
0.8345, 0.3093
0.8489, 0.3093
0.8561, 0.3093
0.8633, 0.3093
0.8777, 0.3093
0.8849, 0.3093
0.8921, 0.3093
0.8993, 0.3093
0.9209, 0.3093
0.9281, 0.3093
0.9353, 0.3237
0.9424, 0.3309
0.9568, 0.3381
0.9712, 0.3381
0.9784, 0.3453
0.9856, 0.3525
0.9928, 0.3525
0.9928, 0.3597
1.0000, 0.3597
1.0000, 0.3669
