0.0000, 0.5233
0.0067, 0.5233
0.0267, 0.5233
0.0400, 0.5167
0.0533, 0.5100
0.0800, 0.5033
0.1000, 0.4967
0.1133, 0.4833
0.1333, 0.4767
0.1533, 0.4767
0.1667, 0.4767
0.1867, 0.4700
0.2067, 0.4700
0.2200, 0.4700
0.2467, 0.4633
0.2600, 0.4633
0.2733, 0.4633
0.2867, 0.4633
0.3067, 0.4633
0.3200, 0.4633
0.3333, 0.4633
0.3533, 0.4567
0.3667, 0.4567
0.3867, 0.4567
0.4067, 0.4567
0.4200, 0.4567
0.4333, 0.4567
0.4600, 0.4567
0.4800, 0.4567
0.5000, 0.4567
0.5267, 0.4633
0.5467, 0.4633
0.5733, 0.4767
0.5933, 0.4900
0.6133, 0.4967
0.6467, 0.5033
0.6667, 0.5100
0.6933, 0.5167
0.7133, 0.5233
0.7400, 0.5300
0.7533, 0.5300
0.7666, 0.5300
0.7733, 0.5433
0.7933, 0.5433
0.8000, 0.5433
0.8133, 0.5433
0.8266, 0.5433
0.8467, 0.5433
0.8600, 0.5433
0.8667, 0.5433
0.8800, 0.5433
0.8933, 0.5367
0.9067, 0.5367
0.9200, 0.5367
0.9267, 0.5367
0.9333, 0.5367
0.9400, 0.5300
0.9466, 0.5300
0.9600, 0.5300
0.9667, 0.5300
0.9733, 0.5300
0.9800, 0.5300
0.9867, 0.5233
0.9933, 0.5233
0.9933, 0.5167
1.0000, 0.5167
