0.0000, 0.5571
0.0000, 0.5500
0.0000, 0.5429
0.0071, 0.5429
0.0071, 0.5357
0.0071, 0.5286
0.0143, 0.5286
0.0214, 0.5143
0.0286, 0.5071
0.0357, 0.5000
0.0500, 0.5000
0.0571, 0.4929
0.0714, 0.4857
0.0786, 0.4786
0.0929, 0.4714
0.1143, 0.4714
0.1357, 0.4572
0.1500, 0.4572
0.1786, 0.4500
0.1929, 0.4500
0.2214, 0.4429
0.2357, 0.4429
0.2500, 0.4429
0.2714, 0.4429
0.2928, 0.4429
0.3071, 0.4429
0.3286, 0.4429
0.3500, 0.4429
0.3714, 0.4429
0.4000, 0.4429
0.4214, 0.4429
0.4571, 0.4500
0.4786, 0.4643
0.5071, 0.4643
0.5429, 0.4714
0.5643, 0.4714
0.5929, 0.4786
0.6072, 0.4786
0.6357, 0.4786
0.6500, 0.4857
0.6786, 0.4857
0.7072, 0.4929
0.7214, 0.4929
0.7429, 0.4929
0.7643, 0.5000
0.7857, 0.5000
0.8000, 0.5000
0.8214, 0.5000
0.8286, 0.5071
0.8429, 0.5071
0.8500, 0.5071
0.8714, 0.5071
0.8786, 0.5071
0.8857, 0.5071
0.9000, 0.5214
0.9071, 0.5214
0.9143, 0.5214
0.9214, 0.5214
0.9357, 0.5214
0.9429, 0.5214
0.9500, 0.5214
0.9572, 0.5214
0.9643, 0.5214
0.9643, 0.5143
0.9714, 0.5143
0.9786, 0.5143
0.9929, 0.5071
0.9929, 0.5000
1.0000, 0.5000
