0.0000, 0.5428
0.0054, 0.5428
0.0107, 0.5321
0.0214, 0.5267
0.0321, 0.5160
0.0374, 0.5107
0.0481, 0.5053
0.0588, 0.5000
0.0749, 0.4893
0.0963, 0.4786
0.1230, 0.4733
0.1497, 0.4679
0.1765, 0.4679
0.2139, 0.4626
0.2406, 0.4626
0.2834, 0.4626
0.3155, 0.4572
0.3529, 0.4572
0.3850, 0.4572
0.4171, 0.4572
0.4438, 0.4626
0.4759, 0.4679
0.5027, 0.4733
0.5294, 0.4786
0.5615, 0.4840
0.5829, 0.4947
0.6203, 0.5000
0.6471, 0.5053
0.6685, 0.5107
0.7005, 0.5160
0.7219, 0.5160
0.7433, 0.5214
0.7540, 0.5214
0.7647, 0.5214
0.7807, 0.5214
0.7914, 0.5214
0.8022, 0.5214
0.8075, 0.5214
0.8128, 0.5214
0.8235, 0.5214
0.8342, 0.5214
0.8396, 0.5214
0.8449, 0.5214
0.8556, 0.5160
0.8717, 0.5160
0.8824, 0.5160
0.8931, 0.5107
0.8984, 0.5107
0.9037, 0.5053
0.9144, 0.5053
0.9198, 0.5053
0.9251, 0.5053
0.9305, 0.5053
0.9358, 0.5000
0.9412, 0.4893
0.9465, 0.4893
0.9572, 0.4840
0.9626, 0.4786
0.9733, 0.4786
0.9786, 0.4733
0.9786, 0.4679
0.9840, 0.4626
0.9893, 0.4626
0.9893, 0.4572
1.0000, 0.4572
