1.0000, 0.4710
0.9807, 0.4774
0.9548, 0.4903
0.9226, 0.5097
0.9032, 0.5226
0.8710, 0.5290
0.8516, 0.5419
0.8323, 0.5419
0.8129, 0.5548
0.7871, 0.5613
0.7548, 0.5613
0.7355, 0.5613
0.7032, 0.5677
0.6774, 0.5677
0.6452, 0.5677
0.6193, 0.5677
0.5807, 0.5677
0.5484, 0.5677
0.5290, 0.5677
0.5161, 0.5613
0.4968, 0.5613
0.4839, 0.5484
0.4710, 0.5484
0.4452, 0.5419
0.4323, 0.5355
0.4193, 0.5290
0.3935, 0.5226
0.3807, 0.5161
0.3677, 0.5097
0.3548, 0.4968
0.3355, 0.4903
0.3226, 0.4839
0.3097, 0.4774
0.2968, 0.4710
0.2774, 0.4645
0.2645, 0.4581
0.2516, 0.4452
0.2452, 0.4387
0.2258, 0.4387
0.2129, 0.4323
0.2000, 0.4323
0.1806, 0.4323
0.1613, 0.4323
0.1355, 0.4323
0.0968, 0.4323
0.0710, 0.4387
0.0645, 0.4387
0.0581, 0.4387
0.0516, 0.4516
0.0452, 0.4516
0.0387, 0.4581
0.0193, 0.4581
0.0129, 0.4710
0.0064, 0.4774
0.0000, 0.4839
