0.0000, 0.5640
0.0000, 0.5579
0.0000, 0.5457
0.0000, 0.5335
0.0061, 0.5274
0.0122, 0.5152
0.0183, 0.5091
0.0305, 0.4969
0.0305, 0.4909
0.0427, 0.4848
0.0488, 0.4848
0.0610, 0.4787
0.0732, 0.4726
0.0976, 0.4664
0.1159, 0.4604
0.1402, 0.4482
0.1646, 0.4421
0.2012, 0.4421
0.2317, 0.4421
0.2622, 0.4360
0.2988, 0.4360
0.3354, 0.4360
0.3598, 0.4360
0.3902, 0.4360
0.4329, 0.4360
0.4573, 0.4360
0.5000, 0.4421
0.5305, 0.4421
0.5549, 0.4543
0.5854, 0.4543
0.6037, 0.4604
0.6280, 0.4604
0.6402, 0.4604
0.6585, 0.4604
0.6829, 0.4664
0.7012, 0.4664
0.7317, 0.4664
0.7439, 0.4664
0.7622, 0.4664
0.7866, 0.4664
0.7988, 0.4664
0.8110, 0.4664
0.8232, 0.4664
0.8293, 0.4664
0.8354, 0.4664
0.8476, 0.4664
0.8537, 0.4664
0.8659, 0.4604
0.8841, 0.4604
0.8963, 0.4604
0.9085, 0.4604
0.9329, 0.4482
0.9451, 0.4482
0.9573, 0.4482
0.9756, 0.4482
0.9817, 0.4482
0.9878, 0.4482
0.9939, 0.4482
1.0000, 0.4421
