0.0000, 0.5654
0.0196, 0.5654
0.0327, 0.5654
0.0392, 0.5654
0.0458, 0.5654
0.0523, 0.5654
0.0654, 0.5654
0.0719, 0.5654
0.0850, 0.5588
0.0980, 0.5392
0.1242, 0.5327
0.1373, 0.5261
0.1569, 0.5131
0.1830, 0.4935
0.1961, 0.4869
0.2288, 0.4804
0.2549, 0.4673
0.3007, 0.4608
0.3529, 0.4542
0.4118, 0.4412
0.4575, 0.4346
0.4967, 0.4346
0.5294, 0.4346
0.5686, 0.4346
0.5948, 0.4477
0.6275, 0.4542
0.6732, 0.4673
0.7124, 0.4804
0.7516, 0.5000
0.7843, 0.5131
0.8235, 0.5196
0.8497, 0.5261
0.8628, 0.5327
0.8824, 0.5327
0.8954, 0.5327
0.9020, 0.5392
0.9085, 0.5392
0.9150, 0.5392
0.9281, 0.5392
0.9346, 0.5392
0.9412, 0.5392
0.9543, 0.5392
0.9608, 0.5392
0.9739, 0.5392
0.9869, 0.5392
0.9935, 0.5392
1.0000, 0.5392
