0.0000, 0.5537
0.0049, 0.5488
0.0098, 0.5488
0.0146, 0.5439
0.0293, 0.5439
0.0341, 0.5390
0.0390, 0.5341
0.0537, 0.5244
0.0732, 0.5098
0.0878, 0.5000
0.1073, 0.4902
0.1317, 0.4854
0.1610, 0.4707
0.1854, 0.4659
0.2049, 0.4610
0.2341, 0.4561
0.2634, 0.4512
0.2927, 0.4512
0.3171, 0.4463
0.3463, 0.4463
0.3707, 0.4463
0.3951, 0.4463
0.4146, 0.4463
0.4488, 0.4463
0.4780, 0.4463
0.5073, 0.4463
0.5317, 0.4512
0.5610, 0.4512
0.5854, 0.4561
0.6098, 0.4610
0.6293, 0.4610
0.6488, 0.4659
0.6732, 0.4707
0.6927, 0.4707
0.7171, 0.4805
0.7317, 0.4805
0.7512, 0.4854
0.7610, 0.4854
0.7756, 0.4902
0.7951, 0.4902
0.8049, 0.4902
0.8146, 0.4951
0.8293, 0.4951
0.8342, 0.4951
0.8439, 0.4951
0.8488, 0.4951
0.8537, 0.4951
0.8585, 0.4951
0.8732, 0.4951
0.8781, 0.4951
0.8829, 0.4951
0.8927, 0.4951
0.8976, 0.4951
0.9122, 0.4951
0.9220, 0.4951
0.9268, 0.4951
0.9366, 0.4951
0.9415, 0.4951
0.9561, 0.4951
0.9610, 0.4951
0.9659, 0.4951
0.9756, 0.4951
0.9805, 0.4951
0.9903, 0.4951
0.9951, 0.4951
1.0000, 0.4951
