0.1492, 0.0690
0.1492, 0.0690
0.1492, 0.0690
0.1492, 0.0690
0.1492, 0.0690
0.1492, 0.0690
0.1492, 0.0690
0.1492, 0.0690
0.1492, 0.0690
0.1492, 0.0690
0.1492, 0.0690
0.1492, 0.0690
0.1492, 0.0690
0.1492, 0.0690
0.1492, 0.0690
0.1492, 0.0690
0.1492, 0.0690
0.1492, 0.0690
0.1492, 0.0690
0.1492, 0.0690
0.1492, 0.0690
0.1492, 0.0690
0.1492, 0.0690
0.1492, 0.0690
0.1492, 0.0690
0.1492, 0.0690
0.1492, 0.0690
0.1492, 0.0690
0.1492, 0.0690
0.1492, 0.0690
0.1492, 0.0690
0.1492, 0.0690
0.1492, 0.0690
0.1492, 0.0690
0.1492, 0.0690
0.1492, 0.0690
0.1492, 0.0690
0.1492, 0.0690
0.1492, 0.0690
0.1492, 0.0690
0.1492, 0.0690
0.1492, 0.0690
0.1492, 0.0690
0.1492, 0.0690
0.1492, 0.0690
0.1492, 0.0690
0.1492, 0.0690
0.1492, 0.0690
0.1492, 0.0690
0.1492, 0.0690
0.1492, 0.0690
0.1492, 0.0690
0.1492, 0.0690
0.1492, 0.0690
0.1492, 0.0690
0.1492, 0.0690
0.1492, 0.0690
0.1492, 0.0690
0.1492, 0.0690
0.1492, 0.0690
0.1492, 0.0690
0.1492, 0.0690
0.1492, 0.0690
0.1492, 0.0690
0.1492, 0.0690
0.1492, 0.0658
0.1492, 0.0658
0.1492, 0.0658
0.1492, 0.0658
0.1492, 0.0658
0.1492, 0.0658
0.1492, 0.0658
0.1492, 0.0658
0.1492, 0.0658
0.1492, 0.0658
0.1492, 0.0658
0.1492, 0.0658
0.1492, 0.0658
0.1492, 0.0627
0.1492, 0.0627
0.1492, 0.0627
0.1492, 0.0627
0.1492, 0.0627
0.1492, 0.0627
0.1492, 0.0627
0.1492, 0.0627
0.1492, 0.0627
0.1492, 0.0627
0.1492, 0.0627
0.1492, 0.0627
0.1492, 0.0627
0.1492, 0.0627
0.1492, 0.0627
0.1492, 0.0627
0.1492, 0.0627
0.1492, 0.0627
0.1492, 0.0627
0.1528, 0.0627
0.1528, 0.0627
0.1528, 0.0627
0.1528, 0.0627
0.1528, 0.0627
0.1528, 0.0627
0.1528, 0.0627
0.1528, 0.0627
0.1528, 0.0627
0.1528, 0.0627
0.1528, 0.0627
0.1528, 0.0627
0.1528, 0.0627
0.1565, 0.0596
0.1565, 0.0596
0.1565, 0.0596
0.1565, 0.0596
0.1565, 0.0596
0.1565, 0.0596
0.1565, 0.0596
0.1565, 0.0596
0.1565, 0.0564
0.1565, 0.0564
0.1565, 0.0564
0.1565, 0.0564
0.1565, 0.0564
0.1565, 0.0564
0.1565, 0.0564
0.1565, 0.0564
0.1565, 0.0564
0.1601, 0.0564
0.1601, 0.0564
0.1601, 0.0564
0.1601, 0.0564
0.1601, 0.0564
0.1601, 0.0564
0.1601, 0.0564
0.1601, 0.0564
0.1601, 0.0564
0.1601, 0.0564
0.1601, 0.0564
0.1601, 0.0564
0.1601, 0.0564
0.1601, 0.0564
0.1601, 0.0564
0.1601, 0.0564
0.1601, 0.0564
0.1601, 0.0564
0.1638, 0.0564
0.1638, 0.0564
0.1638, 0.0564
0.1638, 0.0564
0.1638, 0.0564
0.1638, 0.0564
0.1638, 0.0564
0.1638, 0.0564
0.1638, 0.0564
0.1638, 0.0533
0.1638, 0.0533
0.1638, 0.0533
0.1638, 0.0533
0.1638, 0.0533
0.1638, 0.0533
0.1638, 0.0533
0.1638, 0.0533
0.1638, 0.0533
0.1638, 0.0533
0.1638, 0.0533
0.1638, 0.0533
0.1675, 0.0533
0.1675, 0.0533
0.1675, 0.0533
0.1675, 0.0533
0.1675, 0.0502
0.1675, 0.0502
0.1675, 0.0502
0.1675, 0.0502
0.1675, 0.0502
0.1675, 0.0502
0.1675, 0.0502
0.1675, 0.0502
0.1675, 0.0502
0.1712, 0.0502
0.1712, 0.0502
0.1712, 0.0502
0.1712, 0.0502
0.1712, 0.0470
0.1712, 0.0470
0.1712, 0.0470
0.1712, 0.0470
0.1749, 0.0470
0.1749, 0.0470
0.1749, 0.0470
0.1749, 0.0470
0.1749, 0.0470
0.1749, 0.0470
0.1749, 0.0470
0.1749, 0.0470
0.1749, 0.0470
0.1749, 0.0470
0.1749, 0.0470
0.1749, 0.0470
0.1749, 0.0470
0.1785, 0.0470
0.1785, 0.0470
0.1785, 0.0470
0.1785, 0.0470
0.1785, 0.0470
0.1785, 0.0470
0.1785, 0.0470
0.1785, 0.0470
0.1822, 0.0470
0.1822, 0.0470
0.1822, 0.0470
0.1822, 0.0470
0.1822, 0.0470
0.1822, 0.0470
0.1822, 0.0470
0.1822, 0.0470
0.1822, 0.0470
0.1822, 0.0470
0.1822, 0.0470
0.1822, 0.0470
0.1822, 0.0470
0.1822, 0.0439
0.1822, 0.0439
0.1822, 0.0439
0.1822, 0.0439
0.1859, 0.0439
0.1859, 0.0439
0.1859, 0.0439
0.1859, 0.0439
0.1859, 0.0439
0.1859, 0.0439
0.1859, 0.0439
0.1859, 0.0439
0.1859, 0.0439
0.1859, 0.0439
0.1859, 0.0439
0.1859, 0.0439
0.1895, 0.0439
0.1895, 0.0439
0.1895, 0.0439
0.1895, 0.0439
0.1895, 0.0408
0.1895, 0.0408
0.1895, 0.0408
0.1895, 0.0408
0.1895, 0.0408
0.1895, 0.0408
0.1895, 0.0408
0.1895, 0.0408
0.1895, 0.0408
0.1895, 0.0408
0.1895, 0.0408
0.1895, 0.0408
0.1895, 0.0408
0.1895, 0.0408
0.1895, 0.0408
0.1895, 0.0408
0.1895, 0.0408
0.1895, 0.0408
0.1933, 0.0408
0.1933, 0.0408
0.1933, 0.0408
0.1933, 0.0408
0.1933, 0.0408
0.1933, 0.0408
0.1933, 0.0408
0.1933, 0.0408
0.1969, 0.0408
0.1969, 0.0408
0.1969, 0.0408
0.1969, 0.0408
0.1969, 0.0408
0.1969, 0.0408
0.1969, 0.0408
0.1969, 0.0408
0.2006, 0.0408
0.2006, 0.0408
0.2006, 0.0408
0.2006, 0.0408
0.2006, 0.0376
0.2006, 0.0376
0.2006, 0.0376
0.2006, 0.0376
0.2006, 0.0376
0.2006, 0.0376
0.2006, 0.0376
0.2006, 0.0376
0.2042, 0.0376
0.2042, 0.0376
0.2042, 0.0376
0.2042, 0.0376
0.2042, 0.0376
0.2042, 0.0376
0.2042, 0.0376
0.2042, 0.0376
0.2042, 0.0345
0.2042, 0.0345
0.2042, 0.0345
0.2042, 0.0345
0.2042, 0.0345
0.2079, 0.0345
0.2079, 0.0345
0.2079, 0.0345
0.2079, 0.0345
0.2079, 0.0345
0.2079, 0.0345
0.2079, 0.0345
0.2079, 0.0345
0.2079, 0.0345
0.2079, 0.0345
0.2079, 0.0345
0.2079, 0.0345
0.2079, 0.0345
0.2079, 0.0345
0.2079, 0.0345
0.2079, 0.0345
0.2079, 0.0345
0.2079, 0.0345
0.2079, 0.0345
0.2079, 0.0345
0.2079, 0.0345
0.2079, 0.0313
0.2079, 0.0313
0.2079, 0.0313
0.2116, 0.0313
0.2116, 0.0313
0.2116, 0.0313
0.2116, 0.0313
0.2116, 0.0313
0.2116, 0.0313
0.2116, 0.0313
0.2116, 0.0313
0.2116, 0.0313
0.2153, 0.0313
0.2153, 0.0313
0.2153, 0.0313
0.2153, 0.0313
0.2153, 0.0313
0.2153, 0.0313
0.2153, 0.0313
0.2153, 0.0313
0.2190, 0.0313
0.2190, 0.0313
0.2190, 0.0313
0.2190, 0.0313
0.2190, 0.0313
0.2190, 0.0313
0.2190, 0.0313
0.2190, 0.0313
0.2190, 0.0313
0.2190, 0.0313
0.2190, 0.0313
0.2190, 0.0313
0.2190, 0.0313
0.2190, 0.0313
0.2190, 0.0313
0.2190, 0.0313
0.2226, 0.0282
0.2226, 0.0282
0.2226, 0.0282
0.2226, 0.0282
0.2226, 0.0282
0.2226, 0.0282
0.2226, 0.0282
0.2226, 0.0282
0.2263, 0.0282
0.2263, 0.0282
0.2263, 0.0282
0.2263, 0.0282
0.2263, 0.0282
0.2263, 0.0282
0.2263, 0.0282
0.2263, 0.0282
0.2263, 0.0251
0.2263, 0.0251
0.2263, 0.0251
0.2263, 0.0251
0.2263, 0.0251
0.2263, 0.0251
0.2263, 0.0251
0.2263, 0.0251
0.2263, 0.0251
0.2263, 0.0251
0.2263, 0.0251
0.2263, 0.0251
0.2299, 0.0251
0.2299, 0.0251
0.2299, 0.0251
0.2299, 0.0251
0.2299, 0.0251
0.2299, 0.0251
0.2299, 0.0251
0.2299, 0.0251
0.2336, 0.0251
0.2336, 0.0251
0.2336, 0.0251
0.2336, 0.0251
0.2336, 0.0251
0.2336, 0.0251
0.2336, 0.0251
0.2336, 0.0251
0.2374, 0.0251
0.2374, 0.0251
0.2374, 0.0251
0.2374, 0.0251
0.2374, 0.0251
0.2374, 0.0251
0.2374, 0.0251
0.2374, 0.0251
0.2374, 0.0251
0.2374, 0.0219
0.2374, 0.0219
0.2374, 0.0219
0.2374, 0.0219
0.2374, 0.0219
0.2374, 0.0219
0.2374, 0.0219
0.2410, 0.0219
0.2410, 0.0219
0.2410, 0.0219
0.2410, 0.0219
0.2410, 0.0219
0.2410, 0.0219
0.2410, 0.0219
0.2410, 0.0219
0.2447, 0.0219
0.2447, 0.0219
0.2447, 0.0219
0.2447, 0.0219
0.2447, 0.0219
0.2447, 0.0219
0.2447, 0.0219
0.2447, 0.0219
0.2447, 0.0219
0.2447, 0.0219
0.2447, 0.0219
0.2447, 0.0219
0.2447, 0.0219
0.2447, 0.0219
0.2447, 0.0219
0.2447, 0.0219
0.2447, 0.0219
0.2447, 0.0219
0.2447, 0.0219
0.2447, 0.0219
0.2447, 0.0219
0.2447, 0.0188
0.2447, 0.0188
0.2447, 0.0188
0.2447, 0.0188
0.2483, 0.0188
0.2483, 0.0188
0.2483, 0.0188
0.2483, 0.0188
0.2483, 0.0188
0.2483, 0.0188
0.2483, 0.0188
0.2520, 0.0188
0.2520, 0.0188
0.2520, 0.0188
0.2557, 0.0188
0.2557, 0.0188
0.2557, 0.0188
0.2557, 0.0188
0.2557, 0.0188
0.2557, 0.0188
0.2557, 0.0188
0.2557, 0.0188
0.2557, 0.0188
0.2557, 0.0188
0.2557, 0.0188
0.2557, 0.0188
0.2557, 0.0157
0.2557, 0.0157
0.2557, 0.0157
0.2557, 0.0157
0.2593, 0.0157
0.2593, 0.0157
0.2593, 0.0157
0.2593, 0.0157
0.2593, 0.0157
0.2593, 0.0157
0.2593, 0.0157
0.2593, 0.0157
0.2593, 0.0157
0.2593, 0.0157
0.2593, 0.0157
0.2593, 0.0157
0.2631, 0.0157
0.2631, 0.0157
0.2631, 0.0157
0.2631, 0.0157
0.2631, 0.0157
0.2631, 0.0157
0.2631, 0.0157
0.2631, 0.0157
0.2631, 0.0157
0.2631, 0.0157
0.2631, 0.0157
0.2631, 0.0157
0.2631, 0.0157
0.2631, 0.0157
0.2631, 0.0157
0.2631, 0.0157
0.2631, 0.0157
0.2631, 0.0157
0.2631, 0.0157
0.2631, 0.0157
0.2667, 0.0157
0.2667, 0.0157
0.2667, 0.0157
0.2667, 0.0157
0.2667, 0.0157
0.2667, 0.0157
0.2667, 0.0157
0.2667, 0.0157
0.2704, 0.0157
0.2704, 0.0157
0.2704, 0.0157
0.2740, 0.0157
0.2740, 0.0157
0.2740, 0.0157
0.2740, 0.0157
0.2740, 0.0125
0.2740, 0.0125
0.2740, 0.0125
0.2740, 0.0125
0.2740, 0.0125
0.2740, 0.0125
0.2740, 0.0125
0.2777, 0.0125
0.2777, 0.0125
0.2777, 0.0125
0.2777, 0.0125
0.2777, 0.0125
0.2777, 0.0125
0.2777, 0.0125
0.2777, 0.0125
0.2814, 0.0125
0.2814, 0.0125
0.2814, 0.0125
0.2814, 0.0125
0.2814, 0.0094
0.2814, 0.0094
0.2814, 0.0094
0.2851, 0.0094
0.2851, 0.0094
0.2851, 0.0094
0.2851, 0.0094
0.2851, 0.0094
0.2851, 0.0094
0.2851, 0.0094
0.2851, 0.0094
0.2888, 0.0094
0.2888, 0.0094
0.2888, 0.0094
0.2888, 0.0094
0.2924, 0.0094
0.2924, 0.0094
0.2924, 0.0094
0.2924, 0.0094
0.2924, 0.0094
0.2924, 0.0094
0.2924, 0.0094
0.2924, 0.0094
0.2924, 0.0094
0.2924, 0.0094
0.2924, 0.0094
0.2924, 0.0094
0.2924, 0.0094
0.2924, 0.0094
0.2924, 0.0094
0.2924, 0.0094
0.2961, 0.0094
0.2961, 0.0094
0.2961, 0.0094
0.2961, 0.0094
0.2961, 0.0094
0.2961, 0.0094
0.2961, 0.0094
0.2997, 0.0094
0.2997, 0.0094
0.2997, 0.0094
0.2997, 0.0094
0.2997, 0.0094
0.2997, 0.0094
0.2997, 0.0094
0.2997, 0.0094
0.2997, 0.0094
0.2997, 0.0094
0.2997, 0.0094
0.2997, 0.0094
0.3034, 0.0094
0.3034, 0.0094
0.3034, 0.0094
0.3034, 0.0094
0.3072, 0.0063
0.3072, 0.0063
0.3072, 0.0063
0.3072, 0.0063
0.3072, 0.0063
0.3072, 0.0063
0.3072, 0.0063
0.3072, 0.0063
0.3072, 0.0063
0.3072, 0.0063
0.3072, 0.0063
0.3072, 0.0063
0.3072, 0.0063
0.3072, 0.0063
0.3072, 0.0063
0.3072, 0.0063
0.3108, 0.0063
0.3108, 0.0063
0.3108, 0.0063
0.3108, 0.0063
0.3145, 0.0063
0.3145, 0.0063
0.3145, 0.0063
0.3145, 0.0063
0.3145, 0.0063
0.3145, 0.0063
0.3145, 0.0063
0.3181, 0.0063
0.3181, 0.0063
0.3181, 0.0063
0.3181, 0.0063
0.3181, 0.0031
0.3181, 0.0031
0.3181, 0.0031
0.3218, 0.0031
0.3218, 0.0031
0.3218, 0.0031
0.3218, 0.0031
0.3218, 0.0031
0.3218, 0.0031
0.3218, 0.0031
0.3255, 0.0031
0.3255, 0.0031
0.3255, 0.0031
0.3255, 0.0031
0.3255, 0.0031
0.3255, 0.0031
0.3255, 0.0031
0.3255, 0.0031
0.3292, 0.0031
0.3292, 0.0031
0.3292, 0.0031
0.3292, 0.0031
0.3292, 0.0031
0.3292, 0.0031
0.3292, 0.0031
0.3329, 0.0031
0.3329, 0.0031
0.3329, 0.0031
0.3329, 0.0031
0.3365, 0.0031
0.3365, 0.0031
0.3365, 0.0031
0.3365, 0.0031
0.3365, 0.0031
0.3365, 0.0031
0.3365, 0.0031
0.3365, 0.0031
0.3365, 0.0031
0.3365, 0.0031
0.3365, 0.0031
0.3402, 0.0031
0.3402, 0.0031
0.3402, 0.0031
0.3402, 0.0031
0.3402, 0.0000
0.3402, 0.0000
0.3402, 0.0000
0.3438, 0.0000
0.3438, 0.0000
0.3438, 0.0000
0.3438, 0.0000
0.3438, 0.0000
0.3438, 0.0000
0.3438, 0.0000
0.3438, 0.0000
0.3438, 0.0000
0.3438, 0.0000
0.3438, 0.0000
0.3438, 0.0000
0.3438, 0.0000
0.3438, 0.0000
0.3438, 0.0000
0.3475, 0.0000
0.3475, 0.0000
0.3475, 0.0000
0.3475, 0.0000
0.3475, 0.0000
0.3475, 0.0000
0.3475, 0.0000
0.3475, 0.0000
0.3512, 0.0000
0.3512, 0.0000
0.3512, 0.0000
0.3549, 0.0000
0.3549, 0.0000
0.3549, 0.0000
0.3549, 0.0000
0.3549, 0.0000
0.3549, 0.0000
0.3549, 0.0000
0.3549, 0.0000
0.3586, 0.0000
0.3586, 0.0000
0.3586, 0.0000
0.3622, 0.0000
0.3622, 0.0000
0.3622, 0.0000
0.3622, 0.0000
0.3622, 0.0000
0.3622, 0.0000
0.3622, 0.0000
0.3622, 0.0000
0.3622, 0.0000
0.3622, 0.0000
0.3622, 0.0000
0.3659, 0.0000
0.3659, 0.0000
0.3659, 0.0000
0.3659, 0.0000
0.3695, 0.0000
0.3695, 0.0000
0.3695, 0.0000
0.3695, 0.0000
0.3695, 0.0000
0.3695, 0.0000
0.3695, 0.0000
0.3732, 0.0000
0.3732, 0.0000
0.3732, 0.0000
0.3732, 0.0000
0.3732, 0.0000
0.3732, 0.0000
0.3732, 0.0000
0.3732, 0.0000
0.3732, 0.0000
0.3732, 0.0000
0.3732, 0.0000
0.3770, 0.0000
0.3770, 0.0000
0.3770, 0.0000
0.3770, 0.0000
0.3770, 0.0000
0.3770, 0.0000
0.3770, 0.0000
0.3806, 0.0000
0.3806, 0.0000
0.3806, 0.0000
0.3806, 0.0000
0.3806, 0.0000
0.3806, 0.0000
0.3806, 0.0000
0.3843, 0.0000
0.3843, 0.0000
0.3843, 0.0000
0.3843, 0.0000
0.3879, 0.0000
0.3879, 0.0000
0.3879, 0.0000
0.3916, 0.0000
0.3916, 0.0000
0.3916, 0.0000
0.3916, 0.0000
0.3916, 0.0000
0.3916, 0.0000
0.3916, 0.0000
0.3916, 0.0000
0.3953, 0.0000
0.3953, 0.0000
0.3953, 0.0000
0.3990, 0.0000
0.3990, 0.0000
0.3990, 0.0000
0.3990, 0.0000
0.3990, 0.0000
0.3990, 0.0000
0.3990, 0.0000
0.3990, 0.0000
0.3990, 0.0000
0.3990, 0.0000
0.3990, 0.0000
0.4027, 0.0000
0.4027, 0.0000
0.4027, 0.0000
0.4027, 0.0000
0.4063, 0.0000
0.4063, 0.0000
0.4063, 0.0000
0.4063, 0.0000
0.4063, 0.0000
0.4063, 0.0000
0.4063, 0.0000
0.4100, 0.0000
0.4100, 0.0000
0.4100, 0.0000
0.4100, 0.0000
0.4100, 0.0000
0.4100, 0.0000
0.4100, 0.0000
0.4136, 0.0031
0.4136, 0.0031
0.4136, 0.0031
0.4136, 0.0031
0.4173, 0.0031
0.4173, 0.0031
0.4173, 0.0031
0.4173, 0.0031
0.4173, 0.0031
0.4173, 0.0031
0.4173, 0.0031
0.4173, 0.0031
0.4173, 0.0031
0.4173, 0.0031
0.4173, 0.0031
0.4211, 0.0063
0.4211, 0.0063
0.4211, 0.0063
0.4247, 0.0063
0.4247, 0.0063
0.4247, 0.0063
0.4247, 0.0063
0.4247, 0.0063
0.4247, 0.0063
0.4247, 0.0063
0.4247, 0.0063
0.4247, 0.0063
0.4247, 0.0063
0.4247, 0.0063
0.4320, 0.0063
0.4320, 0.0063
0.4320, 0.0063
0.4320, 0.0063
0.4320, 0.0063
0.4320, 0.0063
0.4320, 0.0063
0.4320, 0.0063
0.4357, 0.0063
0.4357, 0.0063
0.4357, 0.0063
0.4357, 0.0063
0.4357, 0.0063
0.4357, 0.0063
0.4357, 0.0063
0.4393, 0.0063
0.4393, 0.0063
0.4393, 0.0063
0.4431, 0.0094
0.4431, 0.0094
0.4431, 0.0094
0.4431, 0.0094
0.4468, 0.0094
0.4468, 0.0094
0.4468, 0.0094
0.4468, 0.0094
0.4468, 0.0094
0.4468, 0.0094
0.4468, 0.0094
0.4504, 0.0094
0.4504, 0.0094
0.4504, 0.0094
0.4541, 0.0094
0.4541, 0.0094
0.4541, 0.0094
0.4541, 0.0094
0.4541, 0.0094
0.4541, 0.0094
0.4541, 0.0094
0.4541, 0.0125
0.4541, 0.0125
0.4541, 0.0125
0.4541, 0.0125
0.4577, 0.0125
0.4577, 0.0125
0.4577, 0.0125
0.4614, 0.0125
0.4614, 0.0125
0.4614, 0.0125
0.4614, 0.0125
0.4651, 0.0125
0.4651, 0.0125
0.4651, 0.0125
0.4651, 0.0125
0.4651, 0.0125
0.4651, 0.0125
0.4651, 0.0125
0.4688, 0.0125
0.4688, 0.0125
0.4725, 0.0125
0.4725, 0.0125
0.4725, 0.0125
0.4725, 0.0125
0.4725, 0.0125
0.4725, 0.0125
0.4725, 0.0125
0.4725, 0.0125
0.4725, 0.0125
0.4725, 0.0125
0.4725, 0.0125
0.4761, 0.0125
0.4761, 0.0125
0.4761, 0.0125
0.4761, 0.0125
0.4761, 0.0125
0.4761, 0.0125
0.4761, 0.0125
0.4761, 0.0125
0.4798, 0.0157
0.4798, 0.0157
0.4798, 0.0157
0.4834, 0.0157
0.4834, 0.0157
0.4834, 0.0157
0.4834, 0.0157
0.4834, 0.0157
0.4834, 0.0157
0.4834, 0.0157
0.4834, 0.0157
0.4834, 0.0157
0.4834, 0.0157
0.4834, 0.0157
0.4871, 0.0157
0.4871, 0.0157
0.4871, 0.0157
0.4871, 0.0157
0.4871, 0.0157
0.4871, 0.0157
0.4871, 0.0157
0.4871, 0.0157
0.4909, 0.0157
0.4909, 0.0157
0.4909, 0.0157
0.4909, 0.0157
0.4909, 0.0157
0.4909, 0.0157
0.4945, 0.0157
0.4945, 0.0157
0.4945, 0.0157
0.4982, 0.0157
0.4982, 0.0157
0.4982, 0.0157
0.4982, 0.0157
0.4982, 0.0157
0.4982, 0.0157
0.4982, 0.0157
0.4982, 0.0157
0.5018, 0.0157
0.5018, 0.0157
0.5018, 0.0157
0.5018, 0.0157
0.5018, 0.0157
0.5018, 0.0157
0.5018, 0.0157
0.5055, 0.0157
0.5055, 0.0157
0.5055, 0.0157
0.5091, 0.0157
0.5091, 0.0157
0.5091, 0.0157
0.5091, 0.0157
0.5091, 0.0157
0.5091, 0.0157
0.5091, 0.0157
0.5129, 0.0188
0.5129, 0.0188
0.5129, 0.0188
0.5129, 0.0188
0.5129, 0.0188
0.5129, 0.0188
0.5129, 0.0188
0.5166, 0.0188
0.5166, 0.0188
0.5166, 0.0188
0.5202, 0.0188
0.5202, 0.0188
0.5202, 0.0188
0.5202, 0.0188
0.5202, 0.0188
0.5202, 0.0188
0.5202, 0.0219
0.5202, 0.0219
0.5202, 0.0219
0.5202, 0.0219
0.5239, 0.0219
0.5239, 0.0219
0.5239, 0.0219
0.5239, 0.0219
0.5239, 0.0219
0.5239, 0.0219
0.5239, 0.0219
0.5275, 0.0219
0.5275, 0.0219
0.5275, 0.0219
0.5275, 0.0219
0.5275, 0.0219
0.5275, 0.0219
0.5275, 0.0219
0.5275, 0.0219
0.5275, 0.0219
0.5275, 0.0219
0.5312, 0.0219
0.5312, 0.0219
0.5312, 0.0219
0.5312, 0.0219
0.5349, 0.0219
0.5349, 0.0219
0.5349, 0.0219
0.5386, 0.0219
0.5386, 0.0219
0.5386, 0.0219
0.5386, 0.0219
0.5386, 0.0219
0.5386, 0.0219
0.5386, 0.0219
0.5386, 0.0219
0.5386, 0.0219
0.5386, 0.0219
0.5386, 0.0219
0.5423, 0.0219
0.5423, 0.0219
0.5423, 0.0219
0.5459, 0.0251
0.5459, 0.0251
0.5459, 0.0251
0.5459, 0.0251
0.5459, 0.0251
0.5459, 0.0251
0.5459, 0.0251
0.5459, 0.0251
0.5459, 0.0251
0.5459, 0.0251
0.5459, 0.0251
0.5459, 0.0251
0.5459, 0.0251
0.5459, 0.0251
0.5496, 0.0251
0.5496, 0.0251
0.5496, 0.0251
0.5532, 0.0282
0.5532, 0.0282
0.5532, 0.0282
0.5532, 0.0282
0.5532, 0.0282
0.5532, 0.0282
0.5532, 0.0282
0.5532, 0.0282
0.5532, 0.0282
0.5532, 0.0282
0.5532, 0.0282
0.5569, 0.0282
0.5569, 0.0282
0.5569, 0.0282
0.5607, 0.0282
0.5607, 0.0282
0.5607, 0.0282
0.5643, 0.0282
0.5643, 0.0282
0.5643, 0.0282
0.5643, 0.0282
0.5643, 0.0282
0.5643, 0.0282
0.5643, 0.0282
0.5643, 0.0282
0.5643, 0.0282
0.5643, 0.0282
0.5680, 0.0313
0.5680, 0.0313
0.5680, 0.0313
0.5716, 0.0313
0.5716, 0.0313
0.5716, 0.0313
0.5716, 0.0313
0.5716, 0.0313
0.5716, 0.0313
0.5716, 0.0313
0.5716, 0.0313
0.5716, 0.0313
0.5716, 0.0313
0.5753, 0.0313
0.5753, 0.0313
0.5753, 0.0313
0.5753, 0.0313
0.5789, 0.0345
0.5789, 0.0345
0.5789, 0.0345
0.5789, 0.0345
0.5789, 0.0345
0.5789, 0.0345
0.5789, 0.0345
0.5827, 0.0345
0.5827, 0.0345
0.5827, 0.0345
0.5827, 0.0345
0.5827, 0.0345
0.5827, 0.0345
0.5864, 0.0376
0.5864, 0.0376
0.5864, 0.0376
0.5900, 0.0376
0.5900, 0.0376
0.5900, 0.0376
0.5900, 0.0376
0.5900, 0.0376
0.5900, 0.0376
0.5900, 0.0376
0.5900, 0.0376
0.5900, 0.0376
0.5900, 0.0376
0.5900, 0.0376
0.5937, 0.0376
0.5937, 0.0376
0.5937, 0.0376
0.5973, 0.0376
0.5973, 0.0376
0.5973, 0.0376
0.6010, 0.0376
0.6010, 0.0376
0.6010, 0.0376
0.6010, 0.0376
0.6010, 0.0376
0.6010, 0.0376
0.6010, 0.0376
0.6010, 0.0376
0.6010, 0.0376
0.6010, 0.0376
0.6010, 0.0376
0.6047, 0.0376
0.6047, 0.0376
0.6047, 0.0376
0.6084, 0.0408
0.6084, 0.0408
0.6084, 0.0408
0.6084, 0.0408
0.6084, 0.0408
0.6084, 0.0408
0.6084, 0.0408
0.6084, 0.0408
0.6084, 0.0408
0.6084, 0.0408
0.6121, 0.0439
0.6121, 0.0439
0.6121, 0.0439
0.6121, 0.0439
0.6157, 0.0439
0.6157, 0.0439
0.6157, 0.0439
0.6194, 0.0439
0.6194, 0.0439
0.6194, 0.0439
0.6194, 0.0439
0.6194, 0.0439
0.6194, 0.0439
0.6230, 0.0439
0.6230, 0.0439
0.6230, 0.0439
0.6230, 0.0439
0.6268, 0.0470
0.6268, 0.0470
0.6268, 0.0470
0.6268, 0.0470
0.6268, 0.0470
0.6268, 0.0470
0.6268, 0.0470
0.6305, 0.0470
0.6305, 0.0470
0.6305, 0.0470
0.6341, 0.0502
0.6341, 0.0502
0.6341, 0.0502
0.6378, 0.0502
0.6378, 0.0502
0.6378, 0.0502
0.6378, 0.0502
0.6378, 0.0502
0.6378, 0.0502
0.6378, 0.0502
0.6378, 0.0533
0.6378, 0.0533
0.6378, 0.0533
0.6414, 0.0533
0.6414, 0.0533
0.6414, 0.0533
0.6414, 0.0533
0.6451, 0.0533
0.6451, 0.0533
0.6451, 0.0533
0.6451, 0.0533
0.6451, 0.0533
0.6451, 0.0533
0.6451, 0.0533
0.6451, 0.0533
0.6451, 0.0533
0.6451, 0.0533
0.6488, 0.0533
0.6488, 0.0533
0.6488, 0.0533
0.6488, 0.0564
0.6488, 0.0564
0.6488, 0.0564
0.6525, 0.0564
0.6525, 0.0564
0.6525, 0.0564
0.6562, 0.0564
0.6562, 0.0564
0.6562, 0.0564
0.6562, 0.0564
0.6562, 0.0564
0.6562, 0.0564
0.6562, 0.0564
0.6562, 0.0596
0.6562, 0.0596
0.6562, 0.0596
0.6598, 0.0596
0.6598, 0.0596
0.6598, 0.0596
0.6635, 0.0596
0.6635, 0.0596
0.6635, 0.0596
0.6635, 0.0596
0.6635, 0.0596
0.6635, 0.0596
0.6635, 0.0596
0.6671, 0.0596
0.6671, 0.0596
0.6671, 0.0596
0.6671, 0.0596
0.6671, 0.0596
0.6671, 0.0596
0.6671, 0.0596
0.6708, 0.0596
0.6708, 0.0596
0.6708, 0.0596
0.6708, 0.0596
0.6708, 0.0596
0.6708, 0.0596
0.6708, 0.0627
0.6708, 0.0627
0.6708, 0.0627
0.6745, 0.0627
0.6745, 0.0627
0.6745, 0.0627
0.6782, 0.0627
0.6782, 0.0627
0.6782, 0.0627
0.6819, 0.0627
0.6819, 0.0627
0.6819, 0.0627
0.6819, 0.0627
0.6819, 0.0627
0.6819, 0.0627
0.6819, 0.0627
0.6819, 0.0627
0.6819, 0.0627
0.6819, 0.0627
0.6855, 0.0627
0.6855, 0.0627
0.6855, 0.0627
0.6855, 0.0627
0.6855, 0.0658
0.6855, 0.0658
0.6855, 0.0658
0.6892, 0.0658
0.6892, 0.0658
0.6892, 0.0658
0.6892, 0.0658
0.6892, 0.0658
0.6892, 0.0658
0.6892, 0.0658
0.6892, 0.0658
0.6892, 0.0658
0.6892, 0.0658
0.6928, 0.0658
0.6928, 0.0658
0.6928, 0.0658
0.6966, 0.0658
0.6966, 0.0658
0.6966, 0.0658
0.7003, 0.0658
0.7003, 0.0658
0.7003, 0.0658
0.7003, 0.0658
0.7003, 0.0658
0.7003, 0.0658
0.7003, 0.0658
0.7039, 0.0690
0.7039, 0.0690
0.7039, 0.0690
0.7039, 0.0690
0.7039, 0.0690
0.7039, 0.0690
0.7039, 0.0690
0.7076, 0.0690
0.7076, 0.0690
0.7076, 0.0690
0.7076, 0.0690
0.7076, 0.0690
0.7076, 0.0690
0.7076, 0.0690
0.7076, 0.0690
0.7076, 0.0690
0.7076, 0.0690
0.7076, 0.0690
0.7076, 0.0690
0.7076, 0.0690
0.7112, 0.0690
0.7112, 0.0690
0.7112, 0.0690
0.7149, 0.0690
0.7149, 0.0690
0.7149, 0.0690
0.7186, 0.0690
0.7186, 0.0690
0.7186, 0.0690
0.7186, 0.0690
0.7186, 0.0690
0.7186, 0.0690
0.7223, 0.0690
0.7223, 0.0690
0.7223, 0.0690
0.7223, 0.0690
0.7223, 0.0690
0.7223, 0.0690
0.7223, 0.0690
0.7260, 0.0690
0.7260, 0.0690
0.7260, 0.0690
0.7260, 0.0690
0.7260, 0.0690
0.7260, 0.0690
0.7296, 0.0690
0.7296, 0.0690
0.7296, 0.0690
0.7333, 0.0690
0.7333, 0.0690
0.7333, 0.0690
0.7333, 0.0690
0.7333, 0.0690
0.7333, 0.0690
0.7333, 0.0690
0.7369, 0.0690
0.7369, 0.0690
0.7369, 0.0690
0.7369, 0.0690
0.7369, 0.0690
0.7369, 0.0690
0.7369, 0.0690
0.7369, 0.0690
0.7369, 0.0690
0.7407, 0.0690
0.7407, 0.0690
0.7407, 0.0690
0.7407, 0.0690
0.7407, 0.0690
0.7407, 0.0690
0.7407, 0.0690
0.7443, 0.0690
0.7443, 0.0690
0.7443, 0.0690
0.7443, 0.0690
0.7443, 0.0690
0.7443, 0.0690
0.7443, 0.0690
0.7443, 0.0690
0.7443, 0.0690
0.7443, 0.0690
0.7517, 0.0690
0.7517, 0.0690
0.7517, 0.0690
0.7553, 0.0690
0.7553, 0.0690
0.7553, 0.0690
0.7553, 0.0690
0.7553, 0.0690
0.7553, 0.0690
0.7590, 0.0690
0.7590, 0.0690
0.7590, 0.0690
0.7626, 0.0690
0.7626, 0.0690
0.7626, 0.0690
0.7626, 0.0690
0.7626, 0.0690
0.7626, 0.0690
0.7664, 0.0690
0.7664, 0.0690
0.7664, 0.0690
0.7701, 0.0690
0.7701, 0.0690
0.7701, 0.0690
0.7701, 0.0690
0.7737, 0.0658
0.7737, 0.0658
0.7737, 0.0658
0.7737, 0.0658
0.7737, 0.0658
0.7737, 0.0658
0.7737, 0.0658
0.7737, 0.0658
0.7737, 0.0658
0.7774, 0.0658
0.7774, 0.0658
0.7810, 0.0658
0.7810, 0.0658
0.7810, 0.0658
0.7810, 0.0658
0.7810, 0.0658
0.7810, 0.0658
0.7810, 0.0658
0.7810, 0.0627
0.7810, 0.0627
0.7810, 0.0627
0.7847, 0.0627
0.7847, 0.0627
0.7847, 0.0627
0.7847, 0.0627
0.7847, 0.0627
0.7847, 0.0627
0.7847, 0.0627
0.7884, 0.0627
0.7884, 0.0627
0.7884, 0.0627
0.7921, 0.0627
0.7921, 0.0627
0.7921, 0.0627
0.7921, 0.0627
0.7921, 0.0627
0.7921, 0.0627
0.7921, 0.0627
0.7921, 0.0627
0.7921, 0.0627
0.7958, 0.0627
0.7958, 0.0627
0.7958, 0.0627
0.7958, 0.0627
0.7958, 0.0627
0.7958, 0.0627
0.7994, 0.0627
0.7994, 0.0627
0.7994, 0.0627
0.7994, 0.0627
0.7994, 0.0627
0.7994, 0.0627
0.7994, 0.0627
0.7994, 0.0596
0.7994, 0.0596
0.7994, 0.0596
0.8031, 0.0596
0.8031, 0.0596
0.8031, 0.0596
0.8067, 0.0596
0.8067, 0.0596
0.8067, 0.0596
0.8105, 0.0596
0.8105, 0.0596
0.8105, 0.0596
0.8105, 0.0564
0.8105, 0.0564
0.8105, 0.0564
0.8141, 0.0564
0.8141, 0.0564
0.8141, 0.0564
0.8141, 0.0564
0.8141, 0.0564
0.8141, 0.0564
0.8178, 0.0564
0.8178, 0.0564
0.8178, 0.0564
0.8178, 0.0564
0.8178, 0.0564
0.8178, 0.0564
0.8178, 0.0564
0.8178, 0.0564
0.8178, 0.0564
0.8178, 0.0564
0.8215, 0.0564
0.8215, 0.0564
0.8215, 0.0564
0.8215, 0.0564
0.8215, 0.0564
0.8251, 0.0564
0.8251, 0.0564
0.8251, 0.0564
0.8251, 0.0533
0.8251, 0.0533
0.8251, 0.0533
0.8288, 0.0533
0.8288, 0.0533
0.8288, 0.0533
0.8288, 0.0533
0.8288, 0.0533
0.8288, 0.0533
0.8288, 0.0533
0.8288, 0.0533
0.8288, 0.0533
0.8288, 0.0533
0.8288, 0.0533
0.8288, 0.0533
0.8288, 0.0533
0.8325, 0.0502
0.8325, 0.0502
0.8325, 0.0502
0.8362, 0.0502
0.8362, 0.0502
0.8362, 0.0502
0.8362, 0.0502
0.8362, 0.0502
0.8362, 0.0502
0.8399, 0.0470
0.8399, 0.0470
0.8399, 0.0470
0.8435, 0.0470
0.8435, 0.0470
0.8435, 0.0470
0.8472, 0.0470
0.8472, 0.0470
0.8472, 0.0470
0.8472, 0.0470
0.8472, 0.0470
0.8472, 0.0470
0.8508, 0.0439
0.8508, 0.0439
0.8508, 0.0439
0.8546, 0.0439
0.8546, 0.0439
0.8546, 0.0439
0.8546, 0.0439
0.8546, 0.0439
0.8546, 0.0439
0.8582, 0.0408
0.8582, 0.0408
0.8582, 0.0408
0.8619, 0.0408
0.8619, 0.0408
0.8619, 0.0408
0.8619, 0.0408
0.8619, 0.0408
0.8619, 0.0408
0.8619, 0.0408
0.8656, 0.0376
0.8656, 0.0376
0.8656, 0.0376
0.8692, 0.0376
0.8692, 0.0376
0.8692, 0.0376
0.8729, 0.0345
0.8729, 0.0345
0.8729, 0.0345
0.8729, 0.0345
0.8729, 0.0345
0.8729, 0.0345
0.8765, 0.0313
0.8765, 0.0313
0.8803, 0.0313
0.8803, 0.0313
0.8803, 0.0313
0.8803, 0.0313
0.8803, 0.0313
0.8803, 0.0313
0.8803, 0.0313
0.8839, 0.0313
0.8839, 0.0313
0.8876, 0.0282
0.8876, 0.0282
0.8876, 0.0282
0.8913, 0.0282
0.8913, 0.0282
0.8913, 0.0282
0.8913, 0.0282
0.8913, 0.0282
0.8913, 0.0282
0.8913, 0.0282
0.8913, 0.0251
0.8913, 0.0251
0.8913, 0.0251
0.8949, 0.0251
0.8949, 0.0251
0.8949, 0.0251
0.8986, 0.0251
0.8986, 0.0251
0.8986, 0.0251
0.8986, 0.0251
0.8986, 0.0251
0.8986, 0.0251
0.8986, 0.0251
0.8986, 0.0251
0.8986, 0.0251
0.9023, 0.0219
0.9023, 0.0219
0.9023, 0.0219
0.9060, 0.0219
0.9060, 0.0219
0.9060, 0.0219
0.9060, 0.0188
0.9060, 0.0188
0.9060, 0.0188
0.9097, 0.0188
0.9097, 0.0188
0.9097, 0.0188
0.9097, 0.0188
0.9097, 0.0188
0.9097, 0.0188
0.9133, 0.0188
0.9133, 0.0188
0.9133, 0.0188
0.9170, 0.0157
0.9170, 0.0157
0.9170, 0.0125
0.9170, 0.0125
0.9170, 0.0125
0.9170, 0.0125
0.9206, 0.0125
0.9206, 0.0125
0.9280, 0.0094
0.9280, 0.0094
0.9280, 0.0094
0.9280, 0.0094
0.9280, 0.0094
0.9280, 0.0094
0.9280, 0.0094
0.9354, 0.0094
0.9354, 0.0094
0.9427, 0.0063
0.9427, 0.0063
0.9427, 0.0063
0.9427, 0.0031
0.9427, 0.0031
0.9427, 0.0031
0.9464, 0.0031
0.9464, 0.0031
0.9464, 0.0031
0.9501, 0.0000
0.9501, 0.0000
0.9501, 0.0000
0.9501, 0.0000
0.9501, 0.0000
0.9501, 0.0000
0.9537, 0.0000
0.9537, 0.0000
0.9537, 0.0000
0.9537, 0.0000
0.9537, 0.0000
0.9537, 0.0000
0.9537, 0.0000
0.9537, 0.0000
0.9537, 0.0000
0.9537, 0.0000
0.9537, 0.0000
0.9537, 0.0000
0.9537, 0.0000
0.9537, 0.0000
0.9537, 0.0000
0.9537, 0.0000
0.9537, 0.0000
0.9537, 0.0000
0.9537, 0.0000
0.9537, 0.0000
0.9574, 0.0000
0.9574, 0.0000
0.9574, 0.0000
0.9574, 0.0000
0.9574, 0.0000
0.9574, 0.0000
0.9574, 0.0000
0.9574, 0.0000
0.9574, 0.0000
0.9574, 0.0000
0.9574, 0.0000
0.9574, 0.0000
0.9574, 0.0000
0.9574, 0.0000
0.9574, 0.0000
0.9574, 0.0000
0.9574, 0.0000
0.9574, 0.0000
0.9574, 0.0000
0.9574, 0.0000
0.9574, 0.0000
0.9574, 0.0000
0.9574, 0.0000
0.9574, 0.0000
0.9574, 0.0000
0.9574, 0.0000
0.9574, 0.0000
0.9574, 0.0000
0.9574, 0.0000
0.9574, 0.0000
0.9574, 0.0000
0.9574, 0.0000
0.9574, 0.0000
0.9574, 0.0000
0.9574, 0.0000
0.9574, 0.0000
0.9574, 0.0000
0.9574, 0.0000
0.9574, 0.0000
0.9537, 0.0000
