0.0000, 0.6018
0.0060, 0.6018
0.0120, 0.5958
0.0180, 0.5778
0.0299, 0.5659
0.0419, 0.5539
0.0539, 0.5419
0.0599, 0.5299
0.0659, 0.5180
0.0778, 0.5120
0.0898, 0.5000
0.0898, 0.4940
0.0958, 0.4880
0.1018, 0.4761
0.1078, 0.4761
0.1078, 0.4701
0.1138, 0.4701
0.1138, 0.4641
0.1198, 0.4581
0.1377, 0.4581
0.1437, 0.4521
0.1617, 0.4461
0.1856, 0.4461
0.2276, 0.4461
0.2575, 0.4401
0.2934, 0.4401
0.3413, 0.4401
0.3832, 0.4461
0.4251, 0.4521
0.4730, 0.4581
0.5090, 0.4701
0.5509, 0.4820
0.5928, 0.4880
0.6228, 0.5000
0.6587, 0.5000
0.6886, 0.5060
0.7126, 0.5120
0.7425, 0.5120
0.7605, 0.5180
0.7844, 0.5180
0.8024, 0.5299
0.8144, 0.5299
0.8263, 0.5299
0.8383, 0.5299
0.8503, 0.5299
0.8563, 0.5299
0.8623, 0.5299
0.8683, 0.5299
0.8743, 0.5299
0.8862, 0.5299
0.8922, 0.5239
0.9042, 0.5239
0.9042, 0.5180
0.9162, 0.5120
0.9222, 0.5060
0.9341, 0.5000
0.9401, 0.4940
0.9461, 0.4880
0.9581, 0.4761
0.9581, 0.4701
0.9641, 0.4581
0.9701, 0.4521
0.9820, 0.4461
0.9880, 0.4401
0.9880, 0.4341
0.9880, 0.4222
0.9940, 0.4162
0.9940, 0.4102
1.0000, 0.4042
1.0000, 0.3982
