0.0980, 0.0556
0.0980, 0.0556
0.0980, 0.0556
0.0980, 0.0556
0.0980, 0.0556
0.0980, 0.0556
0.0980, 0.0556
0.0980, 0.0556
0.0980, 0.0556
0.0980, 0.0556
0.0980, 0.0556
0.0980, 0.0556
0.0980, 0.0556
0.0980, 0.0556
0.0980, 0.0556
0.0980, 0.0556
0.0980, 0.0556
0.0980, 0.0556
0.0980, 0.0556
0.0980, 0.0556
0.0980, 0.0556
0.0980, 0.0556
0.0980, 0.0556
0.0980, 0.0556
0.0980, 0.0556
0.0980, 0.0556
0.0980, 0.0556
0.0980, 0.0556
0.0980, 0.0556
0.0980, 0.0556
0.0980, 0.0556
0.0980, 0.0556
0.0980, 0.0556
0.0980, 0.0556
0.0980, 0.0556
0.0980, 0.0556
0.0980, 0.0556
0.0980, 0.0556
0.0980, 0.0556
0.0980, 0.0556
0.0980, 0.0556
0.0980, 0.0556
0.0980, 0.0556
0.0980, 0.0556
0.0980, 0.0556
0.0980, 0.0556
0.0980, 0.0556
0.0980, 0.0556
0.0980, 0.0556
0.0980, 0.0556
0.0980, 0.0556
0.0980, 0.0556
0.0980, 0.0556
0.0980, 0.0556
0.0980, 0.0556
0.0980, 0.0556
0.0980, 0.0556
0.0980, 0.0556
0.0980, 0.0556
0.0980, 0.0556
0.0980, 0.0556
0.0980, 0.0556
0.0980, 0.0556
0.0980, 0.0556
0.0980, 0.0556
0.0980, 0.0556
0.0980, 0.0556
0.0980, 0.0556
0.0980, 0.0556
0.0980, 0.0556
0.0980, 0.0556
0.0980, 0.0556
0.0980, 0.0556
0.0980, 0.0556
0.0980, 0.0556
0.0980, 0.0556
0.0980, 0.0556
0.0980, 0.0556
0.0980, 0.0556
0.0980, 0.0556
0.0980, 0.0556
0.0980, 0.0556
0.0980, 0.0556
0.0980, 0.0556
0.0980, 0.0556
0.0980, 0.0556
0.0980, 0.0556
0.0980, 0.0556
0.0980, 0.0556
0.0980, 0.0556
0.0980, 0.0556
0.0980, 0.0556
0.0980, 0.0556
0.0980, 0.0556
0.0980, 0.0556
0.0980, 0.0556
0.0980, 0.0556
0.0980, 0.0556
0.0980, 0.0556
0.0980, 0.0556
0.0980, 0.0556
0.0980, 0.0556
0.0980, 0.0556
0.0980, 0.0556
0.0980, 0.0556
0.1020, 0.0556
0.1020, 0.0556
0.1020, 0.0556
0.1020, 0.0556
0.1020, 0.0556
0.1020, 0.0556
0.1060, 0.0556
0.1060, 0.0556
0.1060, 0.0556
0.1060, 0.0556
0.1060, 0.0556
0.1060, 0.0556
0.1060, 0.0556
0.1060, 0.0556
0.1060, 0.0556
0.1060, 0.0556
0.1060, 0.0556
0.1060, 0.0556
0.1060, 0.0556
0.1060, 0.0556
0.1099, 0.0556
0.1099, 0.0556
0.1099, 0.0556
0.1099, 0.0556
0.1099, 0.0556
0.1099, 0.0556
0.1139, 0.0556
0.1139, 0.0556
0.1139, 0.0556
0.1139, 0.0556
0.1139, 0.0556
0.1139, 0.0556
0.1139, 0.0556
0.1139, 0.0525
0.1139, 0.0525
0.1139, 0.0525
0.1139, 0.0525
0.1139, 0.0525
0.1139, 0.0525
0.1139, 0.0525
0.1139, 0.0525
0.1139, 0.0525
0.1139, 0.0525
0.1179, 0.0525
0.1179, 0.0525
0.1179, 0.0525
0.1179, 0.0494
0.1179, 0.0494
0.1179, 0.0494
0.1218, 0.0494
0.1218, 0.0494
0.1218, 0.0494
0.1218, 0.0494
0.1218, 0.0494
0.1218, 0.0494
0.1218, 0.0494
0.1257, 0.0494
0.1257, 0.0494
0.1257, 0.0494
0.1257, 0.0494
0.1257, 0.0494
0.1257, 0.0494
0.1257, 0.0494
0.1257, 0.0494
0.1257, 0.0494
0.1257, 0.0494
0.1257, 0.0494
0.1257, 0.0494
0.1257, 0.0494
0.1257, 0.0494
0.1257, 0.0494
0.1257, 0.0494
0.1257, 0.0494
0.1257, 0.0494
0.1297, 0.0463
0.1297, 0.0463
0.1297, 0.0463
0.1297, 0.0463
0.1297, 0.0463
0.1297, 0.0463
0.1297, 0.0463
0.1297, 0.0463
0.1297, 0.0463
0.1297, 0.0463
0.1297, 0.0463
0.1297, 0.0463
0.1297, 0.0463
0.1297, 0.0463
0.1297, 0.0463
0.1297, 0.0463
0.1297, 0.0463
0.1297, 0.0463
0.1337, 0.0463
0.1337, 0.0463
0.1337, 0.0463
0.1337, 0.0463
0.1337, 0.0463
0.1337, 0.0463
0.1337, 0.0463
0.1337, 0.0463
0.1337, 0.0432
0.1337, 0.0432
0.1337, 0.0432
0.1337, 0.0432
0.1337, 0.0432
0.1337, 0.0432
0.1337, 0.0432
0.1337, 0.0432
0.1376, 0.0432
0.1376, 0.0432
0.1376, 0.0432
0.1376, 0.0432
0.1376, 0.0432
0.1376, 0.0432
0.1376, 0.0432
0.1376, 0.0432
0.1376, 0.0432
0.1416, 0.0432
0.1416, 0.0432
0.1416, 0.0432
0.1416, 0.0432
0.1416, 0.0432
0.1416, 0.0432
0.1416, 0.0432
0.1416, 0.0432
0.1416, 0.0432
0.1416, 0.0432
0.1416, 0.0432
0.1416, 0.0432
0.1456, 0.0432
0.1456, 0.0432
0.1456, 0.0432
0.1456, 0.0432
0.1456, 0.0432
0.1456, 0.0432
0.1456, 0.0432
0.1456, 0.0432
0.1456, 0.0401
0.1456, 0.0401
0.1456, 0.0401
0.1456, 0.0401
0.1456, 0.0401
0.1456, 0.0401
0.1456, 0.0401
0.1456, 0.0401
0.1456, 0.0401
0.1456, 0.0401
0.1456, 0.0401
0.1456, 0.0401
0.1456, 0.0401
0.1456, 0.0401
0.1456, 0.0401
0.1456, 0.0401
0.1456, 0.0401
0.1495, 0.0401
0.1495, 0.0401
0.1495, 0.0401
0.1495, 0.0401
0.1495, 0.0370
0.1495, 0.0370
0.1495, 0.0370
0.1495, 0.0370
0.1535, 0.0370
0.1535, 0.0370
0.1535, 0.0370
0.1535, 0.0370
0.1535, 0.0370
0.1535, 0.0370
0.1535, 0.0370
0.1535, 0.0370
0.1535, 0.0370
0.1535, 0.0370
0.1535, 0.0370
0.1535, 0.0370
0.1535, 0.0370
0.1535, 0.0370
0.1535, 0.0370
0.1535, 0.0370
0.1535, 0.0370
0.1574, 0.0370
0.1574, 0.0370
0.1574, 0.0370
0.1574, 0.0370
0.1574, 0.0370
0.1574, 0.0370
0.1574, 0.0370
0.1574, 0.0370
0.1614, 0.0370
0.1614, 0.0370
0.1614, 0.0370
0.1614, 0.0370
0.1614, 0.0340
0.1614, 0.0340
0.1614, 0.0340
0.1614, 0.0340
0.1654, 0.0340
0.1654, 0.0340
0.1654, 0.0340
0.1654, 0.0340
0.1654, 0.0340
0.1654, 0.0340
0.1654, 0.0340
0.1654, 0.0340
0.1654, 0.0340
0.1654, 0.0340
0.1654, 0.0340
0.1654, 0.0340
0.1654, 0.0340
0.1654, 0.0340
0.1654, 0.0340
0.1654, 0.0309
0.1654, 0.0309
0.1654, 0.0309
0.1654, 0.0309
0.1654, 0.0309
0.1654, 0.0309
0.1654, 0.0309
0.1654, 0.0309
0.1693, 0.0309
0.1693, 0.0309
0.1693, 0.0309
0.1693, 0.0309
0.1693, 0.0309
0.1693, 0.0309
0.1693, 0.0309
0.1693, 0.0309
0.1733, 0.0278
0.1733, 0.0278
0.1733, 0.0278
0.1733, 0.0278
0.1733, 0.0278
0.1733, 0.0278
0.1733, 0.0278
0.1733, 0.0278
0.1733, 0.0278
0.1733, 0.0278
0.1733, 0.0278
0.1733, 0.0278
0.1733, 0.0278
0.1733, 0.0278
0.1733, 0.0278
0.1733, 0.0278
0.1733, 0.0278
0.1733, 0.0278
0.1733, 0.0278
0.1733, 0.0278
0.1733, 0.0278
0.1773, 0.0278
0.1773, 0.0278
0.1773, 0.0278
0.1773, 0.0278
0.1773, 0.0278
0.1773, 0.0278
0.1773, 0.0278
0.1773, 0.0278
0.1773, 0.0278
0.1773, 0.0278
0.1773, 0.0278
0.1773, 0.0278
0.1812, 0.0278
0.1812, 0.0278
0.1812, 0.0278
0.1812, 0.0278
0.1812, 0.0278
0.1812, 0.0278
0.1812, 0.0278
0.1851, 0.0247
0.1851, 0.0247
0.1851, 0.0247
0.1851, 0.0247
0.1851, 0.0247
0.1851, 0.0247
0.1851, 0.0247
0.1851, 0.0247
0.1851, 0.0247
0.1851, 0.0247
0.1851, 0.0247
0.1851, 0.0247
0.1851, 0.0247
0.1851, 0.0247
0.1851, 0.0247
0.1851, 0.0247
0.1851, 0.0247
0.1851, 0.0247
0.1851, 0.0247
0.1851, 0.0247
0.1851, 0.0247
0.1851, 0.0247
0.1891, 0.0216
0.1891, 0.0216
0.1891, 0.0216
0.1891, 0.0216
0.1891, 0.0216
0.1891, 0.0216
0.1891, 0.0216
0.1891, 0.0216
0.1891, 0.0216
0.1891, 0.0216
0.1891, 0.0216
0.1931, 0.0216
0.1931, 0.0216
0.1931, 0.0216
0.1931, 0.0216
0.1931, 0.0216
0.1931, 0.0216
0.1931, 0.0216
0.1931, 0.0216
0.1931, 0.0216
0.1931, 0.0216
0.1931, 0.0216
0.1931, 0.0216
0.1970, 0.0216
0.1970, 0.0216
0.1970, 0.0216
0.1970, 0.0216
0.1970, 0.0216
0.1970, 0.0216
0.1970, 0.0216
0.1970, 0.0216
0.2010, 0.0216
0.2010, 0.0216
0.2010, 0.0216
0.2010, 0.0216
0.2010, 0.0216
0.2010, 0.0216
0.2010, 0.0216
0.2010, 0.0216
0.2010, 0.0216
0.2010, 0.0216
0.2010, 0.0216
0.2010, 0.0216
0.2010, 0.0216
0.2050, 0.0216
0.2050, 0.0216
0.2050, 0.0216
0.2050, 0.0216
0.2050, 0.0216
0.2050, 0.0216
0.2050, 0.0216
0.2050, 0.0216
0.2050, 0.0216
0.2050, 0.0216
0.2050, 0.0216
0.2050, 0.0185
0.2050, 0.0185
0.2050, 0.0185
0.2050, 0.0185
0.2089, 0.0185
0.2089, 0.0185
0.2089, 0.0185
0.2089, 0.0185
0.2089, 0.0185
0.2089, 0.0185
0.2089, 0.0185
0.2089, 0.0185
0.2089, 0.0185
0.2089, 0.0185
0.2089, 0.0185
0.2089, 0.0185
0.2128, 0.0185
0.2128, 0.0185
0.2128, 0.0185
0.2128, 0.0185
0.2128, 0.0185
0.2128, 0.0185
0.2128, 0.0185
0.2128, 0.0154
0.2128, 0.0154
0.2128, 0.0154
0.2128, 0.0154
0.2169, 0.0154
0.2169, 0.0154
0.2169, 0.0154
0.2169, 0.0154
0.2169, 0.0154
0.2169, 0.0154
0.2169, 0.0154
0.2169, 0.0154
0.2208, 0.0154
0.2208, 0.0154
0.2208, 0.0154
0.2208, 0.0154
0.2208, 0.0154
0.2208, 0.0154
0.2208, 0.0154
0.2247, 0.0154
0.2247, 0.0154
0.2247, 0.0154
0.2247, 0.0154
0.2247, 0.0154
0.2247, 0.0154
0.2247, 0.0154
0.2247, 0.0154
0.2247, 0.0123
0.2247, 0.0123
0.2247, 0.0123
0.2247, 0.0123
0.2247, 0.0123
0.2247, 0.0123
0.2247, 0.0123
0.2288, 0.0123
0.2288, 0.0123
0.2288, 0.0123
0.2288, 0.0123
0.2288, 0.0123
0.2288, 0.0123
0.2288, 0.0123
0.2288, 0.0123
0.2327, 0.0123
0.2327, 0.0123
0.2327, 0.0123
0.2327, 0.0123
0.2327, 0.0123
0.2327, 0.0123
0.2327, 0.0123
0.2327, 0.0123
0.2327, 0.0123
0.2327, 0.0123
0.2327, 0.0123
0.2327, 0.0123
0.2327, 0.0123
0.2327, 0.0123
0.2366, 0.0123
0.2366, 0.0123
0.2366, 0.0123
0.2366, 0.0123
0.2366, 0.0123
0.2366, 0.0123
0.2366, 0.0123
0.2366, 0.0123
0.2407, 0.0123
0.2407, 0.0123
0.2407, 0.0123
0.2407, 0.0123
0.2407, 0.0093
0.2407, 0.0093
0.2407, 0.0093
0.2407, 0.0093
0.2407, 0.0093
0.2407, 0.0093
0.2407, 0.0093
0.2446, 0.0093
0.2446, 0.0093
0.2446, 0.0093
0.2446, 0.0093
0.2446, 0.0093
0.2446, 0.0093
0.2446, 0.0093
0.2446, 0.0093
0.2485, 0.0093
0.2485, 0.0093
0.2485, 0.0093
0.2485, 0.0093
0.2525, 0.0062
0.2525, 0.0062
0.2525, 0.0062
0.2525, 0.0062
0.2525, 0.0062
0.2525, 0.0062
0.2525, 0.0062
0.2525, 0.0062
0.2525, 0.0062
0.2525, 0.0062
0.2525, 0.0062
0.2525, 0.0062
0.2525, 0.0062
0.2525, 0.0062
0.2525, 0.0062
0.2565, 0.0062
0.2565, 0.0062
0.2565, 0.0062
0.2565, 0.0062
0.2565, 0.0062
0.2565, 0.0062
0.2565, 0.0062
0.2565, 0.0062
0.2565, 0.0062
0.2565, 0.0062
0.2565, 0.0062
0.2565, 0.0062
0.2604, 0.0062
0.2604, 0.0062
0.2604, 0.0062
0.2604, 0.0062
0.2604, 0.0062
0.2604, 0.0062
0.2604, 0.0062
0.2604, 0.0062
0.2604, 0.0062
0.2604, 0.0062
0.2604, 0.0062
0.2604, 0.0062
0.2604, 0.0062
0.2604, 0.0062
0.2604, 0.0062
0.2604, 0.0062
0.2604, 0.0062
0.2604, 0.0062
0.2604, 0.0062
0.2604, 0.0062
0.2643, 0.0062
0.2643, 0.0062
0.2643, 0.0062
0.2643, 0.0062
0.2643, 0.0062
0.2643, 0.0062
0.2643, 0.0062
0.2684, 0.0062
0.2684, 0.0062
0.2684, 0.0062
0.2684, 0.0062
0.2684, 0.0062
0.2684, 0.0062
0.2684, 0.0062
0.2723, 0.0062
0.2723, 0.0062
0.2723, 0.0062
0.2723, 0.0062
0.2723, 0.0062
0.2723, 0.0062
0.2723, 0.0062
0.2723, 0.0062
0.2723, 0.0062
0.2723, 0.0062
0.2723, 0.0062
0.2723, 0.0062
0.2723, 0.0062
0.2723, 0.0062
0.2723, 0.0062
0.2723, 0.0062
0.2762, 0.0062
0.2762, 0.0062
0.2762, 0.0062
0.2762, 0.0062
0.2802, 0.0062
0.2802, 0.0062
0.2802, 0.0062
0.2802, 0.0031
0.2802, 0.0031
0.2802, 0.0031
0.2802, 0.0031
0.2802, 0.0031
0.2802, 0.0031
0.2802, 0.0031
0.2802, 0.0031
0.2802, 0.0031
0.2802, 0.0031
0.2802, 0.0031
0.2802, 0.0031
0.2802, 0.0031
0.2802, 0.0031
0.2802, 0.0031
0.2842, 0.0031
0.2842, 0.0031
0.2842, 0.0031
0.2842, 0.0031
0.2842, 0.0031
0.2842, 0.0031
0.2842, 0.0031
0.2842, 0.0031
0.2881, 0.0031
0.2881, 0.0031
0.2881, 0.0031
0.2881, 0.0031
0.2881, 0.0031
0.2881, 0.0031
0.2881, 0.0031
0.2881, 0.0031
0.2881, 0.0031
0.2881, 0.0031
0.2881, 0.0031
0.2921, 0.0031
0.2921, 0.0031
0.2921, 0.0031
0.2921, 0.0031
0.2921, 0.0031
0.2921, 0.0031
0.2921, 0.0031
0.2921, 0.0031
0.2921, 0.0031
0.2921, 0.0031
0.2921, 0.0031
0.2921, 0.0000
0.2921, 0.0000
0.2921, 0.0000
0.2921, 0.0000
0.2961, 0.0000
0.2961, 0.0000
0.2961, 0.0000
0.2961, 0.0000
0.2961, 0.0000
0.2961, 0.0000
0.2961, 0.0000
0.3000, 0.0000
0.3000, 0.0000
0.3000, 0.0000
0.3000, 0.0000
0.3000, 0.0000
0.3000, 0.0000
0.3000, 0.0000
0.3000, 0.0000
0.3000, 0.0000
0.3000, 0.0000
0.3000, 0.0000
0.3000, 0.0000
0.3000, 0.0000
0.3000, 0.0000
0.3000, 0.0000
0.3000, 0.0000
0.3000, 0.0000
0.3000, 0.0000
0.3040, 0.0000
0.3040, 0.0000
0.3040, 0.0000
0.3040, 0.0000
0.3040, 0.0000
0.3040, 0.0000
0.3040, 0.0000
0.3040, 0.0000
0.3040, 0.0000
0.3040, 0.0000
0.3040, 0.0000
0.3040, 0.0000
0.3040, 0.0000
0.3040, 0.0000
0.3040, 0.0000
0.3040, 0.0000
0.3040, 0.0000
0.3040, 0.0000
0.3040, 0.0000
0.3040, 0.0000
0.3079, 0.0000
0.3079, 0.0000
0.3079, 0.0000
0.3079, 0.0000
0.3079, 0.0000
0.3079, 0.0000
0.3079, 0.0000
0.3079, 0.0000
0.3079, 0.0000
0.3079, 0.0000
0.3079, 0.0000
0.3079, 0.0000
0.3079, 0.0000
0.3079, 0.0000
0.3079, 0.0000
0.3079, 0.0000
0.3079, 0.0000
0.3079, 0.0000
0.3079, 0.0000
0.3079, 0.0000
0.3079, 0.0000
0.3079, 0.0000
0.3119, 0.0000
0.3119, 0.0000
0.3119, 0.0000
0.3119, 0.0000
0.3119, 0.0000
0.3119, 0.0000
0.3119, 0.0000
0.3119, 0.0000
0.3119, 0.0000
0.3119, 0.0000
0.3119, 0.0000
0.3119, 0.0000
0.3119, 0.0000
0.3119, 0.0000
0.3119, 0.0000
0.3158, 0.0000
0.3158, 0.0000
0.3158, 0.0000
0.3158, 0.0000
0.3158, 0.0000
0.3158, 0.0000
0.3158, 0.0000
0.3198, 0.0000
0.3198, 0.0000
0.3198, 0.0000
0.3198, 0.0000
0.3198, 0.0000
0.3198, 0.0000
0.3198, 0.0000
0.3198, 0.0000
0.3198, 0.0000
0.3198, 0.0000
0.3198, 0.0000
0.3198, 0.0000
0.3198, 0.0000
0.3198, 0.0000
0.3198, 0.0000
0.3198, 0.0000
0.3198, 0.0000
0.3198, 0.0000
0.3198, 0.0000
0.3238, 0.0000
0.3238, 0.0000
0.3238, 0.0000
0.3238, 0.0000
0.3238, 0.0000
0.3238, 0.0000
0.3238, 0.0000
0.3277, 0.0000
0.3277, 0.0000
0.3277, 0.0000
0.3277, 0.0000
0.3277, 0.0000
0.3277, 0.0000
0.3277, 0.0000
0.3277, 0.0000
0.3277, 0.0000
0.3277, 0.0000
0.3277, 0.0000
0.3317, 0.0000
0.3317, 0.0000
0.3317, 0.0000
0.3317, 0.0000
0.3317, 0.0000
0.3317, 0.0000
0.3317, 0.0000
0.3317, 0.0000
0.3317, 0.0000
0.3317, 0.0000
0.3317, 0.0000
0.3317, 0.0000
0.3317, 0.0000
0.3317, 0.0000
0.3317, 0.0000
0.3317, 0.0000
0.3317, 0.0000
0.3317, 0.0000
0.3317, 0.0000
0.3317, 0.0000
0.3317, 0.0000
0.3317, 0.0000
0.3317, 0.0000
0.3356, 0.0000
0.3356, 0.0000
0.3356, 0.0000
0.3356, 0.0000
0.3356, 0.0000
0.3356, 0.0000
0.3356, 0.0000
0.3356, 0.0000
0.3356, 0.0000
0.3356, 0.0000
0.3356, 0.0000
0.3396, 0.0000
0.3396, 0.0000
0.3396, 0.0000
0.3396, 0.0000
0.3396, 0.0000
0.3396, 0.0000
0.3396, 0.0000
0.3396, 0.0000
0.3396, 0.0000
0.3396, 0.0000
0.3396, 0.0000
0.3396, 0.0000
0.3396, 0.0000
0.3396, 0.0000
0.3436, 0.0000
0.3436, 0.0000
0.3436, 0.0000
0.3436, 0.0000
0.3436, 0.0000
0.3436, 0.0000
0.3436, 0.0000
0.3475, 0.0000
0.3475, 0.0000
0.3475, 0.0000
0.3475, 0.0000
0.3475, 0.0000
0.3475, 0.0000
0.3475, 0.0000
0.3475, 0.0000
0.3475, 0.0000
0.3475, 0.0000
0.3475, 0.0000
0.3515, 0.0000
0.3515, 0.0000
0.3515, 0.0000
0.3515, 0.0000
0.3515, 0.0000
0.3515, 0.0000
0.3515, 0.0000
0.3515, 0.0000
0.3515, 0.0000
0.3515, 0.0000
0.3515, 0.0000
0.3515, 0.0000
0.3515, 0.0000
0.3515, 0.0000
0.3515, 0.0000
0.3555, 0.0000
0.3555, 0.0000
0.3555, 0.0000
0.3555, 0.0000
0.3555, 0.0000
0.3555, 0.0000
0.3555, 0.0000
0.3555, 0.0000
0.3555, 0.0000
0.3555, 0.0000
0.3555, 0.0000
0.3594, 0.0000
0.3594, 0.0000
0.3594, 0.0000
0.3594, 0.0000
0.3594, 0.0000
0.3594, 0.0000
0.3594, 0.0000
0.3594, 0.0000
0.3594, 0.0000
0.3594, 0.0000
0.3594, 0.0000
0.3594, 0.0000
0.3594, 0.0000
0.3594, 0.0000
0.3594, 0.0000
0.3633, 0.0000
0.3633, 0.0000
0.3633, 0.0000
0.3633, 0.0000
0.3633, 0.0000
0.3633, 0.0000
0.3633, 0.0000
0.3633, 0.0000
0.3633, 0.0000
0.3633, 0.0000
0.3633, 0.0000
0.3674, 0.0000
0.3674, 0.0000
0.3674, 0.0000
0.3674, 0.0000
0.3674, 0.0000
0.3674, 0.0000
0.3674, 0.0000
0.3674, 0.0000
0.3674, 0.0000
0.3674, 0.0000
0.3674, 0.0000
0.3674, 0.0000
0.3674, 0.0000
0.3674, 0.0000
0.3674, 0.0000
0.3674, 0.0000
0.3674, 0.0000
0.3674, 0.0000
0.3674, 0.0000
0.3674, 0.0000
0.3674, 0.0000
0.3713, 0.0000
0.3713, 0.0000
0.3713, 0.0000
0.3713, 0.0000
0.3713, 0.0000
0.3713, 0.0000
0.3713, 0.0000
0.3752, 0.0000
0.3752, 0.0000
0.3752, 0.0000
0.3752, 0.0000
0.3752, 0.0000
0.3752, 0.0000
0.3752, 0.0000
0.3752, 0.0000
0.3752, 0.0000
0.3752, 0.0000
0.3792, 0.0000
0.3792, 0.0000
0.3792, 0.0000
0.3792, 0.0000
0.3792, 0.0000
0.3792, 0.0000
0.3792, 0.0000
0.3792, 0.0000
0.3792, 0.0000
0.3792, 0.0000
0.3792, 0.0000
0.3792, 0.0000
0.3792, 0.0000
0.3792, 0.0000
0.3792, 0.0000
0.3792, 0.0000
0.3792, 0.0000
0.3832, 0.0000
0.3832, 0.0000
0.3832, 0.0000
0.3832, 0.0000
0.3832, 0.0000
0.3832, 0.0000
0.3832, 0.0000
0.3871, 0.0000
0.3871, 0.0000
0.3871, 0.0000
0.3871, 0.0000
0.3871, 0.0000
0.3871, 0.0000
0.3871, 0.0000
0.3871, 0.0000
0.3871, 0.0000
0.3871, 0.0000
0.3911, 0.0000
0.3911, 0.0000
0.3911, 0.0000
0.3911, 0.0000
0.3911, 0.0000
0.3911, 0.0000
0.3911, 0.0000
0.3951, 0.0000
0.3951, 0.0000
0.3951, 0.0000
0.3951, 0.0000
0.3951, 0.0000
0.3951, 0.0000
0.3951, 0.0000
0.3990, 0.0000
0.3990, 0.0000
0.3990, 0.0000
0.3990, 0.0000
0.3990, 0.0000
0.3990, 0.0000
0.3990, 0.0000
0.3990, 0.0000
0.3990, 0.0000
0.3990, 0.0000
0.3990, 0.0000
0.3990, 0.0000
0.3990, 0.0000
0.3990, 0.0000
0.4029, 0.0000
0.4029, 0.0000
0.4029, 0.0000
0.4029, 0.0031
0.4029, 0.0031
0.4029, 0.0031
0.4070, 0.0031
0.4070, 0.0031
0.4070, 0.0031
0.4070, 0.0031
0.4070, 0.0031
0.4070, 0.0031
0.4070, 0.0031
0.4070, 0.0031
0.4070, 0.0031
0.4070, 0.0031
0.4070, 0.0031
0.4070, 0.0031
0.4070, 0.0031
0.4070, 0.0031
0.4109, 0.0031
0.4109, 0.0031
0.4109, 0.0031
0.4109, 0.0031
0.4109, 0.0031
0.4109, 0.0031
0.4109, 0.0031
0.4148, 0.0031
0.4148, 0.0031
0.4148, 0.0031
0.4148, 0.0031
0.4148, 0.0031
0.4148, 0.0031
0.4189, 0.0031
0.4189, 0.0031
0.4189, 0.0031
0.4189, 0.0031
0.4189, 0.0031
0.4189, 0.0031
0.4189, 0.0031
0.4189, 0.0031
0.4189, 0.0031
0.4189, 0.0031
0.4189, 0.0031
0.4189, 0.0031
0.4189, 0.0031
0.4189, 0.0031
0.4189, 0.0031
0.4189, 0.0031
0.4189, 0.0031
0.4189, 0.0031
0.4228, 0.0031
0.4228, 0.0031
0.4228, 0.0031
0.4228, 0.0031
0.4228, 0.0031
0.4228, 0.0031
0.4228, 0.0031
0.4267, 0.0062
0.4267, 0.0062
0.4267, 0.0062
0.4267, 0.0062
0.4267, 0.0062
0.4267, 0.0062
0.4267, 0.0062
0.4267, 0.0062
0.4267, 0.0062
0.4267, 0.0062
0.4267, 0.0062
0.4307, 0.0062
0.4307, 0.0062
0.4307, 0.0062
0.4307, 0.0062
0.4307, 0.0062
0.4307, 0.0062
0.4347, 0.0062
0.4347, 0.0062
0.4347, 0.0062
0.4347, 0.0062
0.4347, 0.0062
0.4347, 0.0062
0.4347, 0.0062
0.4386, 0.0062
0.4386, 0.0062
0.4386, 0.0062
0.4386, 0.0093
0.4386, 0.0093
0.4386, 0.0093
0.4386, 0.0093
0.4386, 0.0093
0.4386, 0.0093
0.4386, 0.0093
0.4386, 0.0093
0.4386, 0.0093
0.4386, 0.0093
0.4386, 0.0093
0.4386, 0.0093
0.4386, 0.0093
0.4386, 0.0093
0.4425, 0.0093
0.4425, 0.0093
0.4425, 0.0093
0.4425, 0.0093
0.4425, 0.0093
0.4425, 0.0093
0.4425, 0.0093
0.4466, 0.0093
0.4466, 0.0093
0.4466, 0.0093
0.4466, 0.0093
0.4466, 0.0093
0.4466, 0.0093
0.4466, 0.0093
0.4466, 0.0093
0.4466, 0.0093
0.4466, 0.0093
0.4505, 0.0093
0.4505, 0.0093
0.4505, 0.0093
0.4544, 0.0093
0.4544, 0.0093
0.4544, 0.0093
0.4544, 0.0093
0.4584, 0.0093
0.4584, 0.0093
0.4584, 0.0093
0.4584, 0.0093
0.4584, 0.0093
0.4584, 0.0093
0.4584, 0.0093
0.4584, 0.0093
0.4584, 0.0093
0.4584, 0.0093
0.4584, 0.0123
0.4584, 0.0123
0.4584, 0.0123
0.4624, 0.0123
0.4624, 0.0123
0.4624, 0.0123
0.4624, 0.0123
0.4624, 0.0123
0.4624, 0.0123
0.4624, 0.0123
0.4663, 0.0123
0.4663, 0.0123
0.4663, 0.0123
0.4663, 0.0123
0.4663, 0.0123
0.4663, 0.0123
0.4663, 0.0123
0.4663, 0.0123
0.4663, 0.0123
0.4663, 0.0123
0.4663, 0.0154
0.4663, 0.0154
0.4663, 0.0154
0.4663, 0.0154
0.4703, 0.0154
0.4703, 0.0154
0.4703, 0.0154
0.4703, 0.0154
0.4703, 0.0154
0.4703, 0.0154
0.4743, 0.0154
0.4743, 0.0154
0.4743, 0.0154
0.4782, 0.0154
0.4782, 0.0154
0.4782, 0.0154
0.4782, 0.0154
0.4782, 0.0185
0.4782, 0.0185
0.4782, 0.0185
0.4782, 0.0185
0.4782, 0.0185
0.4782, 0.0185
0.4822, 0.0185
0.4822, 0.0185
0.4822, 0.0185
0.4822, 0.0185
0.4822, 0.0185
0.4822, 0.0185
0.4822, 0.0185
0.4861, 0.0185
0.4861, 0.0185
0.4861, 0.0185
0.4861, 0.0185
0.4861, 0.0185
0.4861, 0.0185
0.4861, 0.0185
0.4861, 0.0185
0.4861, 0.0185
0.4861, 0.0185
0.4861, 0.0185
0.4861, 0.0185
0.4861, 0.0185
0.4901, 0.0185
0.4901, 0.0185
0.4901, 0.0185
0.4901, 0.0185
0.4901, 0.0185
0.4901, 0.0185
0.4901, 0.0185
0.4941, 0.0216
0.4941, 0.0216
0.4941, 0.0216
0.4941, 0.0216
0.4941, 0.0216
0.4941, 0.0216
0.4941, 0.0216
0.4941, 0.0216
0.4941, 0.0216
0.4941, 0.0216
0.4980, 0.0216
0.4980, 0.0216
0.4980, 0.0216
0.4980, 0.0247
0.4980, 0.0247
0.4980, 0.0247
0.5020, 0.0247
0.5020, 0.0247
0.5020, 0.0247
0.5059, 0.0247
0.5059, 0.0247
0.5059, 0.0247
0.5059, 0.0247
0.5059, 0.0247
0.5059, 0.0247
0.5059, 0.0247
0.5059, 0.0247
0.5059, 0.0247
0.5059, 0.0247
0.5059, 0.0247
0.5059, 0.0247
0.5059, 0.0247
0.5059, 0.0247
0.5099, 0.0247
0.5099, 0.0247
0.5099, 0.0247
0.5099, 0.0247
0.5099, 0.0247
0.5099, 0.0247
0.5099, 0.0247
0.5139, 0.0247
0.5139, 0.0247
0.5139, 0.0247
0.5139, 0.0278
0.5139, 0.0278
0.5139, 0.0278
0.5139, 0.0278
0.5139, 0.0278
0.5139, 0.0278
0.5178, 0.0278
0.5178, 0.0278
0.5178, 0.0278
0.5178, 0.0278
0.5178, 0.0278
0.5178, 0.0278
0.5178, 0.0278
0.5218, 0.0278
0.5218, 0.0278
0.5218, 0.0278
0.5218, 0.0278
0.5218, 0.0278
0.5218, 0.0278
0.5257, 0.0309
0.5257, 0.0309
0.5257, 0.0309
0.5257, 0.0309
0.5257, 0.0309
0.5257, 0.0309
0.5257, 0.0309
0.5257, 0.0309
0.5257, 0.0309
0.5257, 0.0309
0.5257, 0.0309
0.5257, 0.0309
0.5257, 0.0309
0.5257, 0.0309
0.5297, 0.0309
0.5297, 0.0309
0.5297, 0.0309
0.5337, 0.0309
0.5337, 0.0309
0.5337, 0.0309
0.5337, 0.0309
0.5337, 0.0309
0.5337, 0.0309
0.5337, 0.0340
0.5337, 0.0340
0.5337, 0.0340
0.5337, 0.0340
0.5337, 0.0340
0.5337, 0.0340
0.5337, 0.0340
0.5376, 0.0340
0.5376, 0.0340
0.5376, 0.0340
0.5416, 0.0340
0.5416, 0.0340
0.5416, 0.0340
0.5416, 0.0340
0.5416, 0.0340
0.5416, 0.0340
0.5416, 0.0340
0.5416, 0.0340
0.5416, 0.0340
0.5416, 0.0340
0.5456, 0.0340
0.5456, 0.0340
0.5456, 0.0340
0.5456, 0.0340
0.5456, 0.0340
0.5456, 0.0340
0.5456, 0.0340
0.5456, 0.0340
0.5456, 0.0340
0.5456, 0.0340
0.5456, 0.0340
0.5456, 0.0340
0.5456, 0.0340
0.5495, 0.0340
0.5495, 0.0340
0.5495, 0.0340
0.5534, 0.0340
0.5534, 0.0340
0.5534, 0.0340
0.5534, 0.0340
0.5534, 0.0340
0.5534, 0.0340
0.5534, 0.0370
0.5534, 0.0370
0.5534, 0.0370
0.5534, 0.0370
0.5534, 0.0370
0.5534, 0.0370
0.5575, 0.0370
0.5575, 0.0370
0.5575, 0.0370
0.5575, 0.0370
0.5575, 0.0370
0.5575, 0.0370
0.5575, 0.0370
0.5614, 0.0370
0.5614, 0.0370
0.5614, 0.0370
0.5614, 0.0401
0.5614, 0.0401
0.5614, 0.0401
0.5653, 0.0401
0.5653, 0.0401
0.5653, 0.0401
0.5653, 0.0401
0.5653, 0.0401
0.5653, 0.0401
0.5653, 0.0401
0.5653, 0.0401
0.5653, 0.0401
0.5653, 0.0401
0.5653, 0.0401
0.5653, 0.0401
0.5653, 0.0401
0.5653, 0.0401
0.5653, 0.0401
0.5653, 0.0401
0.5693, 0.0401
0.5693, 0.0401
0.5693, 0.0401
0.5733, 0.0401
0.5733, 0.0401
0.5733, 0.0401
0.5733, 0.0401
0.5733, 0.0401
0.5733, 0.0401
0.5733, 0.0401
0.5733, 0.0401
0.5733, 0.0401
0.5733, 0.0401
0.5733, 0.0401
0.5733, 0.0401
0.5733, 0.0401
0.5772, 0.0432
0.5772, 0.0432
0.5772, 0.0432
0.5772, 0.0432
0.5772, 0.0432
0.5772, 0.0432
0.5772, 0.0432
0.5811, 0.0432
0.5811, 0.0432
0.5811, 0.0432
0.5852, 0.0432
0.5852, 0.0432
0.5852, 0.0432
0.5852, 0.0432
0.5852, 0.0432
0.5852, 0.0432
0.5852, 0.0432
0.5852, 0.0432
0.5852, 0.0432
0.5852, 0.0432
0.5852, 0.0463
0.5852, 0.0463
0.5852, 0.0463
0.5891, 0.0463
0.5891, 0.0463
0.5891, 0.0463
0.5891, 0.0463
0.5891, 0.0463
0.5891, 0.0463
0.5930, 0.0463
0.5930, 0.0463
0.5930, 0.0463
0.5930, 0.0463
0.5930, 0.0463
0.5930, 0.0463
0.5930, 0.0463
0.5930, 0.0463
0.5930, 0.0463
0.5971, 0.0463
0.5971, 0.0463
0.5971, 0.0463
0.5971, 0.0463
0.6010, 0.0463
0.6010, 0.0463
0.6010, 0.0463
0.6010, 0.0463
0.6010, 0.0463
0.6010, 0.0463
0.6010, 0.0463
0.6010, 0.0463
0.6010, 0.0463
0.6049, 0.0463
0.6049, 0.0463
0.6049, 0.0463
0.6049, 0.0463
0.6049, 0.0463
0.6049, 0.0463
0.6049, 0.0463
0.6049, 0.0494
0.6049, 0.0494
0.6049, 0.0494
0.6049, 0.0494
0.6049, 0.0494
0.6049, 0.0494
0.6089, 0.0494
0.6089, 0.0494
0.6089, 0.0494
0.6129, 0.0494
0.6129, 0.0494
0.6129, 0.0494
0.6129, 0.0494
0.6129, 0.0494
0.6129, 0.0494
0.6129, 0.0525
0.6129, 0.0525
0.6129, 0.0525
0.6129, 0.0525
0.6129, 0.0525
0.6129, 0.0525
0.6168, 0.0525
0.6168, 0.0525
0.6168, 0.0525
0.6168, 0.0525
0.6168, 0.0525
0.6168, 0.0525
0.6168, 0.0525
0.6168, 0.0525
0.6168, 0.0525
0.6168, 0.0525
0.6168, 0.0525
0.6168, 0.0525
0.6168, 0.0525
0.6208, 0.0525
0.6208, 0.0525
0.6208, 0.0525
0.6208, 0.0525
0.6208, 0.0525
0.6208, 0.0525
0.6208, 0.0525
0.6208, 0.0556
0.6208, 0.0556
0.6208, 0.0556
0.6208, 0.0556
0.6208, 0.0556
0.6208, 0.0556
0.6248, 0.0556
0.6248, 0.0556
0.6248, 0.0556
0.6248, 0.0556
0.6248, 0.0556
0.6248, 0.0556
0.6287, 0.0556
0.6287, 0.0556
0.6287, 0.0556
0.6326, 0.0556
0.6326, 0.0556
0.6326, 0.0556
0.6326, 0.0556
0.6326, 0.0556
0.6326, 0.0556
0.6326, 0.0556
0.6326, 0.0556
0.6326, 0.0556
0.6367, 0.0556
0.6367, 0.0556
0.6367, 0.0556
0.6406, 0.0556
0.6406, 0.0556
0.6406, 0.0556
0.6406, 0.0556
0.6406, 0.0556
0.6406, 0.0556
0.6406, 0.0556
0.6406, 0.0556
0.6406, 0.0556
0.6406, 0.0556
0.6445, 0.0556
0.6445, 0.0556
0.6445, 0.0556
0.6485, 0.0556
0.6485, 0.0556
0.6485, 0.0556
0.6485, 0.0556
0.6485, 0.0556
0.6485, 0.0556
0.6525, 0.0556
0.6525, 0.0556
0.6525, 0.0556
0.6525, 0.0556
0.6525, 0.0556
0.6525, 0.0556
0.6525, 0.0586
0.6525, 0.0586
0.6525, 0.0586
0.6525, 0.0586
0.6525, 0.0586
0.6525, 0.0586
0.6564, 0.0586
0.6564, 0.0586
0.6564, 0.0586
0.6564, 0.0586
0.6564, 0.0586
0.6564, 0.0586
0.6604, 0.0586
0.6604, 0.0586
0.6604, 0.0586
0.6604, 0.0586
0.6604, 0.0586
0.6604, 0.0586
0.6604, 0.0586
0.6604, 0.0586
0.6604, 0.0586
0.6644, 0.0586
0.6644, 0.0586
0.6644, 0.0586
0.6644, 0.0586
0.6644, 0.0586
0.6644, 0.0586
0.6683, 0.0586
0.6683, 0.0586
0.6683, 0.0586
0.6683, 0.0586
0.6683, 0.0586
0.6683, 0.0586
0.6723, 0.0586
0.6723, 0.0586
0.6723, 0.0586
0.6723, 0.0586
0.6723, 0.0586
0.6723, 0.0586
0.6723, 0.0586
0.6723, 0.0586
0.6723, 0.0586
0.6723, 0.0586
0.6723, 0.0617
0.6723, 0.0617
0.6723, 0.0617
0.6762, 0.0617
0.6762, 0.0617
0.6762, 0.0617
0.6802, 0.0617
0.6802, 0.0617
0.6802, 0.0617
0.6802, 0.0617
0.6802, 0.0617
0.6802, 0.0617
0.6802, 0.0617
0.6802, 0.0617
0.6802, 0.0617
0.6802, 0.0617
0.6802, 0.0617
0.6802, 0.0617
0.6842, 0.0617
0.6842, 0.0617
0.6842, 0.0617
0.6842, 0.0617
0.6842, 0.0617
0.6842, 0.0617
0.6842, 0.0617
0.6842, 0.0617
0.6842, 0.0617
0.6842, 0.0617
0.6881, 0.0617
0.6881, 0.0617
0.6881, 0.0617
0.6881, 0.0617
0.6881, 0.0617
0.6881, 0.0617
0.6921, 0.0617
0.6921, 0.0617
0.6921, 0.0617
0.6921, 0.0617
0.6921, 0.0617
0.6921, 0.0617
0.6921, 0.0617
0.6921, 0.0617
0.6921, 0.0617
0.6921, 0.0617
0.6960, 0.0617
0.6960, 0.0617
0.6960, 0.0617
0.6960, 0.0617
0.6960, 0.0617
0.6960, 0.0617
0.7000, 0.0617
0.7000, 0.0617
0.7000, 0.0617
0.7000, 0.0617
0.7000, 0.0617
0.7000, 0.0617
0.7000, 0.0617
0.7000, 0.0617
0.7000, 0.0617
0.7000, 0.0617
0.7039, 0.0617
0.7039, 0.0617
0.7039, 0.0617
0.7039, 0.0617
0.7039, 0.0617
0.7039, 0.0617
0.7079, 0.0617
0.7079, 0.0617
0.7079, 0.0617
0.7079, 0.0617
0.7079, 0.0617
0.7079, 0.0617
0.7119, 0.0617
0.7119, 0.0617
0.7119, 0.0617
0.7119, 0.0617
0.7119, 0.0617
0.7119, 0.0617
0.7119, 0.0617
0.7119, 0.0617
0.7119, 0.0617
0.7119, 0.0617
0.7119, 0.0617
0.7119, 0.0617
0.7119, 0.0617
0.7119, 0.0617
0.7119, 0.0617
0.7119, 0.0617
0.7119, 0.0617
0.7119, 0.0617
0.7119, 0.0617
0.7119, 0.0617
0.7119, 0.0617
0.7119, 0.0617
0.7119, 0.0617
0.7119, 0.0617
0.7119, 0.0617
0.7119, 0.0617
0.7119, 0.0617
0.7119, 0.0617
0.7119, 0.0617
0.7119, 0.0617
0.7158, 0.0617
0.7158, 0.0617
0.7158, 0.0617
0.7158, 0.0617
0.7158, 0.0617
0.7158, 0.0617
0.7158, 0.0617
0.7158, 0.0617
0.7158, 0.0617
0.7198, 0.0617
0.7198, 0.0617
0.7198, 0.0617
0.7198, 0.0617
0.7198, 0.0617
0.7198, 0.0617
0.7198, 0.0617
0.7198, 0.0617
0.7198, 0.0617
0.7198, 0.0648
0.7198, 0.0648
0.7198, 0.0648
0.7198, 0.0648
0.7198, 0.0648
0.7198, 0.0648
0.7198, 0.0648
0.7238, 0.0648
0.7238, 0.0648
0.7238, 0.0648
0.7238, 0.0648
0.7238, 0.0648
0.7238, 0.0648
0.7238, 0.0648
0.7238, 0.0648
0.7238, 0.0648
0.7238, 0.0648
0.7238, 0.0648
0.7238, 0.0648
0.7238, 0.0648
0.7277, 0.0648
0.7277, 0.0648
0.7277, 0.0648
0.7316, 0.0648
0.7316, 0.0648
0.7316, 0.0648
0.7316, 0.0648
0.7316, 0.0648
0.7357, 0.0679
0.7357, 0.0679
0.7357, 0.0679
0.7357, 0.0679
0.7357, 0.0679
0.7357, 0.0679
0.7357, 0.0679
0.7396, 0.0679
0.7396, 0.0679
0.7396, 0.0679
0.7396, 0.0679
0.7396, 0.0679
0.7396, 0.0679
0.7396, 0.0679
0.7396, 0.0679
0.7396, 0.0679
0.7396, 0.0679
0.7396, 0.0679
0.7396, 0.0679
0.7396, 0.0679
0.7396, 0.0679
0.7435, 0.0679
0.7435, 0.0679
0.7435, 0.0679
0.7435, 0.0679
0.7435, 0.0679
0.7435, 0.0679
0.7475, 0.0679
0.7475, 0.0679
0.7475, 0.0679
0.7475, 0.0679
0.7475, 0.0679
0.7475, 0.0679
0.7475, 0.0679
0.7475, 0.0679
0.7475, 0.0679
0.7475, 0.0679
0.7475, 0.0679
0.7475, 0.0679
0.7475, 0.0679
0.7475, 0.0679
0.7475, 0.0679
0.7475, 0.0679
0.7475, 0.0679
0.7475, 0.0679
0.7475, 0.0679
0.7475, 0.0679
0.7475, 0.0679
0.7475, 0.0679
0.7475, 0.0679
0.7475, 0.0679
0.7475, 0.0679
0.7475, 0.0679
0.7475, 0.0679
0.7475, 0.0679
0.7475, 0.0679
0.7475, 0.0679
0.7475, 0.0679
0.7475, 0.0679
0.7515, 0.0710
0.7515, 0.0710
0.7515, 0.0710
0.7515, 0.0710
0.7515, 0.0710
0.7515, 0.0710
0.7515, 0.0710
0.7515, 0.0710
0.7515, 0.0710
0.7554, 0.0710
0.7554, 0.0710
0.7554, 0.0710
0.7554, 0.0710
0.7554, 0.0710
0.7554, 0.0710
0.7554, 0.0710
0.7554, 0.0710
0.7554, 0.0710
0.7554, 0.0710
0.7554, 0.0710
0.7554, 0.0710
0.7593, 0.0710
0.7593, 0.0710
0.7593, 0.0710
0.7593, 0.0710
0.7593, 0.0710
0.7593, 0.0710
0.7593, 0.0710
0.7593, 0.0710
0.7593, 0.0710
0.7593, 0.0710
0.7593, 0.0710
0.7593, 0.0710
0.7593, 0.0710
0.7593, 0.0710
0.7593, 0.0710
0.7593, 0.0710
0.7593, 0.0710
0.7593, 0.0710
0.7593, 0.0710
0.7593, 0.0710
0.7593, 0.0710
0.7593, 0.0710
0.7593, 0.0710
0.7593, 0.0710
0.7593, 0.0710
0.7593, 0.0710
0.7593, 0.0710
0.7634, 0.0710
0.7634, 0.0710
0.7634, 0.0710
0.7634, 0.0710
0.7634, 0.0710
0.7634, 0.0710
0.7634, 0.0710
0.7634, 0.0710
0.7634, 0.0710
0.7634, 0.0710
0.7634, 0.0710
0.7634, 0.0710
0.7673, 0.0710
0.7673, 0.0710
0.7673, 0.0710
0.7673, 0.0710
0.7673, 0.0710
0.7673, 0.0710
0.7673, 0.0710
0.7673, 0.0710
0.7673, 0.0710
0.7673, 0.0710
0.7673, 0.0710
0.7673, 0.0710
0.7673, 0.0710
0.7673, 0.0710
0.7673, 0.0710
0.7673, 0.0710
0.7673, 0.0710
0.7673, 0.0710
0.7712, 0.0710
0.7712, 0.0710
0.7712, 0.0710
0.7712, 0.0710
0.7712, 0.0710
0.7712, 0.0710
0.7753, 0.0710
0.7753, 0.0710
0.7753, 0.0710
0.7753, 0.0710
0.7753, 0.0710
0.7753, 0.0710
0.7792, 0.0710
0.7792, 0.0710
0.7792, 0.0710
0.7792, 0.0710
0.7792, 0.0710
0.7792, 0.0710
0.7792, 0.0710
0.7792, 0.0710
0.7792, 0.0710
0.7792, 0.0710
0.7792, 0.0710
0.7792, 0.0710
0.7792, 0.0710
0.7792, 0.0710
0.7792, 0.0710
0.7792, 0.0710
0.7792, 0.0710
0.7792, 0.0710
0.7831, 0.0710
0.7831, 0.0710
0.7831, 0.0710
0.7831, 0.0710
0.7831, 0.0710
0.7831, 0.0710
0.7831, 0.0710
0.7831, 0.0710
0.7831, 0.0710
0.7831, 0.0710
0.7831, 0.0710
0.7831, 0.0710
0.7872, 0.0710
0.7872, 0.0710
0.7872, 0.0710
0.7872, 0.0710
0.7872, 0.0710
0.7872, 0.0710
0.7872, 0.0710
0.7872, 0.0710
0.7872, 0.0710
0.7872, 0.0710
0.7872, 0.0710
0.7872, 0.0710
0.7872, 0.0710
0.7872, 0.0710
0.7872, 0.0710
0.7911, 0.0710
0.7911, 0.0710
0.7911, 0.0710
0.7911, 0.0710
0.7911, 0.0710
0.7911, 0.0710
0.7911, 0.0710
0.7911, 0.0710
0.7911, 0.0710
0.7950, 0.0710
0.7950, 0.0710
0.7950, 0.0710
0.7950, 0.0710
0.7950, 0.0710
0.7950, 0.0710
0.7950, 0.0710
0.7950, 0.0710
0.7950, 0.0710
0.7950, 0.0710
0.7950, 0.0710
0.7950, 0.0710
0.7990, 0.0710
0.7990, 0.0710
0.7990, 0.0710
0.7990, 0.0710
0.7990, 0.0710
0.7990, 0.0710
0.7990, 0.0710
0.7990, 0.0710
0.7990, 0.0710
0.7990, 0.0710
0.7990, 0.0710
0.7990, 0.0679
0.7990, 0.0679
0.7990, 0.0679
0.7990, 0.0679
0.7990, 0.0679
0.7990, 0.0679
0.8030, 0.0679
0.8030, 0.0679
0.8030, 0.0679
0.8030, 0.0679
0.8030, 0.0679
0.8030, 0.0679
0.8030, 0.0679
0.8030, 0.0679
0.8030, 0.0679
0.8030, 0.0679
0.8030, 0.0679
0.8030, 0.0679
0.8069, 0.0679
0.8069, 0.0679
0.8069, 0.0679
0.8069, 0.0679
0.8069, 0.0679
0.8069, 0.0679
0.8069, 0.0679
0.8069, 0.0679
0.8069, 0.0679
0.8069, 0.0648
0.8069, 0.0648
0.8069, 0.0648
0.8069, 0.0648
0.8069, 0.0648
0.8069, 0.0648
0.8109, 0.0648
0.8109, 0.0648
0.8109, 0.0648
0.8109, 0.0648
0.8109, 0.0648
0.8149, 0.0648
0.8149, 0.0648
0.8149, 0.0648
0.8149, 0.0648
0.8149, 0.0648
0.8149, 0.0648
0.8188, 0.0648
0.8188, 0.0648
0.8188, 0.0648
0.8188, 0.0648
0.8188, 0.0648
0.8188, 0.0648
0.8188, 0.0648
0.8188, 0.0648
0.8188, 0.0648
0.8188, 0.0648
0.8188, 0.0648
0.8188, 0.0648
0.8188, 0.0648
0.8188, 0.0648
0.8188, 0.0648
0.8188, 0.0648
0.8188, 0.0648
0.8188, 0.0648
0.8227, 0.0648
0.8227, 0.0648
0.8227, 0.0648
0.8227, 0.0648
0.8227, 0.0648
0.8227, 0.0648
0.8227, 0.0648
0.8227, 0.0648
0.8267, 0.0648
0.8267, 0.0648
0.8267, 0.0648
0.8267, 0.0648
0.8267, 0.0648
0.8267, 0.0648
0.8267, 0.0617
0.8267, 0.0617
0.8267, 0.0617
0.8267, 0.0617
0.8267, 0.0617
0.8307, 0.0617
0.8307, 0.0617
0.8307, 0.0617
0.8307, 0.0617
0.8307, 0.0617
0.8307, 0.0617
0.8346, 0.0617
0.8346, 0.0617
0.8346, 0.0617
0.8346, 0.0617
0.8346, 0.0617
0.8346, 0.0617
0.8386, 0.0586
0.8386, 0.0586
0.8386, 0.0586
0.8386, 0.0586
0.8386, 0.0586
0.8386, 0.0586
0.8386, 0.0586
0.8386, 0.0586
0.8426, 0.0586
0.8426, 0.0586
0.8426, 0.0586
0.8426, 0.0586
0.8426, 0.0586
0.8426, 0.0586
0.8465, 0.0586
0.8465, 0.0586
0.8465, 0.0586
0.8465, 0.0586
0.8465, 0.0586
0.8465, 0.0586
0.8465, 0.0586
0.8465, 0.0586
0.8505, 0.0586
0.8505, 0.0586
0.8505, 0.0586
0.8505, 0.0586
0.8505, 0.0586
0.8505, 0.0586
0.8544, 0.0556
0.8544, 0.0556
0.8544, 0.0556
0.8544, 0.0556
0.8544, 0.0556
0.8584, 0.0556
0.8584, 0.0556
0.8584, 0.0556
0.8584, 0.0556
0.8584, 0.0556
0.8584, 0.0556
0.8584, 0.0556
0.8584, 0.0556
0.8584, 0.0556
0.8584, 0.0556
0.8584, 0.0556
0.8584, 0.0556
0.8624, 0.0525
0.8624, 0.0525
0.8624, 0.0525
0.8624, 0.0525
0.8624, 0.0525
0.8663, 0.0525
0.8663, 0.0525
0.8663, 0.0525
0.8663, 0.0525
0.8663, 0.0525
0.8663, 0.0525
0.8663, 0.0525
0.8663, 0.0525
0.8663, 0.0494
0.8663, 0.0494
0.8663, 0.0494
0.8703, 0.0494
0.8703, 0.0494
0.8703, 0.0494
0.8703, 0.0494
0.8703, 0.0494
0.8743, 0.0494
0.8743, 0.0494
0.8743, 0.0494
0.8743, 0.0494
0.8743, 0.0494
0.8743, 0.0494
0.8743, 0.0494
0.8743, 0.0494
0.8782, 0.0494
0.8782, 0.0494
0.8782, 0.0494
0.8782, 0.0494
0.8782, 0.0494
0.8782, 0.0494
0.8821, 0.0463
0.8821, 0.0463
0.8821, 0.0463
0.8861, 0.0463
0.8861, 0.0463
0.8861, 0.0463
0.8861, 0.0463
0.8861, 0.0463
0.8861, 0.0463
0.8861, 0.0463
0.8861, 0.0463
0.8861, 0.0463
0.8861, 0.0463
0.8861, 0.0463
0.8861, 0.0432
0.8861, 0.0432
0.8861, 0.0432
0.8901, 0.0432
0.8901, 0.0432
0.8901, 0.0432
0.8901, 0.0432
0.8901, 0.0432
0.8901, 0.0432
0.8940, 0.0432
0.8940, 0.0432
0.8940, 0.0432
0.8940, 0.0432
0.8940, 0.0432
0.8940, 0.0432
0.8940, 0.0432
0.8940, 0.0432
0.8940, 0.0432
0.8940, 0.0432
0.8940, 0.0432
0.8940, 0.0432
0.8940, 0.0432
0.8980, 0.0432
0.8980, 0.0432
0.8980, 0.0432
0.8980, 0.0432
0.8980, 0.0432
0.8980, 0.0432
0.9020, 0.0401
0.9020, 0.0401
0.9020, 0.0401
0.9020, 0.0401
0.9020, 0.0401
0.9059, 0.0401
0.9059, 0.0401
0.9059, 0.0401
0.9059, 0.0401
0.9059, 0.0401
0.9059, 0.0401
0.9059, 0.0370
0.9059, 0.0370
0.9059, 0.0370
0.9059, 0.0370
0.9059, 0.0370
0.9059, 0.0370
0.9099, 0.0370
0.9099, 0.0370
0.9139, 0.0370
0.9139, 0.0370
0.9139, 0.0370
0.9139, 0.0370
0.9139, 0.0370
0.9139, 0.0370
0.9139, 0.0370
0.9139, 0.0370
0.9139, 0.0370
0.9139, 0.0370
0.9139, 0.0370
0.9139, 0.0370
0.9139, 0.0370
0.9139, 0.0370
0.9139, 0.0370
0.9139, 0.0370
0.9139, 0.0370
0.9178, 0.0370
0.9178, 0.0370
0.9178, 0.0370
0.9178, 0.0370
0.9178, 0.0370
0.9178, 0.0370
0.9178, 0.0340
0.9178, 0.0340
0.9178, 0.0340
0.9217, 0.0340
0.9217, 0.0340
0.9217, 0.0340
0.9217, 0.0340
0.9217, 0.0340
0.9217, 0.0340
0.9258, 0.0340
0.9258, 0.0340
0.9258, 0.0309
0.9258, 0.0309
0.9258, 0.0309
0.9258, 0.0309
0.9258, 0.0309
0.9258, 0.0309
0.9258, 0.0309
0.9258, 0.0309
0.9258, 0.0309
0.9258, 0.0309
0.9258, 0.0309
0.9258, 0.0278
0.9258, 0.0278
0.9258, 0.0278
0.9297, 0.0278
0.9297, 0.0278
0.9297, 0.0278
0.9297, 0.0278
0.9297, 0.0278
0.9336, 0.0278
0.9336, 0.0278
0.9336, 0.0278
0.9336, 0.0278
0.9336, 0.0278
0.9336, 0.0278
0.9336, 0.0278
0.9336, 0.0278
0.9336, 0.0278
0.9336, 0.0247
0.9336, 0.0247
0.9376, 0.0247
0.9376, 0.0247
0.9376, 0.0247
0.9376, 0.0247
0.9376, 0.0247
0.9376, 0.0247
0.9376, 0.0247
0.9376, 0.0247
0.9416, 0.0216
0.9416, 0.0216
0.9416, 0.0216
0.9416, 0.0216
0.9416, 0.0216
0.9416, 0.0216
0.9416, 0.0216
0.9416, 0.0216
0.9416, 0.0216
0.9416, 0.0216
0.9416, 0.0216
0.9455, 0.0216
0.9455, 0.0216
0.9455, 0.0216
0.9455, 0.0216
0.9455, 0.0216
0.9455, 0.0216
0.9455, 0.0216
0.9455, 0.0216
0.9455, 0.0216
0.9455, 0.0185
0.9455, 0.0185
0.9494, 0.0185
0.9494, 0.0185
0.9494, 0.0185
0.9494, 0.0185
0.9494, 0.0185
0.9494, 0.0185
0.9494, 0.0185
0.9494, 0.0185
0.9494, 0.0185
0.9535, 0.0154
0.9535, 0.0154
0.9535, 0.0154
0.9535, 0.0154
0.9535, 0.0154
0.9535, 0.0154
0.9535, 0.0154
0.9535, 0.0154
0.9535, 0.0154
0.9535, 0.0154
0.9535, 0.0154
0.9535, 0.0154
0.9535, 0.0154
0.9535, 0.0154
0.9535, 0.0154
0.9535, 0.0154
0.9535, 0.0154
0.9535, 0.0154
0.9535, 0.0154
0.9535, 0.0154
0.9535, 0.0154
0.9535, 0.0154
0.9535, 0.0154
0.9535, 0.0154
0.9535, 0.0154
0.9535, 0.0154
0.9535, 0.0154
0.9535, 0.0154
0.9535, 0.0154
0.9535, 0.0154
0.9535, 0.0154
0.9535, 0.0154
0.9535, 0.0154
0.9535, 0.0154
0.9535, 0.0154
0.9535, 0.0154
0.9535, 0.0154
0.9535, 0.0154
0.9535, 0.0154
0.9535, 0.0154
0.9535, 0.0123
0.9535, 0.0123
0.9535, 0.0123
0.9535, 0.0123
0.9535, 0.0123
0.9535, 0.0123
0.9574, 0.0123
0.9574, 0.0123
0.9574, 0.0123
0.9574, 0.0123
0.9574, 0.0123
0.9574, 0.0123
0.9574, 0.0123
0.9574, 0.0123
0.9574, 0.0123
0.9574, 0.0123
0.9574, 0.0123
0.9574, 0.0123
0.9574, 0.0123
0.9574, 0.0123
0.9574, 0.0123
0.9574, 0.0123
0.9574, 0.0123
0.9574, 0.0123
0.9574, 0.0123
0.9574, 0.0123
0.9574, 0.0123
0.9574, 0.0123
0.9574, 0.0123
0.9574, 0.0123
0.9574, 0.0123
0.9574, 0.0123
0.9574, 0.0123
0.9574, 0.0123
0.9574, 0.0123
0.9574, 0.0123
0.9574, 0.0123
0.9574, 0.0123
0.9574, 0.0123
0.9574, 0.0123
0.9574, 0.0123
0.9574, 0.0123
0.9574, 0.0123
0.9574, 0.0123
0.9574, 0.0123
0.9574, 0.0123
0.9574, 0.0123
0.9574, 0.0123
0.9574, 0.0123
0.9574, 0.0123
0.9574, 0.0123
0.9574, 0.0123
0.9574, 0.0123
0.9574, 0.0123
0.9574, 0.0123
0.9574, 0.0123
0.9574, 0.0123
0.9574, 0.0123
0.9574, 0.0123
0.9574, 0.0123
0.9574, 0.0123
0.9574, 0.0123
0.9574, 0.0123
0.9574, 0.0123
0.9574, 0.0123
0.9574, 0.0123
0.9574, 0.0123
0.9574, 0.0123
0.9574, 0.0123
0.9574, 0.0123
0.9574, 0.0123
0.9574, 0.0123
0.9574, 0.0123
0.9574, 0.0123
0.9574, 0.0123
0.9574, 0.0123
0.9574, 0.0123
0.9574, 0.0123
0.9574, 0.0123
0.9574, 0.0123
0.9574, 0.0123
0.9574, 0.0123
0.9574, 0.0123
0.9574, 0.0123
0.9574, 0.0123
0.9574, 0.0123
0.9574, 0.0123
0.9574, 0.0123
0.9574, 0.0123
0.9574, 0.0123
0.9574, 0.0123
0.9574, 0.0123
0.9574, 0.0123
0.9574, 0.0123
0.9574, 0.0123
0.9574, 0.0123
0.9574, 0.0123
0.9574, 0.0123
0.9574, 0.0123
0.9574, 0.0123
0.9574, 0.0123
0.9574, 0.0123
0.9574, 0.0123
0.9574, 0.0123
0.9574, 0.0123
0.9574, 0.0123
0.9574, 0.0123
0.9574, 0.0123
0.9574, 0.0123
0.9574, 0.0123
0.9574, 0.0123
0.9574, 0.0123
0.9574, 0.0123
0.9574, 0.0123
0.9574, 0.0123
