0.0000, 0.5552
0.0061, 0.5552
0.0123, 0.5491
0.0184, 0.5368
0.0307, 0.5307
0.0368, 0.5245
0.0552, 0.5123
0.0613, 0.5000
0.0736, 0.4939
0.0798, 0.4877
0.0859, 0.4816
0.1043, 0.4755
0.1104, 0.4755
0.1227, 0.4693
0.1350, 0.4632
0.1472, 0.4632
0.1718, 0.4509
0.1963, 0.4448
0.2331, 0.4448
0.2638, 0.4448
0.2945, 0.4448
0.3313, 0.4448
0.3497, 0.4448
0.3804, 0.4448
0.4110, 0.4448
0.4356, 0.4448
0.4601, 0.4448
0.4785, 0.4570
0.4969, 0.4632
0.5215, 0.4693
0.5337, 0.4693
0.5460, 0.4755
0.5644, 0.4816
0.5706, 0.4816
0.5890, 0.4877
0.6012, 0.4939
0.6135, 0.4939
0.6319, 0.4939
0.6503, 0.5061
0.6687, 0.5061
0.6810, 0.5061
0.6994, 0.5123
0.7239, 0.5123
0.7362, 0.5123
0.7546, 0.5123
0.7791, 0.5123
0.7914, 0.5123
0.8160, 0.5123
0.8344, 0.5123
0.8466, 0.5123
0.8712, 0.5000
0.8835, 0.5000
0.8957, 0.4939
0.9141, 0.4939
0.9264, 0.4877
0.9325, 0.4877
0.9387, 0.4816
0.9448, 0.4816
0.9509, 0.4816
0.9571, 0.4755
0.9693, 0.4755
0.9755, 0.4693
0.9816, 0.4693
0.9877, 0.4632
0.9939, 0.4509
1.0000, 0.4448
