0.0000, 0.5422
0.0000, 0.5361
0.0000, 0.5301
0.0060, 0.5241
0.0181, 0.5181
0.0241, 0.5120
0.0361, 0.5060
0.0482, 0.5000
0.0602, 0.4880
0.0663, 0.4819
0.0843, 0.4759
0.0964, 0.4759
0.1084, 0.4699
0.1325, 0.4699
0.1506, 0.4639
0.1687, 0.4639
0.1988, 0.4578
0.2229, 0.4578
0.2530, 0.4578
0.2892, 0.4578
0.3253, 0.4578
0.3554, 0.4578
0.3976, 0.4639
0.4337, 0.4699
0.4578, 0.4759
0.4880, 0.4819
0.5241, 0.4940
0.5482, 0.5000
0.5723, 0.5000
0.5964, 0.5060
0.6145, 0.5060
0.6385, 0.5120
0.6566, 0.5181
0.6747, 0.5181
0.6928, 0.5181
0.7048, 0.5181
0.7289, 0.5181
0.7410, 0.5241
0.7590, 0.5241
0.7771, 0.5241
0.7952, 0.5241
0.8072, 0.5241
0.8253, 0.5241
0.8434, 0.5241
0.8554, 0.5241
0.8614, 0.5241
0.8795, 0.5241
0.8855, 0.5241
0.8976, 0.5241
0.9036, 0.5181
0.9096, 0.5181
0.9217, 0.5181
0.9277, 0.5181
0.9337, 0.5120
0.9398, 0.5120
0.9458, 0.5060
0.9518, 0.5060
0.9578, 0.5000
0.9638, 0.5000
0.9638, 0.4880
0.9819, 0.4880
0.9819, 0.4819
0.9879, 0.4759
0.9940, 0.4759
1.0000, 0.4759
1.0000, 0.4699
