0.0000, 0.5714
0.0000, 0.5657
0.0000, 0.5543
0.0000, 0.5486
0.0000, 0.5429
0.0057, 0.5372
0.0114, 0.5257
0.0286, 0.5086
0.0343, 0.4971
0.0457, 0.4857
0.0571, 0.4743
0.0743, 0.4571
0.0914, 0.4514
0.1086, 0.4400
0.1314, 0.4343
0.1600, 0.4286
0.2000, 0.4229
0.2457, 0.4229
0.2914, 0.4229
0.3429, 0.4229
0.3771, 0.4229
0.4229, 0.4229
0.4629, 0.4343
0.4914, 0.4400
0.5143, 0.4571
0.5486, 0.4743
0.5772, 0.4857
0.6057, 0.5029
0.6400, 0.5257
0.6743, 0.5372
0.6971, 0.5486
0.7200, 0.5600
0.7371, 0.5657
0.7543, 0.5657
0.7714, 0.5714
0.7829, 0.5714
0.7943, 0.5714
0.8114, 0.5771
0.8229, 0.5771
0.8343, 0.5771
0.8400, 0.5771
0.8457, 0.5771
0.8629, 0.5771
0.8686, 0.5771
0.8743, 0.5771
0.8857, 0.5771
0.8914, 0.5771
0.8971, 0.5714
0.9143, 0.5714
0.9200, 0.5657
0.9314, 0.5657
0.9429, 0.5657
0.9543, 0.5486
0.9600, 0.5486
0.9714, 0.5429
0.9771, 0.5429
0.9829, 0.5372
0.9886, 0.5314
0.9886, 0.5257
1.0000, 0.5200
