0.0000, 0.7409
0.0000, 0.7357
0.0052, 0.7306
0.0155, 0.7202
0.0207, 0.7150
0.0259, 0.7047
0.0311, 0.6995
0.0414, 0.6943
0.0466, 0.6891
0.0570, 0.6788
0.0622, 0.6684
0.0725, 0.6632
0.0777, 0.6580
0.0829, 0.6580
0.0984, 0.6529
0.1088, 0.6477
0.1244, 0.6477
0.1451, 0.6373
0.1658, 0.6373
0.1865, 0.6373
0.2073, 0.6373
0.2280, 0.6373
0.2487, 0.6373
0.2746, 0.6373
0.2902, 0.6373
0.3161, 0.6373
0.3316, 0.6373
0.3575, 0.6373
0.3782, 0.6425
0.3990, 0.6477
0.4093, 0.6477
0.4197, 0.6529
0.4404, 0.6580
0.4560, 0.6632
0.4767, 0.6684
0.4922, 0.6736
0.5078, 0.6839
0.5337, 0.6891
0.5544, 0.6943
0.5803, 0.6995
0.6062, 0.7098
0.6218, 0.7098
0.6373, 0.7150
0.6580, 0.7254
0.6736, 0.7306
0.6943, 0.7357
0.7047, 0.7357
0.7202, 0.7409
0.7409, 0.7409
0.7513, 0.7409
0.7617, 0.7409
0.7772, 0.7409
0.7876, 0.7409
0.7979, 0.7409
0.8083, 0.7409
0.8290, 0.7357
0.8446, 0.7357
0.8653, 0.7202
0.8808, 0.7150
0.8912, 0.7098
0.9119, 0.7047
0.9275, 0.6995
0.9378, 0.6943
0.9586, 0.6943
0.9689, 0.6891
0.9741, 0.6891
0.9793, 0.6891
0.9845, 0.6788
0.9948, 0.6788
1.0000, 0.6788

0.0414, 0.3990
0.0414, 0.3886
0.0414, 0.3834
0.0414, 0.3782
0.0414, 0.3679
0.0414, 0.3575
0.0414, 0.3420
0.0414, 0.3316
0.0466, 0.3264
0.0570, 0.3161
0.0622, 0.3005
0.0674, 0.3005
0.0725, 0.2953
0.0777, 0.2901
0.0829, 0.2850
0.0984, 0.2798
0.1088, 0.2746
0.1244, 0.2694
0.1451, 0.2694
0.1658, 0.2694
0.2073, 0.2591
0.2435, 0.2591
0.2746, 0.2591
0.2953, 0.2591
0.3161, 0.2591
0.3368, 0.2591
0.3523, 0.2591
0.3679, 0.2591
0.3782, 0.2591
0.3990, 0.2642
0.4145, 0.2642
0.4301, 0.2694
0.4508, 0.2746
0.4663, 0.2798
0.4870, 0.2850
0.5078, 0.2953
0.5233, 0.3005
0.5389, 0.3109
0.5492, 0.3161
0.5648, 0.3161
0.5803, 0.3212
0.5907, 0.3264
0.6114, 0.3264
0.6269, 0.3316
0.6477, 0.3316
0.6632, 0.3368
0.6788, 0.3368
0.6943, 0.3420
0.7099, 0.3420
0.7306, 0.3420
0.7409, 0.3420
0.7513, 0.3420
0.7617, 0.3420
0.7772, 0.3420
0.7876, 0.3420
0.7979, 0.3420
0.8083, 0.3420
0.8238, 0.3420
0.8342, 0.3420
0.8446, 0.3368
0.8498, 0.3368
0.8601, 0.3368
0.8653, 0.3368
0.8756, 0.3368
0.8756, 0.3316

0.4560, 0.6839
0.4560, 0.6788
0.4560, 0.6580
0.4560, 0.6425
0.4560, 0.6269
0.4560, 0.6114
0.4560, 0.5855
0.4560, 0.5699
0.4560, 0.5440
0.4560, 0.5233
0.4560, 0.5026
0.4560, 0.4819
0.4560, 0.4611
0.4508, 0.4404
0.4508, 0.4197
0.4508, 0.4041
0.4508, 0.3938
0.4508, 0.3834
0.4508, 0.3731
0.4508, 0.3679
0.4508, 0.3627
0.4508, 0.3575
0.4508, 0.3523
0.4508, 0.3420
0.4508, 0.3368
0.4508, 0.3316
