0.0841, 0.7196
0.0841, 0.7103
0.0841, 0.7056
0.0888, 0.7009
0.0935, 0.6963
0.0981, 0.6916
0.1028, 0.6822
0.1075, 0.6776
0.1122, 0.6682
0.1168, 0.6635
0.1308, 0.6589
0.1402, 0.6542
0.1495, 0.6495
0.1635, 0.6449
0.1729, 0.6449
0.1822, 0.6402
0.1916, 0.6308
0.2056, 0.6308
0.2196, 0.6262
0.2290, 0.6215
0.2477, 0.6215
0.2617, 0.6215
0.2804, 0.6168
0.2897, 0.6168
0.2991, 0.6168
0.3178, 0.6168
0.3271, 0.6168
0.3365, 0.6168
0.3458, 0.6122
0.3505, 0.6122
0.3645, 0.6122
0.3692, 0.6122
0.3785, 0.6122
0.3879, 0.6168
0.4019, 0.6168
0.4112, 0.6168
0.4206, 0.6215
0.4346, 0.6215
0.4439, 0.6262
0.4533, 0.6262
0.4626, 0.6355
0.4766, 0.6355
0.4813, 0.6402
0.4907, 0.6449
0.5000, 0.6495
0.5047, 0.6542
0.5187, 0.6542
0.5234, 0.6635
0.5327, 0.6635
0.5421, 0.6776
0.5514, 0.6776
0.5607, 0.6869
0.5701, 0.6869
0.5888, 0.6963
0.5981, 0.7009
0.6075, 0.7056
0.6168, 0.7150
0.6308, 0.7196
0.6402, 0.7243
0.6495, 0.7243
0.6682, 0.7336
0.6776, 0.7336
0.6916, 0.7430
0.7150, 0.7523
0.7290, 0.7570
0.7477, 0.7617
0.7617, 0.7664
0.7710, 0.7664
0.7897, 0.7710
0.8037, 0.7710
0.8131, 0.7757
0.8271, 0.7757
0.8318, 0.7757
0.8411, 0.7757
0.8458, 0.7757
0.8598, 0.7757
0.8645, 0.7757
0.8692, 0.7757
0.8785, 0.7710
0.8879, 0.7664
0.8972, 0.7617
0.9066, 0.7570
0.9159, 0.7477
0.9252, 0.7430
0.9393, 0.7383
0.9439, 0.7336
0.9486, 0.7290
0.9579, 0.7243
0.9626, 0.7196
0.9673, 0.7196
0.9767, 0.7103

0.0000, 0.2477
0.0047, 0.2477
0.0094, 0.2430
0.0187, 0.2430
0.0327, 0.2430
0.0421, 0.2430
0.0514, 0.2430
0.0607, 0.2383
0.0748, 0.2383
0.0841, 0.2383
0.0935, 0.2383
0.1028, 0.2383
0.1168, 0.2336
0.1262, 0.2336
0.1402, 0.2336
0.1589, 0.2336
0.1729, 0.2336
0.1916, 0.2243
0.2056, 0.2243
0.2290, 0.2243
0.2430, 0.2243
0.2664, 0.2243
0.2804, 0.2243
0.3037, 0.2243
0.3178, 0.2243
0.3318, 0.2243
0.3458, 0.2243
0.3551, 0.2243
0.3645, 0.2243
0.3785, 0.2243
0.3879, 0.2243
0.3925, 0.2243
0.4019, 0.2243
0.4112, 0.2243
0.4252, 0.2290
0.4346, 0.2290
0.4439, 0.2336
0.4579, 0.2336
0.4673, 0.2336
0.4720, 0.2383
0.4813, 0.2430
0.4860, 0.2430
0.5000, 0.2477
0.5047, 0.2477
0.5094, 0.2523
0.5187, 0.2570
0.5234, 0.2617
0.5327, 0.2710
0.5421, 0.2757
0.5514, 0.2804
0.5607, 0.2850
0.5748, 0.2944
0.5841, 0.2991
0.5935, 0.3131
0.6028, 0.3178
0.6122, 0.3224
0.6215, 0.3318
0.6308, 0.3365
0.6355, 0.3458
0.6542, 0.3505
0.6589, 0.3598
0.6682, 0.3645
0.6776, 0.3692
0.6869, 0.3738
0.6963, 0.3832
0.7009, 0.3832
0.7103, 0.3832
0.7196, 0.3878
0.7336, 0.3878
0.7383, 0.3878
0.7523, 0.3925
0.7664, 0.3925
0.7757, 0.3925
0.7804, 0.3925
0.7897, 0.3925
0.8037, 0.3925
0.8131, 0.3925
0.8224, 0.3925
0.8318, 0.3925
0.8505, 0.3925
0.8598, 0.3925
0.8738, 0.3878
0.8879, 0.3785
0.9019, 0.3738
0.9112, 0.3692
0.9299, 0.3692
0.9393, 0.3645
0.9439, 0.3645
0.9579, 0.3645
0.9626, 0.3598
0.9673, 0.3598
0.9720, 0.3598
0.9767, 0.3598
0.9860, 0.3598
0.9860, 0.3551
0.9953, 0.3551
1.0000, 0.3551

0.4766, 0.7523
0.4766, 0.7477
0.4766, 0.7290
0.4766, 0.7196
0.4766, 0.7103
0.4860, 0.6869
0.4860, 0.6635
0.4907, 0.6449
0.4907, 0.6215
0.4953, 0.5981
0.4953, 0.5748
0.4953, 0.5607
0.5000, 0.5374
0.5000, 0.5234
0.5000, 0.5000
0.5000, 0.4860
0.5000, 0.4673
0.5000, 0.4533
0.5000, 0.4393
0.5000, 0.4252
0.5000, 0.4159
0.5000, 0.4112
0.5000, 0.4065
0.5000, 0.4019
0.5000, 0.3925
0.5047, 0.3925
0.5047, 0.3878
