0.0720, 0.7288
0.0763, 0.7203
0.0890, 0.7118
0.0932, 0.6991
0.1017, 0.6864
0.1102, 0.6780
0.1271, 0.6695
0.1398, 0.6568
0.1483, 0.6483
0.1653, 0.6398
0.1822, 0.6356
0.1992, 0.6271
0.2203, 0.6186
0.2415, 0.6144
0.2669, 0.6144
0.2881, 0.6102
0.3178, 0.6102
0.3432, 0.6102
0.3686, 0.6102
0.3898, 0.6102
0.4068, 0.6102
0.4237, 0.6102
0.4407, 0.6102
0.4534, 0.6102
0.4746, 0.6144
0.4915, 0.6186
0.5169, 0.6229
0.5424, 0.6356
0.5636, 0.6441
0.5848, 0.6483
0.6059, 0.6568
0.6271, 0.6695
0.6483, 0.6780
0.6652, 0.6822
0.6864, 0.6864
0.6992, 0.6907
0.7203, 0.6949
0.7331, 0.7034
0.7542, 0.7034
0.7669, 0.7034
0.7797, 0.7076
0.7966, 0.7076
0.8093, 0.7076
0.8220, 0.7076
0.8348, 0.7076
0.8475, 0.7076
0.8686, 0.6991
0.8814, 0.6991
0.8983, 0.6949
0.9152, 0.6907
0.9322, 0.6907
0.9407, 0.6864
0.9492, 0.6822
0.9619, 0.6822
0.9661, 0.6822
0.9746, 0.6780
0.9788, 0.6780
0.9831, 0.6780
0.9873, 0.6737
0.9958, 0.6737
0.9958, 0.6695
1.0000, 0.6695

0.0000, 0.4068
0.0000, 0.3983
0.0042, 0.3771
0.0085, 0.3686
0.0127, 0.3602
0.0254, 0.3390
0.0339, 0.3263
0.0424, 0.3135
0.0509, 0.3051
0.0636, 0.3008
0.0805, 0.2924
0.1017, 0.2797
0.1271, 0.2754
0.1525, 0.2712
0.1907, 0.2712
0.2288, 0.2712
0.2627, 0.2712
0.2966, 0.2712
0.3263, 0.2712
0.3475, 0.2712
0.3729, 0.2712
0.3941, 0.2712
0.4110, 0.2712
0.4364, 0.2754
0.4576, 0.2839
0.4873, 0.2881
0.5127, 0.2966
0.5424, 0.3051
0.5720, 0.3220
0.5975, 0.3305
0.6271, 0.3390
0.6483, 0.3517
0.6737, 0.3559
0.6864, 0.3602
0.7034, 0.3644
0.7161, 0.3644
0.7246, 0.3686
0.7415, 0.3686
0.7542, 0.3729
0.7754, 0.3729
0.7881, 0.3729
0.8051, 0.3771
0.8178, 0.3771
0.8305, 0.3771
0.8475, 0.3771
0.8559, 0.3771
0.8644, 0.3771
0.8771, 0.3771
0.8856, 0.3771
0.8898, 0.3771
0.8941, 0.3771
0.8983, 0.3771
0.9025, 0.3771

0.5127, 0.6314
0.5127, 0.6271
0.5127, 0.6059
0.5127, 0.5890
0.5127, 0.5678
0.5127, 0.5466
0.5127, 0.5297
0.5127, 0.5085
0.5127, 0.4915
0.5127, 0.4746
0.5127, 0.4619
0.5127, 0.4407
0.5127, 0.4280
0.5127, 0.4152
0.5042, 0.3983
0.5042, 0.3898
0.5042, 0.3814
0.5042, 0.3644
0.5042, 0.3559
0.5042, 0.3432
0.5042, 0.3305
0.5042, 0.3178
0.5042, 0.3135
0.5042, 0.3008
0.5042, 0.2966
