0.0647, 0.7861
0.0647, 0.7761
0.0647, 0.7612
0.0647, 0.7512
0.0697, 0.7363
0.0796, 0.7214
0.0846, 0.7114
0.0846, 0.7065
0.0896, 0.7015
0.0896, 0.6915
0.0945, 0.6915
0.0995, 0.6816
0.1045, 0.6766
0.1095, 0.6766
0.1194, 0.6716
0.1244, 0.6716
0.1343, 0.6667
0.1492, 0.6667
0.1692, 0.6667
0.1841, 0.6667
0.2090, 0.6667
0.2289, 0.6667
0.2587, 0.6667
0.2836, 0.6667
0.3035, 0.6766
0.3284, 0.6766
0.3483, 0.6915
0.3781, 0.6965
0.4080, 0.7015
0.4279, 0.7065
0.4527, 0.7114
0.4726, 0.7264
0.4925, 0.7264
0.5124, 0.7313
0.5323, 0.7363
0.5522, 0.7413
0.5722, 0.7413
0.5871, 0.7463
0.6119, 0.7512
0.6269, 0.7562
0.6418, 0.7562
0.6617, 0.7662
0.6716, 0.7662
0.6866, 0.7711
0.7065, 0.7711
0.7214, 0.7761
0.7413, 0.7761
0.7513, 0.7761
0.7612, 0.7811
0.7761, 0.7811
0.7861, 0.7861
0.8010, 0.7861
0.8159, 0.7861
0.8259, 0.7861
0.8358, 0.7861
0.8458, 0.7861
0.8607, 0.7861
0.8706, 0.7861
0.8806, 0.7861
0.8905, 0.7861
0.9055, 0.7861
0.9104, 0.7811
0.9154, 0.7811
0.9254, 0.7761
0.9403, 0.7711
0.9453, 0.7562
0.9552, 0.7512
0.9602, 0.7413
0.9702, 0.7313
0.9801, 0.7164
0.9901, 0.7065
0.9901, 0.7015
0.9950, 0.6965
1.0000, 0.6816
1.0000, 0.6766
1.0000, 0.6716
1.0000, 0.6667

0.0000, 0.3831
0.0000, 0.3781
0.0000, 0.3731
0.0000, 0.3682
0.0000, 0.3582
0.0000, 0.3532
0.0050, 0.3483
0.0149, 0.3433
0.0249, 0.3333
0.0299, 0.3284
0.0348, 0.3184
0.0448, 0.3085
0.0547, 0.2985
0.0647, 0.2935
0.0746, 0.2786
0.0846, 0.2736
0.1045, 0.2637
0.1144, 0.2587
0.1244, 0.2537
0.1443, 0.2388
0.1592, 0.2338
0.1692, 0.2289
0.1891, 0.2239
0.2040, 0.2239
0.2239, 0.2189
0.2388, 0.2189
0.2637, 0.2139
0.2786, 0.2139
0.2985, 0.2139
0.3134, 0.2139
0.3284, 0.2139
0.3483, 0.2139
0.3582, 0.2139
0.3731, 0.2139
0.3881, 0.2139
0.4030, 0.2139
0.4129, 0.2189
0.4328, 0.2289
0.4478, 0.2438
0.4627, 0.2488
0.4776, 0.2587
0.4876, 0.2687
0.5075, 0.2836
0.5224, 0.2985
0.5373, 0.3085
0.5522, 0.3234
0.5672, 0.3284
0.5771, 0.3383
0.5970, 0.3433
0.6070, 0.3483
0.6269, 0.3532
0.6368, 0.3532
0.6468, 0.3532
0.6567, 0.3532
0.6716, 0.3632
0.6816, 0.3632
0.6965, 0.3632
0.7114, 0.3632
0.7214, 0.3632
0.7413, 0.3632
0.7562, 0.3582
0.7761, 0.3582
0.7960, 0.3532
0.8159, 0.3532
0.8408, 0.3483
0.8607, 0.3433
0.8856, 0.3433
0.9104, 0.3383
0.9254, 0.3333
0.9353, 0.3333
0.9503, 0.3333
0.9552, 0.3333
0.9602, 0.3333
0.9652, 0.3333
0.9652, 0.3234
0.9702, 0.3234
0.9751, 0.3234
0.9751, 0.3184
0.9801, 0.3184

0.5672, 0.7313
0.5622, 0.7264
0.5622, 0.7065
0.5622, 0.6915
0.5622, 0.6716
0.5622, 0.6567
0.5622, 0.6269
0.5622, 0.6070
0.5622, 0.5771
0.5622, 0.5473
0.5622, 0.5274
0.5622, 0.4975
0.5622, 0.4776
0.5622, 0.4527
0.5622, 0.4428
0.5622, 0.4229
0.5622, 0.4129
0.5622, 0.4030
0.5622, 0.3930
0.5622, 0.3781
0.5622, 0.3682
0.5672, 0.3632
0.5672, 0.3582
0.5672, 0.3532
