0.0945, 0.7463
0.0995, 0.7363
0.1045, 0.7214
0.1095, 0.7114
0.1144, 0.7065
0.1194, 0.6965
0.1294, 0.6816
0.1343, 0.6716
0.1443, 0.6667
0.1492, 0.6567
0.1592, 0.6517
0.1791, 0.6368
0.1990, 0.6269
0.2338, 0.6169
0.2736, 0.6020
0.3085, 0.6020
0.3333, 0.6020
0.3582, 0.6020
0.3781, 0.6020
0.3881, 0.6020
0.4030, 0.6020
0.4179, 0.6020
0.4279, 0.6020
0.4428, 0.6020
0.4577, 0.6070
0.4677, 0.6119
0.4826, 0.6169
0.4975, 0.6219
0.5124, 0.6318
0.5224, 0.6368
0.5423, 0.6517
0.5522, 0.6567
0.5622, 0.6667
0.5721, 0.6716
0.5920, 0.6866
0.6070, 0.6965
0.6269, 0.7065
0.6418, 0.7114
0.6617, 0.7214
0.6766, 0.7313
0.6965, 0.7413
0.7214, 0.7512
0.7363, 0.7562
0.7612, 0.7711
0.7861, 0.7761
0.8060, 0.7761
0.8309, 0.7811
0.8508, 0.7811
0.8856, 0.7811
0.9104, 0.7662
0.9254, 0.7612
0.9552, 0.7562
0.9701, 0.7463
0.9801, 0.7413
0.9950, 0.7363
1.0000, 0.7363
1.0000, 0.7264

0.0000, 0.3284
0.0000, 0.3234
0.0050, 0.3184
0.0099, 0.3134
0.0199, 0.3085
0.0249, 0.3035
0.0398, 0.2985
0.0497, 0.2836
0.0647, 0.2786
0.0846, 0.2687
0.1045, 0.2587
0.1294, 0.2438
0.1492, 0.2388
0.1741, 0.2338
0.1890, 0.2289
0.2089, 0.2239
0.2288, 0.2239
0.2537, 0.2239
0.2687, 0.2189
0.2935, 0.2189
0.3085, 0.2189
0.3333, 0.2189
0.3483, 0.2189
0.3731, 0.2189
0.3831, 0.2189
0.3980, 0.2189
0.4129, 0.2189
0.4328, 0.2189
0.4577, 0.2289
0.4726, 0.2338
0.4975, 0.2438
0.5124, 0.2537
0.5323, 0.2637
0.5473, 0.2736
0.5622, 0.2935
0.5920, 0.3085
0.6169, 0.3234
0.6318, 0.3383
0.6468, 0.3433
0.6667, 0.3483
0.6766, 0.3532
0.6866, 0.3532
0.7065, 0.3582
0.7164, 0.3632
0.7264, 0.3632
0.7463, 0.3632
0.7562, 0.3632
0.7711, 0.3632
0.7861, 0.3731
0.7960, 0.3731
0.8060, 0.3731
0.8209, 0.3731
0.8309, 0.3731
0.8408, 0.3682
0.8508, 0.3632
0.8706, 0.3632
0.8756, 0.3582
0.8806, 0.3582
0.8856, 0.3532
0.8905, 0.3532

0.4129, 0.6119
0.4179, 0.5871
0.4179, 0.5572
0.4279, 0.5323
0.4279, 0.5124
0.4279, 0.4876
0.4279, 0.4726
0.4279, 0.4577
0.4279, 0.4328
0.4279, 0.4179
0.4229, 0.3930
0.4229, 0.3781
0.4229, 0.3632
0.4179, 0.3483
0.4179, 0.3433
0.4179, 0.3333
