0.0150, 0.8075
0.0150, 0.8025
0.0250, 0.7925
0.0350, 0.7775
0.0400, 0.7675
0.0500, 0.7575
0.0650, 0.7525
0.0800, 0.7375
0.0950, 0.7275
0.1150, 0.7225
0.1300, 0.7125
0.1550, 0.7025
0.1700, 0.6975
0.1900, 0.6925
0.2050, 0.6875
0.2200, 0.6875
0.2350, 0.6825
0.2450, 0.6825
0.2550, 0.6775
0.2650, 0.6775
0.2750, 0.6775
0.2850, 0.6775
0.2900, 0.6775
0.3000, 0.6775
0.3150, 0.6775
0.3250, 0.6775
0.3350, 0.6775
0.3450, 0.6775
0.3600, 0.6775
0.3700, 0.6775
0.3750, 0.6775
0.3850, 0.6775
0.4050, 0.6825
0.4200, 0.6875
0.4300, 0.6925
0.4450, 0.6925
0.4550, 0.7075
0.4700, 0.7125
0.4850, 0.7175
0.5000, 0.7225
0.5100, 0.7275
0.5300, 0.7325
0.5400, 0.7375
0.5600, 0.7475
0.5750, 0.7525
0.5900, 0.7575
0.6100, 0.7625
0.6250, 0.7675
0.6450, 0.7725
0.6600, 0.7775
0.6750, 0.7875
0.6950, 0.7875
0.7100, 0.7925
0.7300, 0.7975
0.7450, 0.7975
0.7700, 0.8025
0.7850, 0.8025
0.8000, 0.8025
0.8200, 0.8075
0.8350, 0.8075
0.8550, 0.8075
0.8750, 0.8075
0.8950, 0.8075
0.9100, 0.8075
0.9200, 0.8075
0.9350, 0.8075
0.9450, 0.8075
0.9500, 0.8075
0.9550, 0.8075
0.9600, 0.8075
0.9650, 0.8075
0.9750, 0.8075

0.0000, 0.3025
0.0100, 0.3025
0.0400, 0.2975
0.0650, 0.2875
0.0950, 0.2775
0.1250, 0.2725
0.1600, 0.2625
0.1850, 0.2625
0.2000, 0.2575
0.2150, 0.2525
0.2350, 0.2475
0.2450, 0.2425
0.2600, 0.2425
0.2750, 0.2325
0.2900, 0.2275
0.3100, 0.2225
0.3250, 0.2175
0.3500, 0.2175
0.3650, 0.2125
0.3800, 0.2075
0.4000, 0.2075
0.4150, 0.2075
0.4350, 0.2025
0.4450, 0.2025
0.4600, 0.1925
0.4800, 0.1925
0.4950, 0.1925
0.5150, 0.1925
0.5300, 0.1925
0.5450, 0.1925
0.5600, 0.1975
0.5750, 0.2025
0.5900, 0.2025
0.6050, 0.2125
0.6150, 0.2175
0.6250, 0.2275
0.6450, 0.2375
0.6550, 0.2475
0.6700, 0.2625
0.6850, 0.2725
0.7000, 0.2925
0.7100, 0.3075
0.7250, 0.3225
0.7400, 0.3375
0.7450, 0.3425
0.7500, 0.3475
0.7550, 0.3525
0.7700, 0.3625
0.7700, 0.3675
0.7800, 0.3675
0.7800, 0.3725
0.7900, 0.3725
0.7950, 0.3725
0.8050, 0.3775
0.8150, 0.3775
0.8200, 0.3775
0.8300, 0.3775
0.8450, 0.3775
0.8550, 0.3775
0.8700, 0.3775
0.8900, 0.3775
0.9000, 0.3775
0.9100, 0.3775
0.9200, 0.3775
0.9350, 0.3775
0.9450, 0.3775
0.9500, 0.3775
0.9600, 0.3775
0.9750, 0.3725
0.9850, 0.3725
0.9900, 0.3725
0.9950, 0.3725
1.0000, 0.3725

0.5250, 0.7125
0.5100, 0.6875
0.5100, 0.6675
0.5050, 0.6425
0.5050, 0.6225
0.5050, 0.5925
0.5050, 0.5625
0.5050, 0.5425
0.5050, 0.5125
0.5050, 0.4925
0.5050, 0.4675
0.5050, 0.4425
0.5000, 0.4225
0.4950, 0.3875
0.4950, 0.3725
0.4900, 0.3425
0.4850, 0.3175
0.4750, 0.2975
0.4750, 0.2725
0.4700, 0.2525
0.4700, 0.2425
0.4700, 0.2225
0.4650, 0.2125
0.4650, 0.2075
