0.1243, 0.2760
0.1243, 0.2760
0.1243, 0.2760
0.1243, 0.2760
0.1243, 0.2760
0.1243, 0.2760
0.1243, 0.2760
0.1243, 0.2760
0.1243, 0.2760
0.1243, 0.2760
0.1243, 0.2760
0.1243, 0.2760
0.1243, 0.2760
0.1243, 0.2760
0.1243, 0.2760
0.1243, 0.2760
0.1243, 0.2760
0.1243, 0.2760
0.1243, 0.2760
0.1243, 0.2760
0.1243, 0.2760
0.1243, 0.2760
0.1243, 0.2760
0.1243, 0.2760
0.1243, 0.2760
0.1243, 0.2760
0.1243, 0.2760
0.1243, 0.2760
0.1243, 0.2760
0.1243, 0.2760
0.1243, 0.2760
0.1243, 0.2760
0.1243, 0.2760
0.1243, 0.2760
0.1243, 0.2760
0.1243, 0.2760
0.1243, 0.2760
0.1243, 0.2760
0.1243, 0.2760
0.1243, 0.2760
0.1243, 0.2760
0.1243, 0.2760
0.1243, 0.2760
0.1243, 0.2760
0.1243, 0.2760
0.1243, 0.2760
0.1243, 0.2760
0.1243, 0.2760
0.1243, 0.2760
0.1243, 0.2760
0.1243, 0.2760
0.1243, 0.2760
0.1243, 0.2760
0.1243, 0.2760
0.1243, 0.2760
0.1243, 0.2760
0.1243, 0.2760
0.1243, 0.2760
0.1243, 0.2760
0.1243, 0.2760
0.1243, 0.2760
0.1243, 0.2760
0.1243, 0.2760
0.1243, 0.2760
0.1243, 0.2760
0.1243, 0.2760
0.1243, 0.2760
0.1243, 0.2760
0.1243, 0.2760
0.1243, 0.2760
0.1243, 0.2760
0.1243, 0.2760
0.1243, 0.2760
0.1243, 0.2760
0.1285, 0.2760
0.1285, 0.2760
0.1285, 0.2760
0.1285, 0.2760
0.1285, 0.2760
0.1285, 0.2760
0.1285, 0.2760
0.1285, 0.2760
0.1327, 0.2760
0.1327, 0.2760
0.1327, 0.2760
0.1327, 0.2760
0.1327, 0.2760
0.1327, 0.2760
0.1327, 0.2760
0.1327, 0.2760
0.1327, 0.2760
0.1327, 0.2760
0.1327, 0.2760
0.1327, 0.2760
0.1327, 0.2760
0.1327, 0.2760
0.1327, 0.2734
0.1327, 0.2734
0.1327, 0.2734
0.1327, 0.2734
0.1327, 0.2734
0.1327, 0.2734
0.1327, 0.2734
0.1327, 0.2734
0.1370, 0.2734
0.1370, 0.2734
0.1370, 0.2734
0.1370, 0.2734
0.1370, 0.2708
0.1370, 0.2708
0.1370, 0.2708
0.1370, 0.2708
0.1412, 0.2708
0.1412, 0.2708
0.1412, 0.2708
0.1412, 0.2708
0.1412, 0.2708
0.1412, 0.2708
0.1412, 0.2708
0.1412, 0.2708
0.1412, 0.2708
0.1412, 0.2708
0.1412, 0.2708
0.1412, 0.2708
0.1412, 0.2708
0.1412, 0.2708
0.1412, 0.2708
0.1412, 0.2708
0.1412, 0.2682
0.1412, 0.2682
0.1412, 0.2682
0.1412, 0.2682
0.1454, 0.2682
0.1454, 0.2682
0.1454, 0.2682
0.1454, 0.2682
0.1454, 0.2656
0.1454, 0.2656
0.1454, 0.2656
0.1454, 0.2656
0.1496, 0.2656
0.1496, 0.2656
0.1496, 0.2656
0.1496, 0.2656
0.1496, 0.2656
0.1496, 0.2656
0.1496, 0.2656
0.1496, 0.2656
0.1539, 0.2656
0.1539, 0.2656
0.1539, 0.2656
0.1539, 0.2656
0.1539, 0.2656
0.1539, 0.2656
0.1539, 0.2656
0.1539, 0.2656
0.1539, 0.2630
0.1539, 0.2630
0.1539, 0.2630
0.1539, 0.2630
0.1539, 0.2630
0.1539, 0.2630
0.1539, 0.2630
0.1539, 0.2630
0.1539, 0.2630
0.1539, 0.2630
0.1539, 0.2630
0.1539, 0.2630
0.1539, 0.2630
0.1581, 0.2630
0.1581, 0.2630
0.1581, 0.2630
0.1581, 0.2630
0.1581, 0.2604
0.1581, 0.2604
0.1581, 0.2604
0.1581, 0.2604
0.1581, 0.2604
0.1581, 0.2604
0.1581, 0.2604
0.1581, 0.2604
0.1623, 0.2604
0.1623, 0.2604
0.1623, 0.2604
0.1623, 0.2604
0.1623, 0.2578
0.1623, 0.2578
0.1623, 0.2578
0.1623, 0.2578
0.1623, 0.2578
0.1623, 0.2578
0.1623, 0.2578
0.1623, 0.2578
0.1623, 0.2578
0.1623, 0.2578
0.1623, 0.2578
0.1623, 0.2578
0.1623, 0.2578
0.1623, 0.2578
0.1623, 0.2578
0.1623, 0.2578
0.1623, 0.2578
0.1623, 0.2578
0.1623, 0.2578
0.1623, 0.2578
0.1623, 0.2578
0.1623, 0.2578
0.1665, 0.2578
0.1665, 0.2578
0.1665, 0.2578
0.1665, 0.2578
0.1665, 0.2578
0.1665, 0.2578
0.1665, 0.2578
0.1665, 0.2578
0.1665, 0.2552
0.1665, 0.2552
0.1665, 0.2552
0.1665, 0.2552
0.1708, 0.2552
0.1708, 0.2552
0.1708, 0.2552
0.1708, 0.2552
0.1708, 0.2552
0.1708, 0.2552
0.1708, 0.2552
0.1708, 0.2552
0.1708, 0.2552
0.1708, 0.2552
0.1708, 0.2552
0.1708, 0.2552
0.1708, 0.2552
0.1708, 0.2552
0.1708, 0.2552
0.1708, 0.2552
0.1708, 0.2552
0.1750, 0.2526
0.1750, 0.2526
0.1750, 0.2526
0.1750, 0.2526
0.1750, 0.2526
0.1750, 0.2526
0.1750, 0.2526
0.1750, 0.2526
0.1750, 0.2526
0.1750, 0.2526
0.1750, 0.2526
0.1750, 0.2526
0.1750, 0.2526
0.1750, 0.2526
0.1750, 0.2526
0.1750, 0.2526
0.1750, 0.2526
0.1750, 0.2526
0.1750, 0.2526
0.1750, 0.2526
0.1750, 0.2526
0.1750, 0.2526
0.1750, 0.2526
0.1750, 0.2526
0.1750, 0.2526
0.1750, 0.2526
0.1750, 0.2526
0.1792, 0.2526
0.1792, 0.2526
0.1792, 0.2526
0.1792, 0.2526
0.1792, 0.2500
0.1792, 0.2500
0.1792, 0.2500
0.1834, 0.2500
0.1834, 0.2500
0.1834, 0.2500
0.1834, 0.2500
0.1834, 0.2500
0.1834, 0.2500
0.1834, 0.2500
0.1834, 0.2500
0.1834, 0.2500
0.1834, 0.2500
0.1834, 0.2500
0.1834, 0.2500
0.1834, 0.2500
0.1834, 0.2500
0.1834, 0.2500
0.1834, 0.2500
0.1834, 0.2500
0.1834, 0.2500
0.1834, 0.2474
0.1834, 0.2474
0.1834, 0.2474
0.1834, 0.2474
0.1834, 0.2474
0.1834, 0.2474
0.1834, 0.2474
0.1834, 0.2474
0.1834, 0.2474
0.1834, 0.2474
0.1834, 0.2474
0.1834, 0.2474
0.1877, 0.2474
0.1877, 0.2474
0.1877, 0.2474
0.1877, 0.2474
0.1877, 0.2474
0.1877, 0.2474
0.1877, 0.2474
0.1877, 0.2474
0.1877, 0.2474
0.1877, 0.2474
0.1877, 0.2474
0.1877, 0.2474
0.1877, 0.2474
0.1877, 0.2474
0.1877, 0.2474
0.1877, 0.2474
0.1877, 0.2474
0.1919, 0.2448
0.1919, 0.2448
0.1919, 0.2448
0.1919, 0.2448
0.1919, 0.2448
0.1919, 0.2448
0.1919, 0.2448
0.1919, 0.2448
0.1960, 0.2448
0.1960, 0.2448
0.1960, 0.2448
0.1960, 0.2448
0.1960, 0.2448
0.1960, 0.2448
0.1960, 0.2448
0.1960, 0.2448
0.1960, 0.2448
0.1960, 0.2448
0.1960, 0.2448
0.1960, 0.2448
0.1960, 0.2448
0.1960, 0.2448
0.1960, 0.2448
0.1960, 0.2448
0.1960, 0.2448
0.1960, 0.2448
0.1960, 0.2448
0.1960, 0.2448
0.2002, 0.2448
0.2002, 0.2448
0.2002, 0.2448
0.2002, 0.2448
0.2002, 0.2448
0.2002, 0.2448
0.2002, 0.2448
0.2002, 0.2448
0.2002, 0.2448
0.2002, 0.2448
0.2002, 0.2448
0.2002, 0.2448
0.2002, 0.2448
0.2045, 0.2448
0.2045, 0.2448
0.2045, 0.2448
0.2045, 0.2448
0.2045, 0.2448
0.2045, 0.2448
0.2045, 0.2448
0.2045, 0.2448
0.2045, 0.2448
0.2045, 0.2448
0.2045, 0.2448
0.2045, 0.2448
0.2045, 0.2448
0.2045, 0.2448
0.2045, 0.2448
0.2045, 0.2448
0.2045, 0.2422
0.2045, 0.2422
0.2045, 0.2422
0.2045, 0.2422
0.2045, 0.2422
0.2045, 0.2422
0.2045, 0.2422
0.2045, 0.2422
0.2045, 0.2422
0.2045, 0.2422
0.2045, 0.2422
0.2045, 0.2422
0.2087, 0.2422
0.2087, 0.2422
0.2087, 0.2422
0.2087, 0.2422
0.2087, 0.2422
0.2087, 0.2422
0.2087, 0.2422
0.2087, 0.2422
0.2129, 0.2422
0.2129, 0.2422
0.2129, 0.2422
0.2129, 0.2422
0.2129, 0.2422
0.2129, 0.2422
0.2129, 0.2422
0.2129, 0.2422
0.2129, 0.2396
0.2129, 0.2396
0.2129, 0.2396
0.2129, 0.2396
0.2171, 0.2396
0.2171, 0.2396
0.2171, 0.2396
0.2171, 0.2396
0.2171, 0.2396
0.2171, 0.2396
0.2171, 0.2396
0.2171, 0.2396
0.2171, 0.2396
0.2171, 0.2396
0.2171, 0.2396
0.2171, 0.2396
0.2171, 0.2396
0.2171, 0.2396
0.2171, 0.2396
0.2171, 0.2396
0.2171, 0.2396
0.2171, 0.2396
0.2171, 0.2396
0.2171, 0.2396
0.2214, 0.2396
0.2214, 0.2396
0.2214, 0.2396
0.2214, 0.2396
0.2214, 0.2396
0.2214, 0.2396
0.2214, 0.2396
0.2214, 0.2396
0.2256, 0.2396
0.2256, 0.2396
0.2256, 0.2396
0.2256, 0.2396
0.2256, 0.2396
0.2256, 0.2396
0.2256, 0.2396
0.2256, 0.2396
0.2256, 0.2396
0.2256, 0.2396
0.2256, 0.2396
0.2256, 0.2396
0.2256, 0.2396
0.2256, 0.2396
0.2256, 0.2396
0.2298, 0.2396
0.2298, 0.2396
0.2298, 0.2396
0.2298, 0.2396
0.2298, 0.2396
0.2298, 0.2396
0.2298, 0.2396
0.2340, 0.2370
0.2340, 0.2370
0.2340, 0.2370
0.2340, 0.2370
0.2383, 0.2370
0.2383, 0.2370
0.2383, 0.2370
0.2383, 0.2370
0.2383, 0.2370
0.2383, 0.2370
0.2383, 0.2370
0.2383, 0.2370
0.2383, 0.2370
0.2383, 0.2370
0.2383, 0.2370
0.2383, 0.2370
0.2383, 0.2370
0.2383, 0.2370
0.2383, 0.2370
0.2383, 0.2370
0.2425, 0.2370
0.2425, 0.2370
0.2425, 0.2370
0.2425, 0.2370
0.2425, 0.2370
0.2425, 0.2370
0.2425, 0.2370
0.2425, 0.2370
0.2467, 0.2344
0.2467, 0.2344
0.2467, 0.2344
0.2467, 0.2344
0.2467, 0.2344
0.2467, 0.2344
0.2467, 0.2344
0.2467, 0.2344
0.2467, 0.2344
0.2467, 0.2344
0.2467, 0.2344
0.2467, 0.2344
0.2467, 0.2344
0.2467, 0.2344
0.2467, 0.2344
0.2467, 0.2344
0.2467, 0.2344
0.2467, 0.2344
0.2467, 0.2344
0.2509, 0.2344
0.2509, 0.2344
0.2509, 0.2344
0.2509, 0.2344
0.2552, 0.2344
0.2552, 0.2344
0.2552, 0.2344
0.2552, 0.2344
0.2552, 0.2344
0.2552, 0.2344
0.2552, 0.2344
0.2552, 0.2344
0.2552, 0.2344
0.2552, 0.2344
0.2552, 0.2344
0.2552, 0.2344
0.2552, 0.2344
0.2552, 0.2344
0.2552, 0.2344
0.2594, 0.2344
0.2594, 0.2344
0.2594, 0.2344
0.2594, 0.2344
0.2594, 0.2344
0.2594, 0.2344
0.2594, 0.2344
0.2594, 0.2344
0.2594, 0.2344
0.2594, 0.2344
0.2594, 0.2344
0.2594, 0.2344
0.2594, 0.2344
0.2594, 0.2344
0.2594, 0.2344
0.2594, 0.2344
0.2594, 0.2344
0.2594, 0.2344
0.2594, 0.2344
0.2594, 0.2344
0.2594, 0.2344
0.2594, 0.2344
0.2594, 0.2344
0.2594, 0.2344
0.2636, 0.2344
0.2636, 0.2344
0.2636, 0.2344
0.2636, 0.2344
0.2636, 0.2344
0.2636, 0.2344
0.2636, 0.2344
0.2636, 0.2344
0.2678, 0.2344
0.2678, 0.2344
0.2678, 0.2344
0.2678, 0.2344
0.2678, 0.2344
0.2678, 0.2344
0.2678, 0.2344
0.2678, 0.2344
0.2678, 0.2344
0.2678, 0.2344
0.2678, 0.2344
0.2678, 0.2344
0.2678, 0.2344
0.2678, 0.2344
0.2678, 0.2344
0.2721, 0.2344
0.2721, 0.2344
0.2721, 0.2344
0.2721, 0.2344
0.2721, 0.2344
0.2721, 0.2344
0.2721, 0.2344
0.2721, 0.2344
0.2763, 0.2344
0.2763, 0.2344
0.2763, 0.2344
0.2763, 0.2344
0.2763, 0.2344
0.2763, 0.2344
0.2763, 0.2344
0.2763, 0.2344
0.2763, 0.2344
0.2763, 0.2344
0.2763, 0.2344
0.2763, 0.2344
0.2763, 0.2318
0.2763, 0.2318
0.2763, 0.2318
0.2805, 0.2318
0.2805, 0.2318
0.2805, 0.2318
0.2805, 0.2318
0.2847, 0.2318
0.2847, 0.2318
0.2847, 0.2318
0.2847, 0.2318
0.2847, 0.2318
0.2847, 0.2318
0.2847, 0.2318
0.2847, 0.2318
0.2847, 0.2318
0.2847, 0.2318
0.2847, 0.2318
0.2847, 0.2318
0.2890, 0.2318
0.2890, 0.2318
0.2890, 0.2318
0.2890, 0.2318
0.2890, 0.2318
0.2890, 0.2318
0.2890, 0.2318
0.2890, 0.2318
0.2890, 0.2318
0.2890, 0.2318
0.2890, 0.2318
0.2890, 0.2318
0.2890, 0.2318
0.2890, 0.2318
0.2890, 0.2318
0.2890, 0.2318
0.2890, 0.2318
0.2890, 0.2318
0.2890, 0.2318
0.2932, 0.2318
0.2932, 0.2318
0.2932, 0.2318
0.2932, 0.2318
0.2932, 0.2318
0.2932, 0.2318
0.2932, 0.2318
0.2932, 0.2318
0.2974, 0.2318
0.2974, 0.2318
0.2974, 0.2318
0.2974, 0.2318
0.2974, 0.2318
0.2974, 0.2318
0.2974, 0.2318
0.3016, 0.2318
0.3016, 0.2318
0.3016, 0.2318
0.3016, 0.2318
0.3059, 0.2318
0.3059, 0.2318
0.3059, 0.2318
0.3059, 0.2318
0.3059, 0.2318
0.3059, 0.2318
0.3059, 0.2318
0.3059, 0.2318
0.3101, 0.2318
0.3101, 0.2318
0.3101, 0.2318
0.3101, 0.2318
0.3101, 0.2318
0.3101, 0.2318
0.3101, 0.2318
0.3143, 0.2318
0.3143, 0.2318
0.3143, 0.2318
0.3143, 0.2318
0.3143, 0.2292
0.3143, 0.2292
0.3143, 0.2292
0.3184, 0.2292
0.3184, 0.2292
0.3184, 0.2292
0.3184, 0.2292
0.3184, 0.2292
0.3184, 0.2292
0.3184, 0.2292
0.3184, 0.2292
0.3184, 0.2292
0.3184, 0.2292
0.3184, 0.2292
0.3227, 0.2292
0.3227, 0.2292
0.3227, 0.2292
0.3227, 0.2292
0.3227, 0.2292
0.3227, 0.2292
0.3227, 0.2292
0.3269, 0.2292
0.3269, 0.2292
0.3269, 0.2292
0.3269, 0.2292
0.3269, 0.2292
0.3269, 0.2292
0.3269, 0.2292
0.3311, 0.2292
0.3311, 0.2292
0.3311, 0.2292
0.3311, 0.2292
0.3311, 0.2292
0.3311, 0.2292
0.3311, 0.2292
0.3311, 0.2292
0.3311, 0.2292
0.3311, 0.2292
0.3311, 0.2292
0.3353, 0.2292
0.3353, 0.2292
0.3353, 0.2292
0.3353, 0.2292
0.3396, 0.2292
0.3396, 0.2292
0.3396, 0.2292
0.3396, 0.2292
0.3396, 0.2292
0.3396, 0.2292
0.3396, 0.2292
0.3438, 0.2292
0.3438, 0.2292
0.3438, 0.2292
0.3438, 0.2292
0.3438, 0.2292
0.3438, 0.2292
0.3438, 0.2292
0.3480, 0.2292
0.3480, 0.2292
0.3480, 0.2292
0.3522, 0.2292
0.3522, 0.2292
0.3522, 0.2292
0.3522, 0.2292
0.3522, 0.2292
0.3522, 0.2292
0.3522, 0.2292
0.3522, 0.2292
0.3565, 0.2292
0.3565, 0.2292
0.3565, 0.2292
0.3565, 0.2318
0.3565, 0.2318
0.3565, 0.2318
0.3565, 0.2318
0.3607, 0.2318
0.3607, 0.2318
0.3607, 0.2318
0.3607, 0.2318
0.3607, 0.2318
0.3607, 0.2318
0.3607, 0.2318
0.3649, 0.2318
0.3649, 0.2318
0.3649, 0.2318
0.3691, 0.2318
0.3691, 0.2318
0.3691, 0.2318
0.3691, 0.2318
0.3734, 0.2318
0.3734, 0.2318
0.3734, 0.2318
0.3734, 0.2318
0.3734, 0.2318
0.3734, 0.2318
0.3734, 0.2318
0.3776, 0.2318
0.3776, 0.2318
0.3776, 0.2318
0.3818, 0.2318
0.3818, 0.2318
0.3818, 0.2318
0.3818, 0.2318
0.3860, 0.2344
0.3860, 0.2344
0.3860, 0.2344
0.3903, 0.2344
0.3903, 0.2344
0.3903, 0.2344
0.3945, 0.2344
0.3945, 0.2344
0.3945, 0.2344
0.3945, 0.2344
0.3945, 0.2370
0.3945, 0.2370
0.3945, 0.2370
0.3987, 0.2370
0.3987, 0.2370
0.3987, 0.2370
0.3987, 0.2370
0.4029, 0.2370
0.4029, 0.2370
0.4029, 0.2370
0.4029, 0.2370
0.4029, 0.2370
0.4029, 0.2370
0.4029, 0.2370
0.4029, 0.2370
0.4029, 0.2370
0.4029, 0.2370
0.4029, 0.2370
0.4072, 0.2396
0.4072, 0.2396
0.4072, 0.2396
0.4072, 0.2396
0.4072, 0.2396
0.4072, 0.2396
0.4072, 0.2396
0.4114, 0.2396
0.4114, 0.2396
0.4114, 0.2396
0.4156, 0.2422
0.4156, 0.2422
0.4156, 0.2422
0.4156, 0.2422
0.4156, 0.2422
0.4156, 0.2422
0.4156, 0.2422
0.4156, 0.2422
0.4156, 0.2422
0.4156, 0.2422
0.4156, 0.2422
0.4198, 0.2422
0.4198, 0.2422
0.4198, 0.2422
0.4198, 0.2448
0.4198, 0.2448
0.4198, 0.2448
0.4198, 0.2448
0.4198, 0.2448
0.4198, 0.2448
0.4198, 0.2448
0.4241, 0.2448
0.4241, 0.2448
0.4241, 0.2448
0.4241, 0.2448
0.4241, 0.2448
0.4241, 0.2448
0.4241, 0.2448
0.4241, 0.2448
0.4241, 0.2448
0.4241, 0.2448
0.4241, 0.2448
0.4241, 0.2448
0.4283, 0.2474
0.4283, 0.2474
0.4283, 0.2474
0.4325, 0.2474
0.4325, 0.2474
0.4325, 0.2474
0.4367, 0.2474
0.4367, 0.2474
0.4367, 0.2474
0.4367, 0.2500
0.4367, 0.2500
0.4367, 0.2500
0.4367, 0.2500
0.4409, 0.2500
0.4409, 0.2500
0.4409, 0.2500
0.4409, 0.2500
0.4409, 0.2500
0.4409, 0.2500
0.4409, 0.2500
0.4451, 0.2500
0.4451, 0.2500
0.4451, 0.2500
0.4451, 0.2500
0.4451, 0.2500
0.4451, 0.2500
0.4451, 0.2500
0.4451, 0.2500
0.4451, 0.2500
0.4451, 0.2500
0.4451, 0.2500
0.4451, 0.2500
0.4451, 0.2500
0.4451, 0.2500
0.4451, 0.2500
0.4451, 0.2500
0.4451, 0.2500
0.4451, 0.2500
0.4451, 0.2500
0.4451, 0.2500
0.4451, 0.2500
0.4451, 0.2500
0.4493, 0.2526
0.4493, 0.2526
0.4493, 0.2526
0.4493, 0.2526
0.4535, 0.2526
0.4535, 0.2526
0.4535, 0.2526
0.4578, 0.2552
0.4578, 0.2552
0.4578, 0.2552
0.4578, 0.2552
0.4578, 0.2552
0.4578, 0.2552
0.4578, 0.2552
0.4578, 0.2552
0.4578, 0.2552
0.4578, 0.2552
0.4620, 0.2578
0.4620, 0.2578
0.4620, 0.2578
0.4620, 0.2578
0.4662, 0.2578
0.4662, 0.2578
0.4662, 0.2578
0.4662, 0.2578
0.4662, 0.2578
0.4662, 0.2578
0.4704, 0.2578
0.4704, 0.2578
0.4704, 0.2578
0.4704, 0.2578
0.4747, 0.2578
0.4747, 0.2578
0.4747, 0.2578
0.4747, 0.2578
0.4747, 0.2578
0.4747, 0.2578
0.4747, 0.2578
0.4789, 0.2578
0.4789, 0.2578
0.4789, 0.2578
0.4789, 0.2604
0.4789, 0.2604
0.4789, 0.2604
0.4789, 0.2604
0.4789, 0.2604
0.4789, 0.2604
0.4789, 0.2604
0.4831, 0.2630
0.4831, 0.2630
0.4831, 0.2630
0.4831, 0.2630
0.4873, 0.2630
0.4873, 0.2630
0.4873, 0.2630
0.4873, 0.2630
0.4873, 0.2630
0.4873, 0.2630
0.4873, 0.2630
0.4916, 0.2630
0.4916, 0.2630
0.4916, 0.2630
0.4958, 0.2630
0.4958, 0.2630
0.4958, 0.2630
0.4958, 0.2630
0.4958, 0.2630
0.4958, 0.2630
0.4958, 0.2630
0.5000, 0.2630
0.5000, 0.2630
0.5000, 0.2630
0.5000, 0.2630
0.5000, 0.2630
0.5000, 0.2630
0.5000, 0.2630
0.5042, 0.2656
0.5042, 0.2656
0.5042, 0.2656
0.5084, 0.2656
0.5084, 0.2656
0.5084, 0.2656
0.5084, 0.2656
0.5084, 0.2656
0.5084, 0.2656
0.5084, 0.2656
0.5127, 0.2656
0.5127, 0.2656
0.5127, 0.2656
0.5127, 0.2656
0.5169, 0.2682
0.5169, 0.2682
0.5169, 0.2682
0.5169, 0.2682
0.5169, 0.2682
0.5169, 0.2682
0.5211, 0.2682
0.5211, 0.2682
0.5211, 0.2682
0.5211, 0.2708
0.5211, 0.2708
0.5211, 0.2708
0.5211, 0.2708
0.5253, 0.2708
0.5253, 0.2708
0.5253, 0.2708
0.5296, 0.2708
0.5296, 0.2708
0.5296, 0.2708
0.5296, 0.2708
0.5296, 0.2708
0.5296, 0.2708
0.5296, 0.2708
0.5338, 0.2708
0.5338, 0.2708
0.5338, 0.2708
0.5338, 0.2708
0.5338, 0.2708
0.5338, 0.2708
0.5338, 0.2708
0.5380, 0.2734
0.5380, 0.2734
0.5380, 0.2734
0.5380, 0.2734
0.5380, 0.2734
0.5380, 0.2734
0.5380, 0.2734
0.5380, 0.2760
0.5380, 0.2760
0.5380, 0.2760
0.5380, 0.2760
0.5422, 0.2760
0.5422, 0.2760
0.5422, 0.2760
0.5465, 0.2760
0.5465, 0.2760
0.5465, 0.2760
0.5507, 0.2760
0.5507, 0.2760
0.5507, 0.2760
0.5507, 0.2760
0.5507, 0.2760
0.5507, 0.2760
0.5507, 0.2760
0.5549, 0.2786
0.5549, 0.2786
0.5549, 0.2786
0.5591, 0.2786
0.5591, 0.2786
0.5591, 0.2786
0.5591, 0.2786
0.5591, 0.2813
0.5591, 0.2813
0.5591, 0.2813
0.5633, 0.2813
0.5633, 0.2813
0.5633, 0.2813
0.5675, 0.2839
0.5675, 0.2839
0.5675, 0.2839
0.5675, 0.2839
0.5675, 0.2839
0.5675, 0.2839
0.5675, 0.2839
0.5717, 0.2839
0.5717, 0.2839
0.5717, 0.2839
0.5717, 0.2839
0.5717, 0.2839
0.5717, 0.2839
0.5717, 0.2839
0.5717, 0.2839
0.5717, 0.2839
0.5717, 0.2839
0.5759, 0.2839
0.5759, 0.2839
0.5759, 0.2839
0.5759, 0.2839
0.5802, 0.2865
0.5802, 0.2865
0.5802, 0.2865
0.5802, 0.2865
0.5802, 0.2865
0.5802, 0.2865
0.5802, 0.2865
0.5802, 0.2865
0.5802, 0.2865
0.5802, 0.2865
0.5844, 0.2891
0.5844, 0.2891
0.5844, 0.2891
0.5886, 0.2891
0.5886, 0.2891
0.5886, 0.2891
0.5886, 0.2891
0.5886, 0.2891
0.5886, 0.2891
0.5886, 0.2891
0.5928, 0.2891
0.5928, 0.2891
0.5928, 0.2891
0.5928, 0.2891
0.5928, 0.2891
0.5928, 0.2891
0.5928, 0.2891
0.5928, 0.2891
0.5928, 0.2891
0.5928, 0.2891
0.5928, 0.2891
0.5971, 0.2917
0.5971, 0.2917
0.5971, 0.2917
0.5971, 0.2917
0.5971, 0.2917
0.6013, 0.2917
0.6013, 0.2917
0.6013, 0.2917
0.6013, 0.2917
0.6013, 0.2917
0.6013, 0.2917
0.6013, 0.2917
0.6013, 0.2943
0.6013, 0.2943
0.6013, 0.2943
0.6055, 0.2943
0.6055, 0.2943
0.6055, 0.2943
0.6055, 0.2943
0.6055, 0.2943
0.6055, 0.2943
0.6055, 0.2943
0.6097, 0.2943
0.6097, 0.2943
0.6097, 0.2943
0.6140, 0.2943
0.6140, 0.2943
0.6140, 0.2943
0.6140, 0.2943
0.6140, 0.2943
0.6140, 0.2943
0.6182, 0.2943
0.6182, 0.2943
0.6182, 0.2943
0.6182, 0.2943
0.6224, 0.2969
0.6224, 0.2969
0.6224, 0.2969
0.6224, 0.2969
0.6224, 0.2969
0.6224, 0.2969
0.6224, 0.2969
0.6224, 0.2969
0.6224, 0.2969
0.6224, 0.2969
0.6266, 0.2969
0.6266, 0.2969
0.6266, 0.2969
0.6309, 0.2995
0.6309, 0.2995
0.6309, 0.2995
0.6309, 0.2995
0.6351, 0.2995
0.6351, 0.2995
0.6351, 0.2995
0.6351, 0.2995
0.6351, 0.2995
0.6351, 0.2995
0.6393, 0.2995
0.6393, 0.2995
0.6393, 0.2995
0.6393, 0.2995
0.6393, 0.2995
0.6393, 0.2995
0.6435, 0.2995
0.6435, 0.2995
0.6435, 0.2995
0.6435, 0.3021
0.6435, 0.3021
0.6435, 0.3021
0.6435, 0.3021
0.6478, 0.3021
0.6478, 0.3021
0.6478, 0.3021
0.6478, 0.3021
0.6478, 0.3021
0.6478, 0.3021
0.6520, 0.3021
0.6520, 0.3021
0.6520, 0.3021
0.6520, 0.3021
0.6520, 0.3021
0.6520, 0.3021
0.6520, 0.3021
0.6562, 0.3021
0.6562, 0.3021
0.6562, 0.3021
0.6562, 0.3021
0.6562, 0.3021
0.6562, 0.3021
0.6562, 0.3021
0.6604, 0.3021
0.6604, 0.3021
0.6604, 0.3021
0.6647, 0.3021
0.6647, 0.3021
0.6647, 0.3021
0.6647, 0.3021
0.6647, 0.3047
0.6647, 0.3047
0.6647, 0.3047
0.6689, 0.3047
0.6689, 0.3047
0.6689, 0.3047
0.6731, 0.3047
0.6731, 0.3047
0.6731, 0.3047
0.6731, 0.3047
0.6731, 0.3047
0.6731, 0.3047
0.6731, 0.3047
0.6731, 0.3047
0.6731, 0.3047
0.6731, 0.3047
0.6773, 0.3073
0.6773, 0.3073
0.6773, 0.3073
0.6773, 0.3073
0.6773, 0.3073
0.6773, 0.3073
0.6816, 0.3073
0.6816, 0.3073
0.6816, 0.3073
0.6816, 0.3073
0.6816, 0.3073
0.6816, 0.3073
0.6816, 0.3073
0.6857, 0.3073
0.6857, 0.3073
0.6857, 0.3073
0.6857, 0.3073
0.6857, 0.3073
0.6857, 0.3073
0.6899, 0.3073
0.6899, 0.3073
0.6899, 0.3073
0.6899, 0.3073
0.6899, 0.3073
0.6899, 0.3073
0.6899, 0.3073
0.6941, 0.3073
0.6941, 0.3073
0.6941, 0.3073
0.6941, 0.3099
0.6941, 0.3099
0.6941, 0.3099
0.6984, 0.3099
0.6984, 0.3099
0.6984, 0.3099
0.7026, 0.3099
0.7026, 0.3099
0.7026, 0.3099
0.7026, 0.3099
0.7026, 0.3099
0.7026, 0.3099
0.7068, 0.3099
0.7068, 0.3099
0.7068, 0.3099
0.7068, 0.3099
0.7068, 0.3099
0.7068, 0.3099
0.7068, 0.3099
0.7068, 0.3125
0.7068, 0.3125
0.7068, 0.3125
0.7110, 0.3125
0.7110, 0.3125
0.7110, 0.3125
0.7110, 0.3125
0.7110, 0.3125
0.7110, 0.3125
0.7110, 0.3125
0.7153, 0.3125
0.7153, 0.3125
0.7153, 0.3125
0.7153, 0.3125
0.7153, 0.3125
0.7153, 0.3125
0.7153, 0.3125
0.7153, 0.3125
0.7153, 0.3125
0.7153, 0.3125
0.7195, 0.3125
0.7195, 0.3125
0.7195, 0.3125
0.7237, 0.3151
0.7237, 0.3151
0.7237, 0.3151
0.7237, 0.3151
0.7237, 0.3151
0.7237, 0.3151
0.7279, 0.3151
0.7279, 0.3151
0.7279, 0.3151
0.7279, 0.3151
0.7279, 0.3151
0.7279, 0.3151
0.7279, 0.3151
0.7279, 0.3151
0.7279, 0.3151
0.7279, 0.3151
0.7322, 0.3151
0.7322, 0.3151
0.7322, 0.3151
0.7364, 0.3151
0.7364, 0.3151
0.7364, 0.3151
0.7364, 0.3151
0.7364, 0.3151
0.7364, 0.3151
0.7364, 0.3151
0.7364, 0.3151
0.7364, 0.3151
0.7364, 0.3151
0.7364, 0.3151
0.7364, 0.3151
0.7364, 0.3151
0.7364, 0.3151
0.7364, 0.3151
0.7364, 0.3151
0.7406, 0.3151
0.7406, 0.3151
0.7406, 0.3151
0.7406, 0.3151
0.7406, 0.3151
0.7406, 0.3151
0.7406, 0.3151
0.7448, 0.3177
0.7448, 0.3177
0.7448, 0.3177
0.7448, 0.3177
0.7448, 0.3177
0.7448, 0.3177
0.7491, 0.3177
0.7491, 0.3177
0.7491, 0.3177
0.7491, 0.3177
0.7491, 0.3177
0.7491, 0.3177
0.7491, 0.3177
0.7491, 0.3177
0.7491, 0.3177
0.7533, 0.3177
0.7533, 0.3177
0.7533, 0.3177
0.7575, 0.3177
0.7575, 0.3177
0.7575, 0.3177
0.7575, 0.3177
0.7575, 0.3177
0.7575, 0.3177
0.7575, 0.3177
0.7575, 0.3177
0.7575, 0.3177
0.7575, 0.3177
0.7617, 0.3177
0.7617, 0.3177
0.7617, 0.3177
0.7660, 0.3177
0.7660, 0.3177
0.7660, 0.3177
0.7702, 0.3203
0.7702, 0.3203
0.7702, 0.3203
0.7702, 0.3203
0.7702, 0.3203
0.7702, 0.3203
0.7702, 0.3203
0.7702, 0.3203
0.7702, 0.3203
0.7702, 0.3203
0.7702, 0.3203
0.7702, 0.3203
0.7702, 0.3203
0.7702, 0.3203
0.7744, 0.3203
0.7744, 0.3203
0.7744, 0.3203
0.7744, 0.3203
0.7744, 0.3203
0.7744, 0.3203
0.7786, 0.3203
0.7786, 0.3203
0.7786, 0.3203
0.7786, 0.3203
0.7786, 0.3203
0.7786, 0.3203
0.7786, 0.3203
0.7786, 0.3203
0.7786, 0.3203
0.7786, 0.3203
0.7829, 0.3203
0.7829, 0.3203
0.7829, 0.3203
0.7871, 0.3203
0.7871, 0.3203
0.7871, 0.3203
0.7871, 0.3203
0.7871, 0.3203
0.7871, 0.3203
0.7871, 0.3203
0.7871, 0.3203
0.7871, 0.3203
0.7871, 0.3203
0.7913, 0.3203
0.7913, 0.3203
0.7913, 0.3203
0.7955, 0.3203
0.7955, 0.3203
0.7955, 0.3203
0.7998, 0.3203
0.7998, 0.3203
0.7998, 0.3203
0.7998, 0.3203
0.7998, 0.3203
0.7998, 0.3203
0.7998, 0.3203
0.8040, 0.3203
0.8040, 0.3203
0.8040, 0.3203
0.8040, 0.3203
0.8040, 0.3203
0.8040, 0.3203
0.8081, 0.3203
0.8081, 0.3203
0.8081, 0.3203
0.8081, 0.3203
0.8081, 0.3203
0.8081, 0.3203
0.8123, 0.3203
0.8123, 0.3203
0.8123, 0.3203
0.8166, 0.3203
0.8166, 0.3203
0.8166, 0.3203
0.8166, 0.3203
0.8166, 0.3203
0.8166, 0.3203
0.8166, 0.3203
0.8208, 0.3203
0.8208, 0.3203
0.8208, 0.3203
0.8208, 0.3203
0.8208, 0.3203
0.8208, 0.3203
0.8250, 0.3203
0.8250, 0.3203
0.8250, 0.3203
0.8292, 0.3203
0.8292, 0.3203
0.8292, 0.3203
0.8292, 0.3203
0.8292, 0.3203
0.8292, 0.3203
0.8292, 0.3203
0.8292, 0.3203
0.8292, 0.3203
0.8335, 0.3203
0.8335, 0.3203
0.8335, 0.3203
0.8335, 0.3203
0.8335, 0.3203
0.8335, 0.3203
0.8335, 0.3203
0.8377, 0.3203
0.8377, 0.3203
0.8377, 0.3203
0.8419, 0.3203
0.8419, 0.3203
0.8419, 0.3203
0.8419, 0.3203
0.8419, 0.3203
0.8419, 0.3203
0.8461, 0.3203
0.8461, 0.3203
0.8461, 0.3203
0.8504, 0.3203
0.8504, 0.3203
0.8504, 0.3203
0.8504, 0.3203
0.8504, 0.3203
0.8504, 0.3203
0.8546, 0.3203
0.8546, 0.3203
0.8546, 0.3203
0.8546, 0.3203
0.8546, 0.3203
0.8546, 0.3203
0.8588, 0.3203
0.8588, 0.3203
0.8588, 0.3203
0.8588, 0.3203
0.8588, 0.3203
0.8588, 0.3203
0.8588, 0.3203
0.8630, 0.3203
0.8630, 0.3203
0.8630, 0.3203
0.8630, 0.3203
0.8630, 0.3203
0.8630, 0.3203
0.8630, 0.3203
0.8630, 0.3203
0.8630, 0.3203
0.8673, 0.3203
0.8673, 0.3203
0.8673, 0.3203
0.8673, 0.3203
0.8673, 0.3203
0.8673, 0.3203
0.8715, 0.3203
0.8715, 0.3203
0.8715, 0.3203
0.8715, 0.3203
0.8715, 0.3203
0.8715, 0.3203
0.8757, 0.3203
0.8757, 0.3203
0.8757, 0.3203
0.8757, 0.3203
0.8757, 0.3203
0.8757, 0.3203
0.8799, 0.3203
0.8799, 0.3203
0.8799, 0.3203
0.8842, 0.3203
0.8842, 0.3203
0.8842, 0.3203
0.8842, 0.3203
0.8842, 0.3203
0.8842, 0.3203
0.8884, 0.3203
0.8884, 0.3203
0.8884, 0.3203
0.8926, 0.3203
0.8926, 0.3203
0.8926, 0.3203
0.8926, 0.3203
0.8926, 0.3203
0.8926, 0.3203
0.8968, 0.3203
0.8968, 0.3203
0.8968, 0.3203
0.9053, 0.3177
0.9053, 0.3177
0.9053, 0.3177
0.9053, 0.3177
0.9053, 0.3177
0.9053, 0.3177
0.9137, 0.3151
0.9137, 0.3151
0.9137, 0.3151
0.9180, 0.3151
0.9180, 0.3151
0.9180, 0.3151
0.9222, 0.3151
0.9222, 0.3151
0.9222, 0.3151
0.9264, 0.3151
0.9264, 0.3151
0.9264, 0.3151
0.9306, 0.3151
0.9306, 0.3151
0.9306, 0.3151
0.9306, 0.3125
0.9306, 0.3125
0.9306, 0.3125
0.9390, 0.3125
0.9390, 0.3125
0.9390, 0.3125
0.9432, 0.3125
0.9432, 0.3125
0.9432, 0.3125
0.9432, 0.3099
0.9432, 0.3099
0.9432, 0.3099
0.9474, 0.3099
0.9474, 0.3099
0.9474, 0.3099
0.9517, 0.3099
0.9517, 0.3099
0.9559, 0.3099
0.9559, 0.3099
0.9559, 0.3099
0.9601, 0.3073
0.9601, 0.3073
0.9601, 0.3073
0.9643, 0.3073
0.9643, 0.3073
0.9643, 0.3073
0.9643, 0.3073
0.9643, 0.3073
0.9643, 0.3073
0.9686, 0.3047
0.9686, 0.3047
0.9686, 0.3047
0.9686, 0.3047
0.9686, 0.3047
0.9686, 0.3047
0.9686, 0.3047
0.9686, 0.3047
0.9686, 0.3047
0.9686, 0.3047
0.9686, 0.3047
0.9686, 0.3047
0.9686, 0.3047
0.9686, 0.3047
0.9686, 0.3047
0.9686, 0.3047
0.9686, 0.3047
0.9686, 0.3047
0.9686, 0.3047
0.9686, 0.3047
0.9686, 0.3047
0.9686, 0.3047
0.9686, 0.3047
0.9686, 0.3047
0.9686, 0.3047
0.9686, 0.3047
0.9686, 0.3047
0.9686, 0.3047
0.9686, 0.3047
0.9686, 0.3047
0.9686, 0.3047
0.9686, 0.3047
0.9686, 0.3047
0.9686, 0.3047
0.9686, 0.3047
0.9686, 0.3047
0.9686, 0.3047
0.9686, 0.3047
0.9686, 0.3047
0.9686, 0.3047
0.9686, 0.3047
0.9686, 0.3047
0.9686, 0.3047
0.9686, 0.3047
0.9686, 0.3047
0.9686, 0.3021
0.9686, 0.3021
0.9686, 0.3021

0.1158, 0.0443
0.1158, 0.0443
0.1158, 0.0443
0.1158, 0.0443
0.1158, 0.0443
0.1158, 0.0443
0.1158, 0.0443
0.1158, 0.0443
0.1201, 0.0443
0.1201, 0.0443
0.1201, 0.0443
0.1201, 0.0443
0.1201, 0.0443
0.1201, 0.0443
0.1201, 0.0443
0.1201, 0.0443
0.1201, 0.0443
0.1201, 0.0443
0.1201, 0.0443
0.1201, 0.0443
0.1201, 0.0443
0.1201, 0.0443
0.1201, 0.0443
0.1201, 0.0443
0.1201, 0.0443
0.1201, 0.0443
0.1201, 0.0443
0.1201, 0.0443
0.1201, 0.0443
0.1201, 0.0443
0.1243, 0.0443
0.1243, 0.0443
0.1243, 0.0443
0.1243, 0.0443
0.1243, 0.0443
0.1243, 0.0443
0.1243, 0.0443
0.1243, 0.0443
0.1243, 0.0443
0.1243, 0.0443
0.1243, 0.0443
0.1243, 0.0443
0.1243, 0.0443
0.1243, 0.0443
0.1243, 0.0443
0.1243, 0.0443
0.1243, 0.0443
0.1243, 0.0443
0.1243, 0.0443
0.1243, 0.0443
0.1243, 0.0443
0.1243, 0.0443
0.1243, 0.0443
0.1243, 0.0443
0.1243, 0.0443
0.1243, 0.0443
0.1243, 0.0443
0.1285, 0.0443
0.1285, 0.0443
0.1285, 0.0443
0.1285, 0.0443
0.1285, 0.0443
0.1285, 0.0443
0.1285, 0.0443
0.1285, 0.0443
0.1285, 0.0443
0.1327, 0.0443
0.1327, 0.0443
0.1327, 0.0443
0.1327, 0.0443
0.1327, 0.0417
0.1327, 0.0417
0.1327, 0.0417
0.1327, 0.0417
0.1327, 0.0417
0.1327, 0.0417
0.1327, 0.0417
0.1327, 0.0417
0.1370, 0.0391
0.1370, 0.0391
0.1370, 0.0391
0.1370, 0.0391
0.1412, 0.0391
0.1412, 0.0391
0.1412, 0.0391
0.1412, 0.0391
0.1412, 0.0391
0.1412, 0.0391
0.1412, 0.0391
0.1412, 0.0391
0.1454, 0.0391
0.1454, 0.0391
0.1454, 0.0391
0.1454, 0.0391
0.1454, 0.0391
0.1454, 0.0391
0.1454, 0.0391
0.1454, 0.0391
0.1454, 0.0365
0.1454, 0.0365
0.1454, 0.0365
0.1454, 0.0365
0.1496, 0.0365
0.1496, 0.0365
0.1496, 0.0365
0.1496, 0.0365
0.1496, 0.0339
0.1496, 0.0339
0.1496, 0.0339
0.1496, 0.0339
0.1539, 0.0339
0.1539, 0.0339
0.1539, 0.0339
0.1539, 0.0339
0.1539, 0.0339
0.1539, 0.0339
0.1539, 0.0339
0.1539, 0.0339
0.1539, 0.0339
0.1539, 0.0339
0.1539, 0.0339
0.1539, 0.0339
0.1539, 0.0339
0.1539, 0.0339
0.1539, 0.0339
0.1539, 0.0339
0.1539, 0.0339
0.1581, 0.0313
0.1581, 0.0313
0.1581, 0.0313
0.1581, 0.0313
0.1623, 0.0313
0.1623, 0.0313
0.1623, 0.0313
0.1623, 0.0286
0.1623, 0.0286
0.1623, 0.0286
0.1665, 0.0286
0.1665, 0.0286
0.1665, 0.0286
0.1665, 0.0286
0.1665, 0.0286
0.1665, 0.0260
0.1665, 0.0260
0.1665, 0.0260
0.1665, 0.0260
0.1665, 0.0260
0.1665, 0.0260
0.1665, 0.0260
0.1665, 0.0260
0.1665, 0.0260
0.1665, 0.0260
0.1665, 0.0260
0.1665, 0.0260
0.1665, 0.0260
0.1665, 0.0260
0.1665, 0.0260
0.1665, 0.0260
0.1665, 0.0260
0.1708, 0.0260
0.1708, 0.0260
0.1708, 0.0260
0.1708, 0.0260
0.1708, 0.0260
0.1708, 0.0260
0.1708, 0.0260
0.1708, 0.0260
0.1750, 0.0260
0.1750, 0.0260
0.1750, 0.0260
0.1750, 0.0260
0.1750, 0.0234
0.1750, 0.0234
0.1750, 0.0234
0.1750, 0.0234
0.1750, 0.0234
0.1750, 0.0234
0.1750, 0.0234
0.1750, 0.0234
0.1750, 0.0234
0.1750, 0.0234
0.1750, 0.0234
0.1750, 0.0234
0.1750, 0.0234
0.1792, 0.0208
0.1792, 0.0208
0.1792, 0.0208
0.1792, 0.0208
0.1792, 0.0208
0.1792, 0.0208
0.1792, 0.0208
0.1792, 0.0208
0.1834, 0.0208
0.1834, 0.0208
0.1834, 0.0208
0.1834, 0.0208
0.1834, 0.0208
0.1834, 0.0208
0.1834, 0.0208
0.1834, 0.0208
0.1877, 0.0208
0.1877, 0.0208
0.1877, 0.0208
0.1877, 0.0208
0.1877, 0.0208
0.1877, 0.0208
0.1877, 0.0208
0.1877, 0.0208
0.1877, 0.0208
0.1877, 0.0182
0.1877, 0.0182
0.1877, 0.0182
0.1877, 0.0182
0.1877, 0.0182
0.1877, 0.0182
0.1877, 0.0182
0.1877, 0.0182
0.1919, 0.0182
0.1919, 0.0182
0.1919, 0.0182
0.1919, 0.0182
0.1919, 0.0182
0.1919, 0.0182
0.1919, 0.0182
0.1919, 0.0182
0.1919, 0.0182
0.1960, 0.0156
0.1960, 0.0156
0.1960, 0.0156
0.1960, 0.0156
0.1960, 0.0156
0.1960, 0.0156
0.1960, 0.0156
0.1960, 0.0156
0.1960, 0.0130
0.1960, 0.0130
0.1960, 0.0130
0.1960, 0.0130
0.2002, 0.0130
0.2002, 0.0130
0.2002, 0.0130
0.2002, 0.0130
0.2002, 0.0130
0.2002, 0.0130
0.2002, 0.0130
0.2002, 0.0130
0.2045, 0.0130
0.2045, 0.0130
0.2045, 0.0130
0.2045, 0.0130
0.2045, 0.0130
0.2045, 0.0130
0.2045, 0.0130
0.2045, 0.0130
0.2087, 0.0130
0.2087, 0.0130
0.2087, 0.0130
0.2087, 0.0130
0.2087, 0.0130
0.2087, 0.0130
0.2087, 0.0130
0.2087, 0.0130
0.2087, 0.0130
0.2087, 0.0130
0.2087, 0.0130
0.2087, 0.0130
0.2087, 0.0130
0.2129, 0.0104
0.2129, 0.0104
0.2129, 0.0104
0.2129, 0.0104
0.2129, 0.0104
0.2129, 0.0104
0.2129, 0.0104
0.2129, 0.0104
0.2129, 0.0104
0.2171, 0.0104
0.2171, 0.0104
0.2171, 0.0104
0.2171, 0.0104
0.2171, 0.0104
0.2171, 0.0104
0.2171, 0.0104
0.2171, 0.0104
0.2171, 0.0078
0.2171, 0.0078
0.2171, 0.0078
0.2171, 0.0078
0.2171, 0.0078
0.2171, 0.0078
0.2171, 0.0078
0.2171, 0.0078
0.2214, 0.0078
0.2214, 0.0078
0.2214, 0.0078
0.2214, 0.0078
0.2214, 0.0078
0.2214, 0.0078
0.2214, 0.0078
0.2214, 0.0078
0.2256, 0.0078
0.2256, 0.0078
0.2256, 0.0078
0.2256, 0.0078
0.2256, 0.0078
0.2256, 0.0078
0.2256, 0.0078
0.2256, 0.0078
0.2298, 0.0078
0.2298, 0.0078
0.2298, 0.0078
0.2298, 0.0078
0.2298, 0.0078
0.2298, 0.0078
0.2298, 0.0078
0.2298, 0.0078
0.2298, 0.0078
0.2298, 0.0078
0.2298, 0.0078
0.2298, 0.0078
0.2340, 0.0078
0.2340, 0.0078
0.2340, 0.0078
0.2340, 0.0078
0.2340, 0.0078
0.2340, 0.0078
0.2340, 0.0078
0.2340, 0.0078
0.2383, 0.0052
0.2383, 0.0052
0.2383, 0.0052
0.2383, 0.0052
0.2383, 0.0052
0.2383, 0.0052
0.2383, 0.0052
0.2383, 0.0052
0.2383, 0.0052
0.2383, 0.0052
0.2383, 0.0052
0.2383, 0.0052
0.2383, 0.0052
0.2383, 0.0052
0.2383, 0.0052
0.2383, 0.0052
0.2383, 0.0052
0.2425, 0.0052
0.2425, 0.0052
0.2425, 0.0052
0.2425, 0.0052
0.2425, 0.0052
0.2425, 0.0052
0.2425, 0.0052
0.2425, 0.0052
0.2467, 0.0052
0.2467, 0.0052
0.2467, 0.0052
0.2467, 0.0052
0.2467, 0.0052
0.2467, 0.0052
0.2467, 0.0052
0.2467, 0.0052
0.2467, 0.0052
0.2467, 0.0052
0.2467, 0.0052
0.2467, 0.0052
0.2467, 0.0052
0.2467, 0.0052
0.2467, 0.0052
0.2467, 0.0052
0.2509, 0.0052
0.2509, 0.0052
0.2509, 0.0052
0.2509, 0.0052
0.2509, 0.0026
0.2509, 0.0026
0.2509, 0.0026
0.2509, 0.0026
0.2552, 0.0026
0.2552, 0.0026
0.2552, 0.0026
0.2552, 0.0026
0.2552, 0.0026
0.2552, 0.0026
0.2552, 0.0026
0.2552, 0.0026
0.2594, 0.0026
0.2594, 0.0026
0.2594, 0.0026
0.2594, 0.0026
0.2594, 0.0026
0.2594, 0.0026
0.2594, 0.0026
0.2594, 0.0026
0.2594, 0.0026
0.2594, 0.0026
0.2594, 0.0026
0.2594, 0.0026
0.2636, 0.0026
0.2636, 0.0026
0.2636, 0.0026
0.2636, 0.0026
0.2678, 0.0026
0.2678, 0.0026
0.2678, 0.0026
0.2678, 0.0026
0.2678, 0.0026
0.2678, 0.0026
0.2678, 0.0026
0.2678, 0.0026
0.2678, 0.0026
0.2678, 0.0026
0.2678, 0.0026
0.2678, 0.0026
0.2721, 0.0026
0.2721, 0.0026
0.2721, 0.0026
0.2721, 0.0026
0.2721, 0.0026
0.2721, 0.0026
0.2721, 0.0026
0.2721, 0.0026
0.2763, 0.0026
0.2763, 0.0026
0.2763, 0.0026
0.2763, 0.0000
0.2763, 0.0000
0.2763, 0.0000
0.2763, 0.0000
0.2805, 0.0000
0.2805, 0.0000
0.2805, 0.0000
0.2805, 0.0000
0.2805, 0.0000
0.2805, 0.0000
0.2805, 0.0000
0.2805, 0.0000
0.2805, 0.0000
0.2805, 0.0000
0.2805, 0.0000
0.2805, 0.0000
0.2805, 0.0000
0.2805, 0.0000
0.2805, 0.0000
0.2847, 0.0000
0.2847, 0.0000
0.2847, 0.0000
0.2847, 0.0000
0.2890, 0.0000
0.2890, 0.0000
0.2890, 0.0000
0.2890, 0.0000
0.2890, 0.0000
0.2890, 0.0000
0.2890, 0.0000
0.2890, 0.0000
0.2890, 0.0000
0.2890, 0.0000
0.2890, 0.0000
0.2890, 0.0000
0.2932, 0.0000
0.2932, 0.0000
0.2932, 0.0000
0.2932, 0.0000
0.2932, 0.0000
0.2932, 0.0000
0.2932, 0.0000
0.2932, 0.0000
0.2974, 0.0000
0.2974, 0.0000
0.2974, 0.0000
0.2974, 0.0000
0.2974, 0.0000
0.2974, 0.0000
0.2974, 0.0000
0.2974, 0.0000
0.2974, 0.0000
0.2974, 0.0000
0.2974, 0.0000
0.2974, 0.0000
0.2974, 0.0000
0.3016, 0.0000
0.3016, 0.0000
0.3016, 0.0000
0.3016, 0.0000
0.3016, 0.0000
0.3016, 0.0000
0.3016, 0.0000
0.3016, 0.0000
0.3016, 0.0000
0.3016, 0.0000
0.3016, 0.0000
0.3016, 0.0000
0.3016, 0.0000
0.3016, 0.0000
0.3016, 0.0000
0.3016, 0.0000
0.3016, 0.0000
0.3016, 0.0000
0.3016, 0.0000
0.3059, 0.0000
0.3059, 0.0000
0.3059, 0.0000
0.3059, 0.0000
0.3059, 0.0000
0.3059, 0.0000
0.3059, 0.0000
0.3059, 0.0000
0.3101, 0.0000
0.3101, 0.0000
0.3101, 0.0000
0.3101, 0.0000
0.3101, 0.0000
0.3101, 0.0000
0.3101, 0.0000
0.3143, 0.0000
0.3143, 0.0000
0.3143, 0.0000
0.3143, 0.0000
0.3184, 0.0000
0.3184, 0.0000
0.3184, 0.0000
0.3184, 0.0000
0.3184, 0.0000
0.3184, 0.0000
0.3184, 0.0000
0.3184, 0.0000
0.3227, 0.0000
0.3227, 0.0000
0.3227, 0.0000
0.3227, 0.0000
0.3227, 0.0000
0.3227, 0.0000
0.3227, 0.0000
0.3269, 0.0000
0.3269, 0.0000
0.3269, 0.0000
0.3269, 0.0000
0.3269, 0.0000
0.3269, 0.0000
0.3269, 0.0000
0.3311, 0.0000
0.3311, 0.0000
0.3311, 0.0000
0.3311, 0.0000
0.3311, 0.0000
0.3311, 0.0000
0.3311, 0.0000
0.3311, 0.0000
0.3311, 0.0000
0.3311, 0.0000
0.3311, 0.0000
0.3353, 0.0000
0.3353, 0.0000
0.3353, 0.0000
0.3353, 0.0000
0.3396, 0.0000
0.3396, 0.0000
0.3396, 0.0000
0.3396, 0.0000
0.3438, 0.0000
0.3438, 0.0000
0.3438, 0.0000
0.3438, 0.0000
0.3438, 0.0000
0.3438, 0.0000
0.3438, 0.0000
0.3438, 0.0000
0.3438, 0.0000
0.3438, 0.0000
0.3438, 0.0000
0.3438, 0.0000
0.3438, 0.0000
0.3438, 0.0000
0.3438, 0.0000
0.3480, 0.0000
0.3480, 0.0000
0.3480, 0.0000
0.3480, 0.0000
0.3522, 0.0000
0.3522, 0.0000
0.3522, 0.0000
0.3522, 0.0000
0.3522, 0.0000
0.3522, 0.0000
0.3522, 0.0000
0.3522, 0.0000
0.3522, 0.0000
0.3522, 0.0000
0.3522, 0.0000
0.3522, 0.0000
0.3522, 0.0000
0.3522, 0.0000
0.3522, 0.0000
0.3565, 0.0000
0.3565, 0.0000
0.3565, 0.0000
0.3607, 0.0000
0.3607, 0.0000
0.3607, 0.0000
0.3607, 0.0000
0.3607, 0.0000
0.3607, 0.0000
0.3607, 0.0000
0.3607, 0.0000
0.3649, 0.0026
0.3649, 0.0026
0.3649, 0.0026
0.3649, 0.0026
0.3649, 0.0026
0.3649, 0.0026
0.3649, 0.0026
0.3649, 0.0026
0.3649, 0.0026
0.3649, 0.0026
0.3649, 0.0026
0.3649, 0.0026
0.3691, 0.0026
0.3691, 0.0026
0.3691, 0.0026
0.3734, 0.0026
0.3734, 0.0026
0.3734, 0.0026
0.3734, 0.0026
0.3734, 0.0052
0.3734, 0.0052
0.3734, 0.0052
0.3734, 0.0052
0.3734, 0.0052
0.3734, 0.0052
0.3734, 0.0052
0.3776, 0.0052
0.3776, 0.0052
0.3776, 0.0052
0.3818, 0.0052
0.3818, 0.0052
0.3818, 0.0052
0.3818, 0.0052
0.3818, 0.0052
0.3818, 0.0052
0.3818, 0.0052
0.3818, 0.0052
0.3818, 0.0052
0.3818, 0.0052
0.3818, 0.0052
0.3818, 0.0052
0.3818, 0.0052
0.3818, 0.0052
0.3818, 0.0052
0.3818, 0.0052
0.3818, 0.0052
0.3818, 0.0052
0.3818, 0.0052
0.3860, 0.0052
0.3860, 0.0052
0.3860, 0.0052
0.3903, 0.0052
0.3903, 0.0052
0.3903, 0.0052
0.3903, 0.0052
0.3903, 0.0052
0.3903, 0.0052
0.3903, 0.0052
0.3903, 0.0052
0.3945, 0.0052
0.3945, 0.0052
0.3945, 0.0052
0.3945, 0.0078
0.3945, 0.0078
0.3945, 0.0078
0.3945, 0.0078
0.3945, 0.0078
0.3945, 0.0078
0.3945, 0.0078
0.3945, 0.0078
0.3987, 0.0078
0.3987, 0.0078
0.3987, 0.0078
0.4029, 0.0078
0.4029, 0.0078
0.4029, 0.0078
0.4029, 0.0078
0.4029, 0.0078
0.4029, 0.0078
0.4029, 0.0078
0.4029, 0.0104
0.4029, 0.0104
0.4029, 0.0104
0.4029, 0.0104
0.4029, 0.0104
0.4029, 0.0104
0.4029, 0.0104
0.4029, 0.0104
0.4072, 0.0104
0.4072, 0.0104
0.4072, 0.0104
0.4072, 0.0104
0.4072, 0.0104
0.4072, 0.0104
0.4072, 0.0104
0.4114, 0.0104
0.4114, 0.0104
0.4114, 0.0104
0.4114, 0.0104
0.4114, 0.0104
0.4114, 0.0104
0.4114, 0.0104
0.4114, 0.0104
0.4156, 0.0104
0.4156, 0.0104
0.4156, 0.0104
0.4156, 0.0104
0.4156, 0.0104
0.4156, 0.0104
0.4156, 0.0104
0.4156, 0.0104
0.4156, 0.0104
0.4156, 0.0104
0.4156, 0.0104
0.4198, 0.0104
0.4198, 0.0104
0.4198, 0.0104
0.4241, 0.0104
0.4241, 0.0104
0.4241, 0.0104
0.4241, 0.0104
0.4241, 0.0104
0.4241, 0.0104
0.4241, 0.0104
0.4241, 0.0130
0.4241, 0.0130
0.4241, 0.0130
0.4241, 0.0130
0.4241, 0.0130
0.4241, 0.0130
0.4241, 0.0130
0.4283, 0.0130
0.4283, 0.0130
0.4283, 0.0130
0.4283, 0.0130
0.4283, 0.0130
0.4283, 0.0130
0.4283, 0.0130
0.4283, 0.0130
0.4283, 0.0130
0.4283, 0.0130
0.4283, 0.0130
0.4283, 0.0130
0.4325, 0.0130
0.4325, 0.0130
0.4325, 0.0130
0.4325, 0.0130
0.4325, 0.0130
0.4325, 0.0130
0.4325, 0.0130
0.4367, 0.0156
0.4367, 0.0156
0.4367, 0.0156
0.4367, 0.0156
0.4367, 0.0156
0.4367, 0.0156
0.4367, 0.0156
0.4409, 0.0156
0.4409, 0.0156
0.4409, 0.0156
0.4451, 0.0182
0.4451, 0.0182
0.4451, 0.0182
0.4451, 0.0182
0.4451, 0.0182
0.4451, 0.0182
0.4451, 0.0182
0.4451, 0.0182
0.4451, 0.0182
0.4451, 0.0182
0.4451, 0.0182
0.4493, 0.0182
0.4493, 0.0182
0.4493, 0.0182
0.4535, 0.0182
0.4535, 0.0182
0.4535, 0.0182
0.4578, 0.0182
0.4578, 0.0182
0.4578, 0.0182
0.4578, 0.0182
0.4578, 0.0182
0.4578, 0.0182
0.4578, 0.0182
0.4578, 0.0182
0.4578, 0.0182
0.4578, 0.0182
0.4578, 0.0182
0.4578, 0.0182
0.4578, 0.0208
0.4578, 0.0208
0.4578, 0.0208
0.4620, 0.0208
0.4620, 0.0208
0.4620, 0.0208
0.4662, 0.0208
0.4662, 0.0208
0.4662, 0.0208
0.4662, 0.0208
0.4662, 0.0208
0.4662, 0.0234
0.4662, 0.0234
0.4662, 0.0234
0.4662, 0.0234
0.4662, 0.0234
0.4662, 0.0234
0.4704, 0.0234
0.4704, 0.0234
0.4704, 0.0234
0.4704, 0.0234
0.4704, 0.0234
0.4747, 0.0234
0.4747, 0.0234
0.4747, 0.0234
0.4747, 0.0234
0.4747, 0.0234
0.4789, 0.0234
0.4789, 0.0234
0.4789, 0.0234
0.4789, 0.0234
0.4789, 0.0234
0.4789, 0.0234
0.4789, 0.0260
0.4789, 0.0260
0.4789, 0.0260
0.4831, 0.0260
0.4831, 0.0260
0.4831, 0.0260
0.4831, 0.0260
0.4831, 0.0260
0.4873, 0.0260
0.4873, 0.0260
0.4873, 0.0260
0.4873, 0.0286
0.4873, 0.0286
0.4873, 0.0286
0.4873, 0.0286
0.4873, 0.0286
0.4916, 0.0286
0.4916, 0.0286
0.4916, 0.0286
0.4958, 0.0286
0.4958, 0.0286
0.5000, 0.0313
0.5000, 0.0313
0.5000, 0.0313
0.5000, 0.0313
0.5000, 0.0313
0.5000, 0.0313
0.5000, 0.0313
0.5000, 0.0313
0.5000, 0.0313
0.5042, 0.0313
0.5042, 0.0313
0.5084, 0.0313
0.5084, 0.0313
0.5084, 0.0313
0.5084, 0.0313
0.5084, 0.0313
0.5084, 0.0313
0.5084, 0.0313
0.5084, 0.0313
0.5084, 0.0313
0.5127, 0.0313
0.5127, 0.0313
0.5127, 0.0339
0.5127, 0.0339
0.5127, 0.0339
0.5169, 0.0339
0.5169, 0.0339
0.5169, 0.0339
0.5169, 0.0339
0.5169, 0.0339
0.5169, 0.0339
0.5169, 0.0339
0.5169, 0.0339
0.5211, 0.0339
0.5211, 0.0339
0.5211, 0.0339
0.5253, 0.0365
0.5253, 0.0365
0.5253, 0.0365
0.5253, 0.0365
0.5253, 0.0365
0.5253, 0.0365
0.5296, 0.0365
0.5296, 0.0365
0.5296, 0.0365
0.5296, 0.0365
0.5296, 0.0365
0.5296, 0.0365
0.5296, 0.0365
0.5296, 0.0365
0.5338, 0.0365
0.5338, 0.0365
0.5338, 0.0391
0.5338, 0.0391
0.5338, 0.0391
0.5380, 0.0391
0.5380, 0.0391
0.5380, 0.0391
0.5380, 0.0391
0.5380, 0.0391
0.5380, 0.0417
0.5380, 0.0417
0.5380, 0.0417
0.5422, 0.0417
0.5422, 0.0417
0.5422, 0.0417
0.5422, 0.0417
0.5422, 0.0417
0.5465, 0.0417
0.5465, 0.0417
0.5465, 0.0417
0.5507, 0.0443
0.5507, 0.0443
0.5507, 0.0443
0.5507, 0.0443
0.5507, 0.0443
0.5507, 0.0443
0.5507, 0.0443
0.5507, 0.0443
0.5507, 0.0443
0.5507, 0.0443
0.5507, 0.0443
0.5549, 0.0443
0.5549, 0.0443
0.5549, 0.0443
0.5591, 0.0469
0.5591, 0.0469
0.5591, 0.0469
0.5591, 0.0469
0.5591, 0.0469
0.5633, 0.0469
0.5633, 0.0469
0.5633, 0.0469
0.5633, 0.0495
0.5633, 0.0495
0.5675, 0.0495
0.5675, 0.0495
0.5675, 0.0495
0.5717, 0.0495
0.5717, 0.0495
0.5717, 0.0495
0.5717, 0.0495
0.5717, 0.0495
0.5717, 0.0495
0.5717, 0.0495
0.5717, 0.0495
0.5717, 0.0495
0.5717, 0.0495
0.5717, 0.0495
0.5759, 0.0521
0.5759, 0.0521
0.5759, 0.0521
0.5759, 0.0521
0.5759, 0.0521
0.5802, 0.0521
0.5802, 0.0521
0.5802, 0.0521
0.5802, 0.0547
0.5802, 0.0547
0.5802, 0.0547
0.5844, 0.0547
0.5844, 0.0547
0.5844, 0.0547
0.5844, 0.0547
0.5844, 0.0547
0.5886, 0.0547
0.5886, 0.0547
0.5886, 0.0547
0.5928, 0.0547
0.5928, 0.0547
0.5928, 0.0573
0.5928, 0.0573
0.5928, 0.0573
0.5971, 0.0573
0.5971, 0.0573
0.6013, 0.0573
0.6013, 0.0573
0.6013, 0.0573
0.6013, 0.0573
0.6013, 0.0573
0.6013, 0.0573
0.6013, 0.0573
0.6013, 0.0573
0.6013, 0.0599
0.6013, 0.0599
0.6013, 0.0599
0.6055, 0.0599
0.6055, 0.0599
0.6055, 0.0599
0.6055, 0.0599
0.6055, 0.0599
0.6097, 0.0599
0.6097, 0.0599
0.6097, 0.0625
0.6097, 0.0625
0.6097, 0.0625
0.6140, 0.0625
0.6140, 0.0625
0.6140, 0.0625
0.6140, 0.0625
0.6182, 0.0625
0.6182, 0.0625
0.6182, 0.0625
0.6182, 0.0625
0.6182, 0.0625
0.6224, 0.0651
0.6224, 0.0651
0.6224, 0.0651
0.6224, 0.0651
0.6224, 0.0651
0.6266, 0.0651
0.6266, 0.0651
0.6266, 0.0651
0.6266, 0.0677
0.6266, 0.0677
0.6266, 0.0677
0.6309, 0.0677
0.6309, 0.0677
0.6351, 0.0677
0.6351, 0.0677
0.6351, 0.0677
0.6351, 0.0677
0.6351, 0.0677
0.6351, 0.0677
0.6351, 0.0677
0.6351, 0.0677
0.6393, 0.0677
0.6393, 0.0677
0.6393, 0.0677
0.6435, 0.0677
0.6435, 0.0677
0.6435, 0.0703
0.6435, 0.0703
0.6435, 0.0703
0.6435, 0.0703
0.6435, 0.0703
0.6435, 0.0703
0.6478, 0.0703
0.6478, 0.0703
0.6478, 0.0703
0.6478, 0.0703
0.6478, 0.0703
0.6520, 0.0703
0.6520, 0.0703
0.6520, 0.0729
0.6520, 0.0729
0.6520, 0.0729
0.6520, 0.0729
0.6520, 0.0729
0.6520, 0.0729
0.6562, 0.0729
0.6562, 0.0729
0.6562, 0.0729
0.6562, 0.0729
0.6562, 0.0729
0.6604, 0.0755
0.6604, 0.0755
0.6604, 0.0755
0.6647, 0.0755
0.6647, 0.0755
0.6647, 0.0755
0.6647, 0.0755
0.6647, 0.0755
0.6689, 0.0755
0.6689, 0.0755
0.6689, 0.0755
0.6731, 0.0755
0.6731, 0.0755
0.6731, 0.0755
0.6731, 0.0755
0.6731, 0.0755
0.6731, 0.0755
0.6731, 0.0755
0.6731, 0.0755
0.6773, 0.0755
0.6773, 0.0755
0.6816, 0.0755
0.6816, 0.0755
0.6816, 0.0755
0.6857, 0.0781
0.6857, 0.0781
0.6857, 0.0781
0.6857, 0.0781
0.6857, 0.0781
0.6857, 0.0781
0.6857, 0.0781
0.6857, 0.0781
0.6899, 0.0781
0.6899, 0.0781
0.6899, 0.0781
0.6941, 0.0781
0.6941, 0.0781
0.6941, 0.0807
0.6941, 0.0807
0.6941, 0.0807
0.7026, 0.0807
0.7026, 0.0807
0.7026, 0.0807
0.7068, 0.0807
0.7068, 0.0807
0.7068, 0.0807
0.7068, 0.0807
0.7068, 0.0807
0.7110, 0.0807
0.7110, 0.0807
0.7153, 0.0807
0.7153, 0.0807
0.7153, 0.0807
0.7153, 0.0807
0.7153, 0.0807
0.7195, 0.0807
0.7195, 0.0807
0.7195, 0.0807
0.7195, 0.0807
0.7195, 0.0807
0.7195, 0.0807
0.7195, 0.0807
0.7195, 0.0807
0.7195, 0.0807
0.7237, 0.0807
0.7237, 0.0807
0.7279, 0.0833
0.7279, 0.0833
0.7279, 0.0833
0.7279, 0.0833
0.7279, 0.0833
0.7279, 0.0833
0.7279, 0.0833
0.7279, 0.0833
0.7322, 0.0833
0.7322, 0.0833
0.7322, 0.0833
0.7322, 0.0833
0.7322, 0.0833
0.7322, 0.0833
0.7364, 0.0859
0.7364, 0.0859
0.7364, 0.0859
0.7406, 0.0859
0.7406, 0.0859
0.7448, 0.0859
0.7491, 0.0859
0.7491, 0.0859
0.7491, 0.0859
0.7533, 0.0885
0.7533, 0.0885
0.7533, 0.0885
0.7575, 0.0885
0.7575, 0.0885
0.7575, 0.0885
0.7575, 0.0885
0.7575, 0.0885
0.7617, 0.0885
0.7617, 0.0885
0.7617, 0.0885
0.7660, 0.0885
0.7660, 0.0885
0.7660, 0.0885
0.7660, 0.0885
0.7660, 0.0885
0.7702, 0.0885
0.7702, 0.0885
0.7702, 0.0885
0.7702, 0.0885
0.7702, 0.0885
0.7702, 0.0885
0.7702, 0.0885
0.7702, 0.0885
0.7744, 0.0885
0.7744, 0.0885
0.7786, 0.0885
0.7786, 0.0885
0.7786, 0.0885
0.7786, 0.0885
0.7786, 0.0885
0.7786, 0.0885
0.7786, 0.0885
0.7786, 0.0885
0.7829, 0.0885
0.7829, 0.0885
0.7871, 0.0885
0.7871, 0.0885
0.7871, 0.0885
0.7871, 0.0885
0.7871, 0.0885
0.7913, 0.0885
0.7913, 0.0885
0.7913, 0.0885
0.7913, 0.0885
0.7913, 0.0885
0.7913, 0.0885
0.7955, 0.0885
0.7955, 0.0885
0.7998, 0.0885
0.7998, 0.0885
0.7998, 0.0911
0.7998, 0.0911
0.7998, 0.0911
0.7998, 0.0911
0.7998, 0.0911
0.7998, 0.0911
0.8040, 0.0911
0.8040, 0.0911
0.8081, 0.0911
0.8081, 0.0911
0.8081, 0.0911
0.8123, 0.0911
0.8123, 0.0911
0.8123, 0.0911
0.8123, 0.0911
0.8123, 0.0911
0.8123, 0.0911
0.8123, 0.0911
0.8123, 0.0911
0.8166, 0.0911
0.8166, 0.0911
0.8208, 0.0911
0.8208, 0.0911
0.8208, 0.0911
0.8208, 0.0911
0.8208, 0.0911
0.8208, 0.0911
0.8208, 0.0911
0.8208, 0.0911
0.8250, 0.0911
0.8250, 0.0911
0.8250, 0.0911
0.8292, 0.0911
0.8292, 0.0911
0.8292, 0.0911
0.8292, 0.0911
0.8292, 0.0911
0.8335, 0.0911
0.8335, 0.0911
0.8335, 0.0911
0.8335, 0.0911
0.8335, 0.0911
0.8335, 0.0911
0.8335, 0.0911
0.8377, 0.0911
0.8377, 0.0911
0.8377, 0.0911
0.8377, 0.0911
0.8377, 0.0911
0.8419, 0.0911
0.8419, 0.0911
0.8419, 0.0911
0.8419, 0.0911
0.8419, 0.0911
0.8461, 0.0911
0.8461, 0.0911
0.8504, 0.0911
0.8504, 0.0911
0.8504, 0.0911
0.8504, 0.0911
0.8504, 0.0911
0.8546, 0.0911
0.8546, 0.0911
0.8546, 0.0911
0.8546, 0.0911
0.8546, 0.0911
0.8588, 0.0911
0.8588, 0.0911
0.8588, 0.0911
0.8630, 0.0911
0.8630, 0.0911
0.8630, 0.0911
0.8630, 0.0911
0.8630, 0.0911
0.8673, 0.0911
0.8673, 0.0911
0.8673, 0.0911
0.8673, 0.0911
0.8673, 0.0911
0.8715, 0.0911
0.8715, 0.0911
0.8715, 0.0911
0.8715, 0.0911
0.8715, 0.0911
0.8715, 0.0911
0.8715, 0.0911
0.8715, 0.0911
0.8757, 0.0911
0.8757, 0.0911
0.8757, 0.0911
0.8799, 0.0911
0.8799, 0.0911
0.8842, 0.0911
0.8842, 0.0911
0.8842, 0.0911
0.8842, 0.0911
0.8842, 0.0911
0.8884, 0.0911
0.8884, 0.0911
0.8884, 0.0911
0.8884, 0.0911
0.8884, 0.0911
0.8926, 0.0911
0.8926, 0.0911
0.8926, 0.0911
0.8926, 0.0911
0.8926, 0.0911
0.8926, 0.0911
0.8926, 0.0911
0.8926, 0.0911
0.8926, 0.0911
0.8926, 0.0911
0.8968, 0.0911
0.8968, 0.0911
0.8968, 0.0911
0.8968, 0.0911
0.8968, 0.0911
0.8968, 0.0911
0.8968, 0.0911
0.9011, 0.0911
0.9011, 0.0911
0.9011, 0.0911
0.9011, 0.0911
0.9053, 0.0911
0.9053, 0.0911
0.9053, 0.0911
0.9053, 0.0911
0.9053, 0.0911
0.9053, 0.0911
0.9053, 0.0911
0.9095, 0.0911
0.9095, 0.0911
0.9137, 0.0911
0.9137, 0.0911
0.9137, 0.0911
0.9137, 0.0911
0.9137, 0.0911
0.9137, 0.0911
0.9137, 0.0911
0.9137, 0.0911
0.9180, 0.0911
0.9180, 0.0911
0.9222, 0.0911
0.9222, 0.0911
0.9222, 0.0911
0.9264, 0.0911
0.9264, 0.0911
0.9264, 0.0911
0.9264, 0.0911
0.9264, 0.0911
0.9264, 0.0911
0.9264, 0.0911
0.9264, 0.0911
0.9264, 0.0911
0.9264, 0.0911
0.9264, 0.0885
0.9264, 0.0885
0.9306, 0.0885
0.9306, 0.0885
0.9306, 0.0885
0.9306, 0.0885
0.9306, 0.0885
0.9348, 0.0885
0.9348, 0.0885
0.9348, 0.0885
0.9348, 0.0885
0.9348, 0.0885
0.9348, 0.0885
0.9348, 0.0885
0.9348, 0.0885
0.9390, 0.0885
0.9390, 0.0885
0.9390, 0.0885
0.9390, 0.0859
0.9390, 0.0859
0.9432, 0.0859
0.9432, 0.0859
0.9432, 0.0859
0.9432, 0.0859
0.9432, 0.0859
0.9474, 0.0859
0.9474, 0.0859
0.9474, 0.0859
0.9474, 0.0859
0.9474, 0.0859
0.9474, 0.0859
0.9474, 0.0859
0.9474, 0.0859
0.9474, 0.0859
0.9474, 0.0859
0.9474, 0.0859
0.9474, 0.0859
0.9474, 0.0859
0.9474, 0.0859
0.9474, 0.0859
0.9474, 0.0859
0.9474, 0.0859
0.9474, 0.0859
0.9474, 0.0859
0.9517, 0.0833
0.9517, 0.0833
0.9517, 0.0833
0.9517, 0.0833
0.9517, 0.0833
0.9559, 0.0833
0.9559, 0.0833
0.9559, 0.0833
0.9559, 0.0833
0.9559, 0.0833
0.9559, 0.0833
0.9559, 0.0833
0.9559, 0.0833
0.9559, 0.0833
0.9559, 0.0833
0.9601, 0.0833
0.9601, 0.0833
0.9601, 0.0833
0.9601, 0.0833
0.9601, 0.0833
0.9643, 0.0833
0.9643, 0.0833
0.9686, 0.0807
0.9686, 0.0807
0.9686, 0.0807
0.9686, 0.0807
0.9686, 0.0807
0.9686, 0.0807
0.9686, 0.0807
0.9686, 0.0807
0.9686, 0.0807
0.9686, 0.0807
0.9686, 0.0807
0.9686, 0.0807
0.9686, 0.0807
0.9686, 0.0807
0.9686, 0.0807
0.9686, 0.0807
0.9686, 0.0807
0.9686, 0.0807
0.9686, 0.0807
0.9686, 0.0807
0.9686, 0.0807
0.9728, 0.0781
0.9728, 0.0781
0.9728, 0.0781
0.9728, 0.0781
0.9728, 0.0781
0.9728, 0.0781
0.9728, 0.0781
0.9728, 0.0781
0.9728, 0.0781
0.9728, 0.0781
0.9770, 0.0781
0.9770, 0.0781
0.9770, 0.0781
0.9770, 0.0781
0.9770, 0.0781
0.9770, 0.0781
0.9770, 0.0781
0.9770, 0.0781
0.9770, 0.0781
0.9770, 0.0781
0.9770, 0.0781
0.9770, 0.0781
0.9770, 0.0781
0.9770, 0.0781
0.9770, 0.0781
0.9770, 0.0781
0.9770, 0.0781
0.9770, 0.0781
0.9770, 0.0781
0.9770, 0.0781
0.9770, 0.0781
0.9770, 0.0781
0.9770, 0.0781
0.9770, 0.0781
0.9770, 0.0781
0.9770, 0.0781
0.9770, 0.0781
0.9770, 0.0781
0.9770, 0.0781
0.9770, 0.0781
0.9770, 0.0781
0.9770, 0.0781
0.9770, 0.0781
0.9770, 0.0781
0.9770, 0.0781
0.9770, 0.0781

0.5549, 0.2760
0.5549, 0.2760
0.5549, 0.2760
0.5549, 0.2760
0.5549, 0.2760
0.5549, 0.2760
0.5549, 0.2760
0.5549, 0.2760
0.5549, 0.2760
0.5549, 0.2760
0.5549, 0.2760
0.5549, 0.2760
0.5549, 0.2760
0.5549, 0.2760
0.5549, 0.2760
0.5549, 0.2760
0.5549, 0.2760
0.5549, 0.2760
0.5549, 0.2760
0.5549, 0.2760
0.5549, 0.2760
0.5549, 0.2760
0.5549, 0.2760
0.5549, 0.2760
0.5549, 0.2760
0.5549, 0.2760
0.5549, 0.2760
0.5549, 0.2760
0.5549, 0.2760
0.5549, 0.2760
0.5549, 0.2760
0.5549, 0.2760
0.5549, 0.2760
0.5549, 0.2760
0.5549, 0.2760
0.5549, 0.2760
0.5549, 0.2760
0.5549, 0.2760
0.5549, 0.2760
0.5549, 0.2760
0.5549, 0.2760
0.5549, 0.2760
0.5549, 0.2760
0.5549, 0.2760
0.5549, 0.2760
0.5549, 0.2760
0.5549, 0.2760
0.5549, 0.2760
0.5549, 0.2760
0.5549, 0.2760
0.5549, 0.2760
0.5549, 0.2760
0.5549, 0.2760
0.5549, 0.2760
0.5549, 0.2760
0.5549, 0.2760
0.5549, 0.2760
0.5549, 0.2760
0.5549, 0.2760
0.5549, 0.2760
0.5549, 0.2760
0.5549, 0.2760
0.5549, 0.2760
0.5549, 0.2760
0.5549, 0.2760
0.5549, 0.2760
0.5549, 0.2760
0.5549, 0.2760
0.5549, 0.2760
0.5549, 0.2760
0.5549, 0.2760
0.5549, 0.2760
0.5549, 0.2760
0.5549, 0.2760
0.5549, 0.2760
0.5549, 0.2760
0.5549, 0.2760
0.5549, 0.2760
0.5549, 0.2760
0.5549, 0.2760
0.5549, 0.2760
0.5549, 0.2760
0.5549, 0.2760
0.5549, 0.2760
0.5549, 0.2760
0.5549, 0.2760
0.5549, 0.2760
0.5549, 0.2760
0.5549, 0.2760
0.5549, 0.2760
0.5549, 0.2760
0.5549, 0.2760
0.5549, 0.2760
0.5549, 0.2760
0.5549, 0.2760
0.5549, 0.2760
0.5549, 0.2760
0.5549, 0.2760
0.5549, 0.2760
0.5549, 0.2760
0.5549, 0.2760
0.5549, 0.2760
0.5549, 0.2760
0.5549, 0.2760
0.5549, 0.2760
0.5549, 0.2760
0.5549, 0.2760
0.5549, 0.2760
0.5549, 0.2760
0.5549, 0.2760
0.5549, 0.2760
0.5549, 0.2760
0.5549, 0.2760
0.5549, 0.2760
0.5549, 0.2760
0.5549, 0.2760
0.5549, 0.2760
0.5549, 0.2760
0.5549, 0.2760
0.5549, 0.2760
0.5549, 0.2760
0.5549, 0.2760
0.5549, 0.2760
0.5549, 0.2760
0.5549, 0.2760
0.5549, 0.2760
0.5549, 0.2760
0.5549, 0.2760
0.5549, 0.2760
0.5549, 0.2760
0.5549, 0.2760
0.5549, 0.2760
0.5549, 0.2760
0.5549, 0.2760
0.5549, 0.2760
0.5549, 0.2760
0.5549, 0.2760
0.5549, 0.2760
0.5549, 0.2760
0.5549, 0.2760
0.5549, 0.2760
0.5549, 0.2760
0.5549, 0.2760
0.5549, 0.2760
0.5549, 0.2760
0.5549, 0.2760
0.5549, 0.2760
0.5549, 0.2760
0.5549, 0.2760
0.5549, 0.2760
0.5549, 0.2760
0.5549, 0.2760
0.5549, 0.2760
0.5549, 0.2760
0.5549, 0.2760
0.5549, 0.2760
0.5549, 0.2760
0.5549, 0.2760
0.5549, 0.2760
0.5549, 0.2760
0.5549, 0.2760
0.5549, 0.2760
0.5549, 0.2760
0.5549, 0.2760
0.5549, 0.2760
0.5549, 0.2760
0.5549, 0.2760
0.5549, 0.2760
0.5549, 0.2760
0.5549, 0.2760
0.5549, 0.2760
0.5549, 0.2760
0.5549, 0.2760
0.5549, 0.2760
0.5549, 0.2760
0.5549, 0.2760
0.5549, 0.2760
0.5549, 0.2760
0.5549, 0.2760
0.5549, 0.2760
0.5549, 0.2760
0.5549, 0.2760
0.5549, 0.2760
0.5549, 0.2760
0.5549, 0.2760
0.5549, 0.2760
0.5549, 0.2760
0.5549, 0.2760
0.5549, 0.2760
0.5549, 0.2760
0.5549, 0.2760
0.5549, 0.2760
0.5549, 0.2760
0.5549, 0.2734
0.5549, 0.2734
0.5549, 0.2734
0.5549, 0.2734
0.5549, 0.2734
0.5549, 0.2734
0.5549, 0.2734
0.5549, 0.2734
0.5549, 0.2734
0.5549, 0.2734
0.5549, 0.2734
0.5549, 0.2734
0.5549, 0.2734
0.5549, 0.2734
0.5549, 0.2734
0.5549, 0.2734
0.5549, 0.2734
0.5549, 0.2734
0.5549, 0.2734
0.5549, 0.2734
0.5549, 0.2734
0.5549, 0.2734
0.5549, 0.2734
0.5549, 0.2734
0.5549, 0.2734
0.5549, 0.2734
0.5549, 0.2734
0.5549, 0.2734
0.5549, 0.2734
0.5549, 0.2734
0.5549, 0.2734
0.5549, 0.2734
0.5549, 0.2708
0.5549, 0.2708
0.5549, 0.2708
0.5549, 0.2708
0.5549, 0.2708
0.5549, 0.2708
0.5549, 0.2708
0.5549, 0.2708
0.5549, 0.2708
0.5549, 0.2708
0.5549, 0.2682
0.5549, 0.2682
0.5549, 0.2682
0.5549, 0.2682
0.5549, 0.2682
0.5549, 0.2682
0.5549, 0.2682
0.5549, 0.2682
0.5549, 0.2682
0.5549, 0.2682
0.5549, 0.2682
0.5549, 0.2682
0.5549, 0.2682
0.5549, 0.2682
0.5549, 0.2682
0.5549, 0.2682
0.5549, 0.2682
0.5549, 0.2682
0.5549, 0.2682
0.5549, 0.2682
0.5549, 0.2682
0.5549, 0.2682
0.5549, 0.2682
0.5549, 0.2682
0.5549, 0.2682
0.5549, 0.2682
0.5549, 0.2682
0.5549, 0.2682
0.5549, 0.2682
0.5549, 0.2656
0.5549, 0.2656
0.5549, 0.2656
0.5549, 0.2656
0.5549, 0.2656
0.5549, 0.2656
0.5549, 0.2656
0.5549, 0.2656
0.5549, 0.2656
0.5549, 0.2656
0.5549, 0.2656
0.5549, 0.2656
0.5549, 0.2656
0.5549, 0.2656
0.5549, 0.2656
0.5549, 0.2656
0.5549, 0.2656
0.5549, 0.2656
0.5549, 0.2656
0.5549, 0.2630
0.5549, 0.2630
0.5549, 0.2630
0.5549, 0.2630
0.5549, 0.2630
0.5549, 0.2630
0.5549, 0.2630
0.5549, 0.2630
0.5549, 0.2630
0.5549, 0.2630
0.5549, 0.2630
0.5549, 0.2630
0.5549, 0.2630
0.5549, 0.2630
0.5549, 0.2630
0.5549, 0.2630
0.5549, 0.2630
0.5549, 0.2630
0.5549, 0.2604
0.5549, 0.2604
0.5549, 0.2604
0.5549, 0.2604
0.5549, 0.2604
0.5549, 0.2604
0.5549, 0.2604
0.5549, 0.2604
0.5549, 0.2604
0.5549, 0.2604
0.5549, 0.2604
0.5549, 0.2604
0.5549, 0.2604
0.5549, 0.2604
0.5549, 0.2604
0.5549, 0.2604
0.5549, 0.2604
0.5549, 0.2604
0.5549, 0.2604
0.5549, 0.2604
0.5549, 0.2604
0.5549, 0.2604
0.5549, 0.2604
0.5507, 0.2604
0.5507, 0.2604
0.5507, 0.2604
0.5507, 0.2604
0.5507, 0.2604
0.5507, 0.2604
0.5507, 0.2578
0.5507, 0.2578
0.5507, 0.2578
0.5507, 0.2578
0.5507, 0.2578
0.5507, 0.2578
0.5507, 0.2578
0.5507, 0.2578
0.5507, 0.2578
0.5507, 0.2578
0.5507, 0.2578
0.5507, 0.2578
0.5507, 0.2578
0.5507, 0.2578
0.5507, 0.2578
0.5507, 0.2578
0.5507, 0.2578
0.5507, 0.2578
0.5507, 0.2578
0.5507, 0.2552
0.5507, 0.2552
0.5507, 0.2552
0.5507, 0.2552
0.5507, 0.2552
0.5507, 0.2552
0.5507, 0.2552
0.5507, 0.2552
0.5507, 0.2552
0.5507, 0.2552
0.5507, 0.2552
0.5507, 0.2552
0.5507, 0.2552
0.5507, 0.2552
0.5507, 0.2552
0.5507, 0.2552
0.5507, 0.2552
0.5507, 0.2552
0.5507, 0.2552
0.5507, 0.2552
0.5507, 0.2552
0.5507, 0.2526
0.5507, 0.2526
0.5507, 0.2526
0.5507, 0.2526
0.5507, 0.2526
0.5507, 0.2526
0.5507, 0.2526
0.5507, 0.2526
0.5507, 0.2526
0.5507, 0.2500
0.5507, 0.2500
0.5507, 0.2500
0.5507, 0.2500
0.5507, 0.2500
0.5507, 0.2500
0.5507, 0.2500
0.5507, 0.2500
0.5507, 0.2500
0.5507, 0.2500
0.5507, 0.2500
0.5507, 0.2474
0.5507, 0.2474
0.5507, 0.2474
0.5507, 0.2474
0.5507, 0.2474
0.5507, 0.2474
0.5507, 0.2474
0.5507, 0.2474
0.5507, 0.2474
0.5507, 0.2474
0.5507, 0.2474
0.5507, 0.2474
0.5507, 0.2474
0.5507, 0.2474
0.5507, 0.2474
0.5507, 0.2474
0.5507, 0.2474
0.5507, 0.2474
0.5507, 0.2448
0.5507, 0.2448
0.5507, 0.2448
0.5507, 0.2448
0.5507, 0.2448
0.5507, 0.2448
0.5507, 0.2448
0.5507, 0.2448
0.5507, 0.2448
0.5507, 0.2422
0.5507, 0.2422
0.5507, 0.2422
0.5507, 0.2422
0.5507, 0.2422
0.5507, 0.2422
0.5507, 0.2422
0.5507, 0.2422
0.5507, 0.2422
0.5507, 0.2422
0.5507, 0.2422
0.5507, 0.2422
0.5507, 0.2422
0.5507, 0.2422
0.5507, 0.2422
0.5507, 0.2422
0.5507, 0.2422
0.5507, 0.2422
0.5507, 0.2422
0.5507, 0.2396
0.5507, 0.2396
0.5507, 0.2396
0.5507, 0.2396
0.5507, 0.2396
0.5507, 0.2396
0.5507, 0.2396
0.5507, 0.2396
0.5507, 0.2396
0.5507, 0.2370
0.5507, 0.2370
0.5507, 0.2370
0.5507, 0.2370
0.5507, 0.2370
0.5507, 0.2370
0.5507, 0.2370
0.5507, 0.2370
0.5507, 0.2370
0.5507, 0.2370
0.5507, 0.2370
0.5507, 0.2370
0.5507, 0.2344
0.5507, 0.2344
0.5507, 0.2344
0.5507, 0.2344
0.5507, 0.2344
0.5507, 0.2344
0.5507, 0.2344
0.5507, 0.2344
0.5507, 0.2344
0.5507, 0.2344
0.5507, 0.2344
0.5507, 0.2344
0.5507, 0.2344
0.5507, 0.2344
0.5507, 0.2344
0.5507, 0.2344
0.5507, 0.2344
0.5507, 0.2344
0.5507, 0.2344
0.5507, 0.2318
0.5507, 0.2318
0.5507, 0.2318
0.5507, 0.2318
0.5507, 0.2318
0.5507, 0.2318
0.5507, 0.2318
0.5507, 0.2318
0.5507, 0.2318
0.5507, 0.2292
0.5507, 0.2292
0.5507, 0.2292
0.5507, 0.2292
0.5507, 0.2292
0.5507, 0.2292
0.5507, 0.2292
0.5507, 0.2292
0.5507, 0.2292
0.5507, 0.2292
0.5507, 0.2292
0.5507, 0.2292
0.5507, 0.2292
0.5507, 0.2292
0.5507, 0.2292
0.5507, 0.2292
0.5507, 0.2292
0.5507, 0.2292
0.5507, 0.2266
0.5507, 0.2266
0.5507, 0.2266
0.5507, 0.2266
0.5507, 0.2266
0.5507, 0.2266
0.5507, 0.2240
0.5507, 0.2240
0.5507, 0.2240
0.5507, 0.2240
0.5507, 0.2240
0.5507, 0.2240
0.5507, 0.2240
0.5507, 0.2240
0.5507, 0.2240
0.5507, 0.2214
0.5507, 0.2214
0.5507, 0.2214
0.5507, 0.2214
0.5507, 0.2214
0.5507, 0.2214
0.5507, 0.2214
0.5507, 0.2214
0.5507, 0.2214
0.5507, 0.2214
0.5507, 0.2214
0.5507, 0.2214
0.5507, 0.2214
0.5507, 0.2188
0.5507, 0.2188
0.5507, 0.2188
0.5507, 0.2188
0.5507, 0.2188
0.5507, 0.2188
0.5507, 0.2188
0.5507, 0.2188
0.5507, 0.2188
0.5507, 0.2161
0.5507, 0.2161
0.5507, 0.2161
0.5507, 0.2161
0.5507, 0.2161
0.5507, 0.2161
0.5507, 0.2161
0.5507, 0.2161
0.5507, 0.2161
0.5507, 0.2161
0.5507, 0.2161
0.5507, 0.2161
0.5507, 0.2135
0.5507, 0.2135
0.5507, 0.2135
0.5507, 0.2135
0.5507, 0.2135
0.5507, 0.2135
0.5507, 0.2109
0.5507, 0.2109
0.5507, 0.2109
0.5507, 0.2109
0.5507, 0.2109
0.5507, 0.2109
0.5507, 0.2109
0.5507, 0.2109
0.5507, 0.2109
0.5507, 0.2109
0.5507, 0.2109
0.5507, 0.2109
0.5507, 0.2109
0.5507, 0.2109
0.5507, 0.2109
0.5507, 0.2083
0.5507, 0.2083
0.5507, 0.2083
0.5507, 0.2083
0.5507, 0.2083
0.5507, 0.2057
0.5507, 0.2057
0.5507, 0.2057
0.5507, 0.2057
0.5507, 0.2057
0.5507, 0.2057
0.5507, 0.2057
0.5507, 0.2057
0.5507, 0.2057
0.5507, 0.2031
0.5507, 0.2031
0.5507, 0.2031
0.5507, 0.2031
0.5507, 0.2031
0.5507, 0.2031
0.5507, 0.2031
0.5507, 0.2031
0.5507, 0.2031
0.5507, 0.2031
0.5507, 0.2031
0.5507, 0.2031
0.5507, 0.2005
0.5507, 0.2005
0.5507, 0.2005
0.5507, 0.2005
0.5507, 0.2005
0.5507, 0.2005
0.5507, 0.2005
0.5507, 0.2005
0.5507, 0.1979
0.5507, 0.1979
0.5507, 0.1979
0.5507, 0.1979
0.5507, 0.1979
0.5507, 0.1979
0.5507, 0.1979
0.5507, 0.1979
0.5507, 0.1979
0.5507, 0.1979
0.5507, 0.1979
0.5507, 0.1979
0.5507, 0.1953
0.5507, 0.1953
0.5507, 0.1953
0.5507, 0.1927
0.5507, 0.1927
0.5507, 0.1927
0.5507, 0.1927
0.5507, 0.1927
0.5507, 0.1927
0.5507, 0.1901
0.5507, 0.1901
0.5507, 0.1901
0.5507, 0.1901
0.5507, 0.1901
0.5507, 0.1901
0.5507, 0.1901
0.5507, 0.1901
0.5507, 0.1901
0.5507, 0.1901
0.5507, 0.1901
0.5507, 0.1875
0.5507, 0.1875
0.5507, 0.1875
0.5507, 0.1875
0.5507, 0.1875
0.5507, 0.1875
0.5507, 0.1849
0.5507, 0.1849
0.5507, 0.1849
0.5507, 0.1849
0.5507, 0.1849
0.5507, 0.1849
0.5507, 0.1849
0.5507, 0.1849
0.5507, 0.1823
0.5507, 0.1823
0.5507, 0.1823
0.5507, 0.1823
0.5507, 0.1823
0.5507, 0.1823
0.5507, 0.1797
0.5507, 0.1797
0.5507, 0.1797
0.5507, 0.1797
0.5507, 0.1797
0.5507, 0.1797
0.5507, 0.1771
0.5507, 0.1771
0.5507, 0.1771
0.5507, 0.1771
0.5507, 0.1771
0.5507, 0.1771
0.5507, 0.1771
0.5507, 0.1771
0.5507, 0.1771
0.5507, 0.1771
0.5507, 0.1745
0.5507, 0.1745
0.5507, 0.1745
0.5507, 0.1745
0.5507, 0.1745
0.5507, 0.1745
0.5507, 0.1719
0.5507, 0.1719
0.5507, 0.1719
0.5507, 0.1719
0.5507, 0.1719
0.5507, 0.1719
0.5507, 0.1719
0.5507, 0.1719
0.5507, 0.1719
0.5507, 0.1719
0.5507, 0.1719
0.5507, 0.1693
0.5507, 0.1693
0.5507, 0.1693
0.5507, 0.1693
0.5507, 0.1693
0.5507, 0.1693
0.5507, 0.1693
0.5507, 0.1693
0.5507, 0.1693
0.5507, 0.1667
0.5507, 0.1667
0.5507, 0.1667
0.5507, 0.1667
0.5507, 0.1667
0.5507, 0.1667
0.5507, 0.1641
0.5507, 0.1641
0.5507, 0.1641
0.5507, 0.1641
0.5507, 0.1641
0.5507, 0.1641
0.5507, 0.1641
0.5507, 0.1641
0.5507, 0.1641
0.5507, 0.1641
0.5507, 0.1641
0.5507, 0.1615
0.5507, 0.1615
0.5507, 0.1615
0.5507, 0.1615
0.5507, 0.1615
0.5507, 0.1615
0.5507, 0.1589
0.5507, 0.1589
0.5507, 0.1589
0.5507, 0.1589
0.5507, 0.1589
0.5507, 0.1589
0.5507, 0.1589
0.5507, 0.1589
0.5507, 0.1563
0.5507, 0.1563
0.5507, 0.1563
0.5507, 0.1563
0.5507, 0.1563
0.5507, 0.1563
0.5507, 0.1536
0.5507, 0.1536
0.5507, 0.1536
0.5507, 0.1536
0.5507, 0.1510
0.5507, 0.1510
0.5507, 0.1510
0.5507, 0.1510
0.5507, 0.1510
0.5507, 0.1510
0.5507, 0.1510
0.5507, 0.1510
0.5507, 0.1510
0.5507, 0.1484
0.5507, 0.1484
0.5507, 0.1458
0.5507, 0.1458
0.5507, 0.1458
0.5507, 0.1458
0.5507, 0.1458
0.5507, 0.1458
0.5507, 0.1458
0.5507, 0.1458
0.5507, 0.1432
0.5507, 0.1432
0.5507, 0.1432
0.5507, 0.1432
0.5507, 0.1432
0.5507, 0.1432
0.5507, 0.1406
0.5507, 0.1406
0.5507, 0.1380
0.5507, 0.1380
0.5507, 0.1380
0.5507, 0.1380
0.5507, 0.1380
0.5507, 0.1380
0.5507, 0.1380
0.5507, 0.1380
0.5507, 0.1380
0.5507, 0.1380
0.5507, 0.1380
0.5507, 0.1380
0.5507, 0.1354
0.5507, 0.1354
0.5507, 0.1328
0.5507, 0.1328
0.5507, 0.1328
0.5507, 0.1328
0.5507, 0.1328
0.5507, 0.1328
0.5507, 0.1328
0.5507, 0.1328
0.5507, 0.1328
0.5507, 0.1302
0.5507, 0.1302
0.5507, 0.1276
0.5507, 0.1276
0.5507, 0.1276
0.5507, 0.1276
0.5507, 0.1276
0.5507, 0.1276
0.5507, 0.1250
0.5507, 0.1250
0.5507, 0.1250
0.5549, 0.1224
0.5549, 0.1224
0.5549, 0.1224
0.5549, 0.1224
0.5549, 0.1224
0.5549, 0.1198
0.5549, 0.1198
0.5549, 0.1198
0.5549, 0.1198
0.5549, 0.1198
0.5549, 0.1198
0.5549, 0.1198
0.5549, 0.1198
0.5549, 0.1172
0.5549, 0.1172
0.5549, 0.1172
0.5549, 0.1172
0.5549, 0.1172
0.5549, 0.1172
0.5549, 0.1146
0.5549, 0.1146
0.5549, 0.1146
0.5549, 0.1146
0.5549, 0.1146
0.5549, 0.1146
0.5549, 0.1146
0.5549, 0.1146
0.5549, 0.1146
0.5549, 0.1146
0.5549, 0.1146
0.5549, 0.1120
0.5549, 0.1120
0.5549, 0.1120
0.5549, 0.1094
0.5549, 0.1094
0.5549, 0.1094
0.5549, 0.1068
0.5549, 0.1068
0.5549, 0.1068
0.5549, 0.1068
0.5549, 0.1068
0.5591, 0.1068
0.5591, 0.1068
0.5591, 0.1042
0.5591, 0.1042
0.5591, 0.1042
0.5591, 0.1016
0.5591, 0.1016
0.5591, 0.1016
0.5591, 0.1016
0.5591, 0.1016
0.5591, 0.1016
0.5591, 0.1016
0.5591, 0.1016
0.5591, 0.0990
0.5591, 0.0990
0.5591, 0.0990
0.5591, 0.0964
0.5591, 0.0964
0.5591, 0.0964
0.5591, 0.0964
0.5591, 0.0964
0.5591, 0.0964
0.5591, 0.0937
0.5591, 0.0937
0.5591, 0.0937
0.5591, 0.0937
0.5591, 0.0937
0.5591, 0.0937
0.5591, 0.0937
0.5591, 0.0937
0.5591, 0.0937
0.5591, 0.0937
0.5591, 0.0911
0.5591, 0.0911
0.5591, 0.0911
0.5591, 0.0885
0.5591, 0.0885
0.5591, 0.0885
0.5591, 0.0885
0.5591, 0.0885
0.5591, 0.0885
0.5591, 0.0885
0.5591, 0.0885
0.5591, 0.0859
0.5591, 0.0859
0.5591, 0.0833
0.5591, 0.0833
0.5591, 0.0833
0.5591, 0.0833
0.5591, 0.0833
0.5591, 0.0833
0.5591, 0.0833
0.5591, 0.0833
0.5591, 0.0833
0.5591, 0.0807
0.5591, 0.0807
0.5591, 0.0807
0.5591, 0.0807
0.5591, 0.0807
0.5591, 0.0807
0.5591, 0.0807
0.5591, 0.0807
0.5591, 0.0781
0.5591, 0.0781
0.5591, 0.0781
0.5591, 0.0755
0.5591, 0.0755
0.5591, 0.0755
0.5591, 0.0755
0.5591, 0.0755
0.5591, 0.0755
0.5591, 0.0755
0.5591, 0.0755
0.5591, 0.0755
0.5591, 0.0755
0.5591, 0.0729
0.5591, 0.0729
0.5591, 0.0729
0.5591, 0.0729
0.5591, 0.0729
0.5591, 0.0729
0.5591, 0.0729
0.5591, 0.0729
0.5591, 0.0729
0.5591, 0.0729
0.5591, 0.0729
0.5591, 0.0703
0.5591, 0.0703
0.5591, 0.0703
0.5591, 0.0703
0.5591, 0.0703
0.5591, 0.0703
0.5591, 0.0703
0.5591, 0.0703
0.5591, 0.0703
0.5591, 0.0703
0.5591, 0.0703
0.5591, 0.0703
0.5591, 0.0703
0.5591, 0.0703
0.5591, 0.0703
0.5591, 0.0703
0.5591, 0.0703
0.5591, 0.0703
0.5591, 0.0703
0.5591, 0.0703
0.5591, 0.0703
0.5591, 0.0703
0.5591, 0.0677
0.5591, 0.0677
0.5591, 0.0677
0.5591, 0.0677
0.5591, 0.0677
0.5591, 0.0677
0.5591, 0.0677
0.5591, 0.0677
0.5591, 0.0677
0.5633, 0.0677
0.5633, 0.0677
0.5633, 0.0677
0.5633, 0.0677
0.5633, 0.0677
0.5633, 0.0677
0.5633, 0.0677
0.5633, 0.0677
0.5633, 0.0677
0.5633, 0.0677
0.5633, 0.0677
0.5633, 0.0651
0.5633, 0.0651
0.5633, 0.0651
0.5633, 0.0651
0.5633, 0.0651
0.5633, 0.0651
0.5633, 0.0651
0.5633, 0.0651
0.5633, 0.0651
0.5633, 0.0651
0.5633, 0.0651
0.5633, 0.0651
0.5633, 0.0651
0.5633, 0.0625
0.5633, 0.0625
0.5633, 0.0625
0.5633, 0.0625
0.5633, 0.0625
0.5633, 0.0625
0.5633, 0.0625
0.5633, 0.0625
0.5633, 0.0625
0.5633, 0.0599
0.5633, 0.0599
0.5633, 0.0573
0.5633, 0.0573
0.5633, 0.0573
0.5633, 0.0573
0.5633, 0.0573
0.5633, 0.0547
0.5633, 0.0547
0.5633, 0.0547
0.5633, 0.0547
0.5633, 0.0547
0.5633, 0.0547
0.5633, 0.0521
0.5633, 0.0521
0.5633, 0.0521
0.5633, 0.0521
0.5633, 0.0521
0.5633, 0.0521
0.5633, 0.0521
0.5633, 0.0495
0.5633, 0.0495
0.5633, 0.0495
0.5633, 0.0495
0.5633, 0.0495
0.5633, 0.0495
0.5633, 0.0495
0.5633, 0.0495
0.5633, 0.0495
0.5633, 0.0495
0.5633, 0.0495
0.5633, 0.0495
0.5633, 0.0495
0.5633, 0.0495
0.5633, 0.0495
0.5633, 0.0495
0.5633, 0.0495
0.5633, 0.0495
0.5633, 0.0495
0.5633, 0.0495
0.5633, 0.0495
0.5633, 0.0495
0.5633, 0.0495
0.5633, 0.0495
0.5633, 0.0495
0.5633, 0.0495
0.5633, 0.0495
0.5633, 0.0495
0.5633, 0.0495
0.5633, 0.0495
0.5633, 0.0495
0.5633, 0.0469
0.5633, 0.0469
0.5633, 0.0469
0.5633, 0.0469
0.5633, 0.0469
0.5633, 0.0469
0.5633, 0.0469
0.5633, 0.0469
0.5633, 0.0469
0.5633, 0.0469
0.5633, 0.0469
0.5633, 0.0469
0.5633, 0.0469
0.5633, 0.0469
0.5633, 0.0469
0.5633, 0.0469
0.5633, 0.0469
0.5633, 0.0469
0.5633, 0.0469
0.5633, 0.0469
0.5633, 0.0469
0.5633, 0.0469
0.5633, 0.0469
0.5633, 0.0469
0.5633, 0.0469
0.5633, 0.0469
0.5633, 0.0469
0.5633, 0.0469
0.5633, 0.0469
0.5633, 0.0469
0.5633, 0.0469
0.5633, 0.0469
0.5633, 0.0469
0.5633, 0.0469
0.5633, 0.0469
0.5633, 0.0469
0.5633, 0.0469
0.5633, 0.0469
0.5633, 0.0469
0.5633, 0.0469
0.5633, 0.0469
0.5633, 0.0469
0.5633, 0.0469
0.5633, 0.0469
0.5633, 0.0469
0.5633, 0.0469
0.5633, 0.0469
0.5633, 0.0469
0.5633, 0.0469
0.5633, 0.0469
0.5633, 0.0469
0.5633, 0.0469
0.5633, 0.0469
0.5633, 0.0469
