0.0000, 0.7843
0.0000, 0.7741
0.0000, 0.7690
0.0000, 0.7640
0.0000, 0.7589
0.0051, 0.7538
0.0152, 0.7487
0.0152, 0.7437
0.0254, 0.7284
0.0305, 0.7234
0.0355, 0.7183
0.0406, 0.7132
0.0457, 0.7081
0.0508, 0.7030
0.0558, 0.6980
0.0660, 0.6878
0.0711, 0.6827
0.0812, 0.6777
0.0863, 0.6726
0.0914, 0.6675
0.1015, 0.6624
0.1117, 0.6574
0.1168, 0.6472
0.1269, 0.6472
0.1320, 0.6421
0.1421, 0.6371
0.1523, 0.6371
0.1624, 0.6320
0.1827, 0.6269
0.1980, 0.6218
0.2030, 0.6218
0.2132, 0.6218
0.2234, 0.6168
0.2386, 0.6168
0.2487, 0.6066
0.2589, 0.6066
0.2690, 0.6066
0.2843, 0.6066
0.2893, 0.6066
0.2995, 0.6066
0.3046, 0.6066
0.3198, 0.6066
0.3299, 0.6066
0.3350, 0.6066
0.3452, 0.6066
0.3604, 0.6066
0.3706, 0.6066
0.3756, 0.6066
0.3858, 0.6117
0.4010, 0.6117
0.4162, 0.6117
0.4264, 0.6168
0.4315, 0.6168
0.4467, 0.6168
0.4569, 0.6218
0.4670, 0.6269
0.4873, 0.6320
0.5025, 0.6371
0.5127, 0.6421
0.5330, 0.6523
0.5482, 0.6574
0.5584, 0.6624
0.5736, 0.6624
0.5838, 0.6675
0.5888, 0.6675
0.5990, 0.6726
0.6142, 0.6777
0.6294, 0.6777
0.6396, 0.6827
0.6599, 0.6929
0.6701, 0.6929
0.6853, 0.6980
0.7107, 0.7030
0.7208, 0.7081
0.7360, 0.7081
0.7462, 0.7132
0.7563, 0.7132
0.7665, 0.7132
0.7817, 0.7132
0.7868, 0.7132
0.7970, 0.7132
0.8071, 0.7132
0.8223, 0.7183
0.8325, 0.7183
0.8426, 0.7183
0.8528, 0.7183
0.8629, 0.7183
0.8680, 0.7183
0.8782, 0.7183
0.8883, 0.7183
0.8934, 0.7183
0.9086, 0.7183
0.9137, 0.7183
0.9239, 0.7183
0.9340, 0.7132
0.9391, 0.7132
0.9492, 0.7081
0.9543, 0.7081
0.9594, 0.7081
0.9594, 0.7030
0.9645, 0.7030
0.9645, 0.6980
0.9695, 0.6878
0.9695, 0.6827
0.9695, 0.6777

0.0254, 0.2919
0.0254, 0.2868
0.0305, 0.2868
0.0355, 0.2868
0.0355, 0.2766
0.0406, 0.2766
0.0508, 0.2716
0.0609, 0.2716
0.0711, 0.2665
0.0812, 0.2665
0.1015, 0.2614
0.1117, 0.2563
0.1218, 0.2563
0.1320, 0.2513
0.1472, 0.2513
0.1574, 0.2462
0.1624, 0.2462
0.1726, 0.2411
0.1878, 0.2411
0.1980, 0.2310
0.2081, 0.2310
0.2183, 0.2259
0.2335, 0.2259
0.2386, 0.2208
0.2487, 0.2208
0.2589, 0.2208
0.2741, 0.2157
0.2843, 0.2157
0.2893, 0.2157
0.2995, 0.2157
0.3096, 0.2157
0.3147, 0.2157
0.3198, 0.2157
0.3249, 0.2157
0.3299, 0.2157
0.3350, 0.2157
0.3401, 0.2157
0.3553, 0.2157
0.3655, 0.2157
0.3706, 0.2157
0.3756, 0.2157
0.3858, 0.2157
0.4010, 0.2157
0.4112, 0.2157
0.4213, 0.2208
0.4365, 0.2208
0.4416, 0.2259
0.4518, 0.2259
0.4619, 0.2360
0.4772, 0.2411
0.4924, 0.2411
0.5025, 0.2462
0.5127, 0.2513
0.5330, 0.2563
0.5482, 0.2614
0.5635, 0.2665
0.5787, 0.2665
0.5888, 0.2716
0.6091, 0.2817
0.6193, 0.2868
0.6294, 0.2919
0.6447, 0.2919
0.6548, 0.2970
0.6650, 0.2970
0.6751, 0.3020
0.6904, 0.3020
0.7005, 0.3071
0.7107, 0.3071
0.7208, 0.3071
0.7360, 0.3122
0.7462, 0.3122
0.7563, 0.3122
0.7716, 0.3223
0.7868, 0.3223
0.7970, 0.3223
0.8122, 0.3223
0.8223, 0.3223
0.8274, 0.3223
0.8376, 0.3223
0.8477, 0.3223
0.8579, 0.3223
0.8629, 0.3223
0.8731, 0.3223
0.8782, 0.3223
0.8883, 0.3223
0.8985, 0.3223
0.9086, 0.3223
0.9188, 0.3223
0.9239, 0.3173
0.9391, 0.3173
0.9442, 0.3173
0.9543, 0.3122
0.9594, 0.3122
0.9645, 0.3122
0.9695, 0.3071
0.9746, 0.3071
0.9848, 0.3071
0.9898, 0.3020
0.9949, 0.3020
1.0000, 0.3020
1.0000, 0.2970
1.0000, 0.2919

0.5127, 0.6269
0.5127, 0.6320
0.5127, 0.6269
0.5127, 0.6218
0.5127, 0.6117
0.5127, 0.6066
0.5127, 0.6015
0.5127, 0.5914
0.5127, 0.5863
0.5127, 0.5812
0.5127, 0.5660
0.5127, 0.5558
0.5127, 0.5508
0.5127, 0.5406
0.5127, 0.5254
0.5127, 0.5203
0.5127, 0.5102
0.5127, 0.5000
0.5076, 0.4848
0.5076, 0.4797
0.5076, 0.4695
0.5076, 0.4645
0.5025, 0.4543
0.5025, 0.4442
0.5025, 0.4340
0.5025, 0.4289
0.5025, 0.4239
0.5025, 0.4188
0.5025, 0.4137
0.5025, 0.4086
0.5025, 0.3985
0.4975, 0.3985
0.4975, 0.3934
0.4975, 0.3883
0.4975, 0.3832
0.4975, 0.3782
0.4975, 0.3731
0.4975, 0.3680
0.4975, 0.3579
0.4975, 0.3528
0.4975, 0.3477
0.4975, 0.3426
0.4975, 0.3376
0.4975, 0.3325
0.4975, 0.3274
0.5025, 0.3274
0.5025, 0.3173
0.5025, 0.3122
0.5025, 0.3071
0.5076, 0.3071
0.5076, 0.3020
0.5076, 0.2970
