0.0842, 0.2644
0.0842, 0.2644
0.0842, 0.2644
0.0842, 0.2644
0.0842, 0.2644
0.0842, 0.2644
0.0842, 0.2644
0.0842, 0.2644
0.0842, 0.2644
0.0842, 0.2644
0.0842, 0.2644
0.0842, 0.2644
0.0842, 0.2644
0.0842, 0.2644
0.0842, 0.2644
0.0842, 0.2644
0.0842, 0.2644
0.0842, 0.2644
0.0842, 0.2644
0.0842, 0.2644
0.0842, 0.2644
0.0842, 0.2644
0.0842, 0.2644
0.0842, 0.2644
0.0842, 0.2644
0.0842, 0.2644
0.0842, 0.2644
0.0842, 0.2644
0.0842, 0.2644
0.0842, 0.2644
0.0842, 0.2644
0.0842, 0.2644
0.0842, 0.2644
0.0842, 0.2644
0.0842, 0.2644
0.0842, 0.2644
0.0842, 0.2644
0.0842, 0.2644
0.0886, 0.2644
0.0886, 0.2644
0.0886, 0.2644
0.0886, 0.2644
0.0886, 0.2644
0.0886, 0.2644
0.0886, 0.2644
0.0886, 0.2644
0.0886, 0.2644
0.0886, 0.2644
0.0886, 0.2644
0.0886, 0.2644
0.0886, 0.2644
0.0886, 0.2644
0.0886, 0.2644
0.0886, 0.2644
0.0886, 0.2644
0.0886, 0.2644
0.0886, 0.2644
0.0886, 0.2644
0.0886, 0.2644
0.0886, 0.2644
0.0886, 0.2644
0.0886, 0.2644
0.0886, 0.2644
0.0886, 0.2644
0.0886, 0.2644
0.0886, 0.2644
0.0886, 0.2644
0.0886, 0.2644
0.0886, 0.2644
0.0930, 0.2618
0.0930, 0.2618
0.0930, 0.2618
0.0930, 0.2618
0.0974, 0.2618
0.0974, 0.2618
0.0974, 0.2618
0.0974, 0.2618
0.0974, 0.2592
0.0974, 0.2592
0.0974, 0.2592
0.0974, 0.2592
0.0974, 0.2565
0.0974, 0.2565
0.0974, 0.2565
0.0974, 0.2565
0.1018, 0.2565
0.1018, 0.2565
0.1018, 0.2565
0.1018, 0.2565
0.1105, 0.2565
0.1105, 0.2565
0.1105, 0.2565
0.1105, 0.2565
0.1105, 0.2565
0.1105, 0.2565
0.1105, 0.2565
0.1105, 0.2565
0.1105, 0.2565
0.1105, 0.2539
0.1105, 0.2539
0.1105, 0.2539
0.1149, 0.2539
0.1149, 0.2539
0.1149, 0.2539
0.1149, 0.2539
0.1192, 0.2539
0.1192, 0.2539
0.1192, 0.2539
0.1192, 0.2539
0.1192, 0.2513
0.1192, 0.2513
0.1192, 0.2513
0.1192, 0.2513
0.1192, 0.2513
0.1236, 0.2513
0.1236, 0.2513
0.1236, 0.2513
0.1236, 0.2513
0.1236, 0.2487
0.1236, 0.2487
0.1236, 0.2487
0.1236, 0.2487
0.1280, 0.2487
0.1280, 0.2487
0.1280, 0.2487
0.1280, 0.2487
0.1280, 0.2487
0.1280, 0.2487
0.1280, 0.2487
0.1280, 0.2487
0.1280, 0.2487
0.1280, 0.2487
0.1280, 0.2487
0.1280, 0.2487
0.1280, 0.2487
0.1324, 0.2487
0.1324, 0.2487
0.1324, 0.2487
0.1324, 0.2487
0.1324, 0.2487
0.1324, 0.2487
0.1324, 0.2487
0.1324, 0.2487
0.1324, 0.2487
0.1324, 0.2487
0.1324, 0.2487
0.1324, 0.2487
0.1324, 0.2487
0.1368, 0.2461
0.1368, 0.2461
0.1368, 0.2461
0.1368, 0.2461
0.1368, 0.2461
0.1368, 0.2461
0.1368, 0.2461
0.1368, 0.2461
0.1412, 0.2461
0.1412, 0.2461
0.1412, 0.2461
0.1412, 0.2461
0.1455, 0.2435
0.1455, 0.2435
0.1455, 0.2435
0.1455, 0.2435
0.1455, 0.2435
0.1455, 0.2435
0.1455, 0.2435
0.1455, 0.2435
0.1499, 0.2435
0.1499, 0.2435
0.1499, 0.2435
0.1499, 0.2435
0.1543, 0.2435
0.1543, 0.2435
0.1543, 0.2435
0.1543, 0.2435
0.1543, 0.2435
0.1543, 0.2435
0.1543, 0.2435
0.1543, 0.2435
0.1543, 0.2435
0.1543, 0.2408
0.1543, 0.2408
0.1543, 0.2408
0.1543, 0.2408
0.1587, 0.2408
0.1587, 0.2408
0.1587, 0.2408
0.1587, 0.2408
0.1587, 0.2408
0.1587, 0.2408
0.1587, 0.2408
0.1587, 0.2408
0.1630, 0.2408
0.1630, 0.2408
0.1630, 0.2408
0.1630, 0.2408
0.1630, 0.2382
0.1630, 0.2382
0.1630, 0.2382
0.1630, 0.2382
0.1674, 0.2382
0.1674, 0.2382
0.1674, 0.2382
0.1674, 0.2382
0.1674, 0.2382
0.1674, 0.2382
0.1674, 0.2382
0.1674, 0.2382
0.1674, 0.2382
0.1674, 0.2382
0.1674, 0.2382
0.1674, 0.2382
0.1674, 0.2382
0.1674, 0.2382
0.1674, 0.2382
0.1674, 0.2382
0.1674, 0.2382
0.1718, 0.2382
0.1718, 0.2382
0.1718, 0.2382
0.1718, 0.2382
0.1718, 0.2382
0.1718, 0.2382
0.1718, 0.2382
0.1718, 0.2382
0.1762, 0.2382
0.1762, 0.2382
0.1762, 0.2382
0.1762, 0.2382
0.1762, 0.2382
0.1762, 0.2382
0.1762, 0.2382
0.1762, 0.2382
0.1762, 0.2382
0.1762, 0.2382
0.1762, 0.2382
0.1762, 0.2382
0.1762, 0.2382
0.1762, 0.2382
0.1762, 0.2382
0.1762, 0.2382
0.1762, 0.2382
0.1762, 0.2382
0.1762, 0.2382
0.1762, 0.2382
0.1762, 0.2382
0.1762, 0.2382
0.1762, 0.2356
0.1762, 0.2356
0.1762, 0.2356
0.1805, 0.2356
0.1805, 0.2356
0.1805, 0.2356
0.1805, 0.2356
0.1805, 0.2356
0.1805, 0.2356
0.1805, 0.2356
0.1805, 0.2356
0.1849, 0.2356
0.1849, 0.2356
0.1849, 0.2356
0.1849, 0.2356
0.1849, 0.2356
0.1849, 0.2356
0.1849, 0.2356
0.1849, 0.2356
0.1849, 0.2330
0.1849, 0.2330
0.1849, 0.2330
0.1849, 0.2330
0.1849, 0.2330
0.1849, 0.2330
0.1849, 0.2330
0.1849, 0.2330
0.1893, 0.2330
0.1893, 0.2330
0.1893, 0.2330
0.1893, 0.2330
0.1937, 0.2304
0.1937, 0.2304
0.1937, 0.2304
0.1937, 0.2304
0.1937, 0.2304
0.1937, 0.2304
0.1937, 0.2304
0.1937, 0.2304
0.1981, 0.2304
0.1981, 0.2304
0.1981, 0.2304
0.1981, 0.2304
0.1981, 0.2304
0.1981, 0.2304
0.1981, 0.2304
0.1981, 0.2304
0.1981, 0.2304
0.1981, 0.2304
0.1981, 0.2304
0.1981, 0.2304
0.2024, 0.2304
0.2024, 0.2304
0.2024, 0.2304
0.2024, 0.2304
0.2068, 0.2304
0.2068, 0.2304
0.2068, 0.2304
0.2068, 0.2304
0.2068, 0.2304
0.2068, 0.2304
0.2068, 0.2304
0.2068, 0.2304
0.2068, 0.2277
0.2068, 0.2277
0.2068, 0.2277
0.2068, 0.2277
0.2111, 0.2277
0.2111, 0.2277
0.2111, 0.2277
0.2111, 0.2277
0.2155, 0.2277
0.2155, 0.2277
0.2155, 0.2277
0.2155, 0.2277
0.2155, 0.2277
0.2155, 0.2277
0.2155, 0.2277
0.2155, 0.2277
0.2199, 0.2251
0.2199, 0.2251
0.2199, 0.2251
0.2199, 0.2251
0.2199, 0.2251
0.2199, 0.2251
0.2199, 0.2251
0.2199, 0.2251
0.2243, 0.2251
0.2243, 0.2251
0.2243, 0.2251
0.2243, 0.2251
0.2243, 0.2251
0.2243, 0.2251
0.2243, 0.2251
0.2287, 0.2251
0.2287, 0.2251
0.2287, 0.2251
0.2287, 0.2251
0.2287, 0.2251
0.2287, 0.2251
0.2287, 0.2251
0.2287, 0.2251
0.2287, 0.2251
0.2287, 0.2251
0.2287, 0.2251
0.2287, 0.2251
0.2287, 0.2251
0.2331, 0.2251
0.2331, 0.2251
0.2331, 0.2251
0.2331, 0.2251
0.2375, 0.2251
0.2375, 0.2251
0.2375, 0.2251
0.2418, 0.2225
0.2418, 0.2225
0.2418, 0.2225
0.2418, 0.2225
0.2418, 0.2225
0.2418, 0.2225
0.2418, 0.2225
0.2418, 0.2225
0.2418, 0.2225
0.2418, 0.2225
0.2418, 0.2225
0.2418, 0.2225
0.2418, 0.2225
0.2461, 0.2225
0.2461, 0.2225
0.2461, 0.2225
0.2461, 0.2225
0.2461, 0.2225
0.2461, 0.2225
0.2461, 0.2225
0.2461, 0.2225
0.2505, 0.2225
0.2505, 0.2225
0.2505, 0.2225
0.2505, 0.2225
0.2505, 0.2225
0.2505, 0.2225
0.2505, 0.2225
0.2505, 0.2199
0.2505, 0.2199
0.2505, 0.2199
0.2549, 0.2199
0.2549, 0.2199
0.2549, 0.2199
0.2549, 0.2199
0.2549, 0.2199
0.2549, 0.2199
0.2549, 0.2199
0.2549, 0.2199
0.2593, 0.2199
0.2593, 0.2199
0.2593, 0.2199
0.2593, 0.2199
0.2637, 0.2199
0.2637, 0.2199
0.2637, 0.2199
0.2637, 0.2199
0.2637, 0.2199
0.2637, 0.2199
0.2637, 0.2199
0.2637, 0.2199
0.2637, 0.2199
0.2637, 0.2199
0.2637, 0.2199
0.2637, 0.2199
0.2637, 0.2199
0.2637, 0.2199
0.2637, 0.2199
0.2637, 0.2199
0.2637, 0.2199
0.2681, 0.2199
0.2681, 0.2199
0.2681, 0.2199
0.2681, 0.2199
0.2681, 0.2199
0.2681, 0.2199
0.2681, 0.2199
0.2681, 0.2199
0.2725, 0.2199
0.2725, 0.2199
0.2725, 0.2199
0.2725, 0.2199
0.2725, 0.2199
0.2725, 0.2199
0.2725, 0.2199
0.2725, 0.2199
0.2725, 0.2199
0.2725, 0.2199
0.2725, 0.2199
0.2725, 0.2199
0.2725, 0.2199
0.2725, 0.2199
0.2725, 0.2199
0.2769, 0.2199
0.2769, 0.2199
0.2769, 0.2199
0.2769, 0.2199
0.2769, 0.2199
0.2769, 0.2199
0.2769, 0.2199
0.2769, 0.2199
0.2811, 0.2199
0.2811, 0.2199
0.2811, 0.2199
0.2855, 0.2199
0.2855, 0.2199
0.2855, 0.2199
0.2855, 0.2199
0.2855, 0.2199
0.2855, 0.2199
0.2855, 0.2199
0.2855, 0.2199
0.2855, 0.2199
0.2855, 0.2199
0.2855, 0.2199
0.2855, 0.2199
0.2855, 0.2199
0.2899, 0.2199
0.2899, 0.2199
0.2899, 0.2199
0.2943, 0.2199
0.2943, 0.2199
0.2943, 0.2199
0.2943, 0.2199
0.2943, 0.2199
0.2943, 0.2199
0.2943, 0.2199
0.2943, 0.2199
0.2943, 0.2199
0.2943, 0.2199
0.2943, 0.2199
0.2943, 0.2199
0.2987, 0.2199
0.2987, 0.2199
0.2987, 0.2199
0.2987, 0.2199
0.3031, 0.2199
0.3031, 0.2199
0.3031, 0.2199
0.3031, 0.2199
0.3031, 0.2199
0.3031, 0.2199
0.3031, 0.2199
0.3075, 0.2199
0.3075, 0.2199
0.3075, 0.2199
0.3075, 0.2199
0.3075, 0.2199
0.3075, 0.2199
0.3075, 0.2199
0.3119, 0.2225
0.3119, 0.2225
0.3119, 0.2225
0.3119, 0.2225
0.3119, 0.2225
0.3119, 0.2225
0.3119, 0.2225
0.3119, 0.2225
0.3162, 0.2225
0.3162, 0.2225
0.3162, 0.2225
0.3162, 0.2225
0.3162, 0.2225
0.3162, 0.2225
0.3205, 0.2225
0.3205, 0.2225
0.3249, 0.2225
0.3249, 0.2225
0.3249, 0.2225
0.3293, 0.2225
0.3293, 0.2251
0.3337, 0.2251
0.3381, 0.2251
0.3425, 0.2277
0.3425, 0.2277
0.3468, 0.2277
0.3468, 0.2277
0.3468, 0.2277
0.3468, 0.2277
0.3468, 0.2277
0.3468, 0.2277
0.3468, 0.2277
0.3468, 0.2277
0.3468, 0.2277
0.3468, 0.2277
0.3468, 0.2277
0.3512, 0.2304
0.3512, 0.2304
0.3512, 0.2304
0.3512, 0.2304
0.3512, 0.2304
0.3512, 0.2304
0.3512, 0.2304
0.3556, 0.2304
0.3556, 0.2304
0.3556, 0.2304
0.3556, 0.2304
0.3599, 0.2304
0.3599, 0.2304
0.3599, 0.2304
0.3599, 0.2304
0.3599, 0.2304
0.3599, 0.2304
0.3599, 0.2304
0.3599, 0.2330
0.3599, 0.2330
0.3599, 0.2330
0.3599, 0.2330
0.3643, 0.2330
0.3643, 0.2330
0.3643, 0.2330
0.3687, 0.2330
0.3687, 0.2330
0.3687, 0.2330
0.3687, 0.2356
0.3687, 0.2356
0.3687, 0.2356
0.3731, 0.2356
0.3731, 0.2356
0.3731, 0.2356
0.3731, 0.2356
0.3775, 0.2356
0.3775, 0.2356
0.3775, 0.2356
0.3818, 0.2356
0.3818, 0.2356
0.3818, 0.2356
0.3818, 0.2356
0.3818, 0.2356
0.3818, 0.2356
0.3818, 0.2356
0.3818, 0.2356
0.3818, 0.2356
0.3818, 0.2356
0.3818, 0.2356
0.3862, 0.2356
0.3862, 0.2356
0.3862, 0.2356
0.3862, 0.2356
0.3862, 0.2356
0.3862, 0.2356
0.3862, 0.2356
0.3862, 0.2356
0.3906, 0.2382
0.3906, 0.2382
0.3906, 0.2382
0.3906, 0.2382
0.3906, 0.2382
0.3906, 0.2382
0.3906, 0.2382
0.3906, 0.2382
0.3906, 0.2382
0.3906, 0.2382
0.3906, 0.2382
0.3950, 0.2382
0.3950, 0.2382
0.3950, 0.2382
0.3950, 0.2382
0.4037, 0.2408
0.4037, 0.2408
0.4037, 0.2408
0.4037, 0.2408
0.4037, 0.2408
0.4037, 0.2408
0.4037, 0.2408
0.4081, 0.2408
0.4081, 0.2408
0.4081, 0.2408
0.4081, 0.2408
0.4081, 0.2408
0.4081, 0.2408
0.4081, 0.2408
0.4125, 0.2408
0.4125, 0.2408
0.4125, 0.2408
0.4125, 0.2408
0.4168, 0.2408
0.4168, 0.2408
0.4168, 0.2408
0.4168, 0.2435
0.4168, 0.2435
0.4168, 0.2435
0.4168, 0.2435
0.4168, 0.2435
0.4168, 0.2435
0.4168, 0.2435
0.4168, 0.2435
0.4212, 0.2435
0.4212, 0.2435
0.4212, 0.2435
0.4212, 0.2435
0.4212, 0.2435
0.4212, 0.2435
0.4212, 0.2435
0.4212, 0.2435
0.4256, 0.2435
0.4256, 0.2435
0.4256, 0.2435
0.4256, 0.2435
0.4256, 0.2435
0.4256, 0.2435
0.4256, 0.2435
0.4256, 0.2461
0.4256, 0.2461
0.4256, 0.2461
0.4300, 0.2461
0.4300, 0.2461
0.4300, 0.2461
0.4300, 0.2461
0.4300, 0.2461
0.4300, 0.2461
0.4300, 0.2461
0.4300, 0.2461
0.4344, 0.2461
0.4344, 0.2461
0.4344, 0.2461
0.4388, 0.2461
0.4388, 0.2461
0.4388, 0.2461
0.4388, 0.2461
0.4388, 0.2487
0.4388, 0.2487
0.4388, 0.2487
0.4388, 0.2487
0.4388, 0.2487
0.4388, 0.2487
0.4388, 0.2487
0.4431, 0.2487
0.4431, 0.2487
0.4431, 0.2487
0.4431, 0.2487
0.4475, 0.2487
0.4475, 0.2487
0.4475, 0.2487
0.4475, 0.2487
0.4475, 0.2487
0.4475, 0.2487
0.4475, 0.2487
0.4518, 0.2487
0.4518, 0.2487
0.4518, 0.2487
0.4518, 0.2487
0.4562, 0.2487
0.4562, 0.2487
0.4562, 0.2487
0.4562, 0.2513
0.4562, 0.2513
0.4562, 0.2513
0.4606, 0.2513
0.4606, 0.2513
0.4606, 0.2513
0.4606, 0.2513
0.4606, 0.2513
0.4606, 0.2513
0.4606, 0.2513
0.4650, 0.2539
0.4650, 0.2539
0.4650, 0.2539
0.4650, 0.2539
0.4650, 0.2539
0.4650, 0.2539
0.4650, 0.2539
0.4650, 0.2539
0.4694, 0.2539
0.4694, 0.2539
0.4694, 0.2539
0.4694, 0.2539
0.4694, 0.2539
0.4694, 0.2539
0.4694, 0.2539
0.4694, 0.2539
0.4694, 0.2539
0.4694, 0.2539
0.4694, 0.2539
0.4694, 0.2539
0.4694, 0.2539
0.4694, 0.2539
0.4694, 0.2539
0.4738, 0.2539
0.4738, 0.2539
0.4738, 0.2539
0.4738, 0.2539
0.4738, 0.2565
0.4738, 0.2565
0.4738, 0.2565
0.4782, 0.2565
0.4782, 0.2565
0.4782, 0.2565
0.4782, 0.2565
0.4782, 0.2565
0.4782, 0.2565
0.4782, 0.2565
0.4782, 0.2565
0.4825, 0.2565
0.4825, 0.2565
0.4825, 0.2565
0.4825, 0.2592
0.4825, 0.2592
0.4825, 0.2592
0.4868, 0.2592
0.4868, 0.2592
0.4868, 0.2592
0.4868, 0.2592
0.4912, 0.2592
0.4912, 0.2592
0.4912, 0.2592
0.4912, 0.2618
0.4912, 0.2618
0.4912, 0.2618
0.4912, 0.2618
0.4956, 0.2618
0.4956, 0.2618
0.4956, 0.2618
0.5000, 0.2618
0.5000, 0.2618
0.5000, 0.2618
0.5000, 0.2618
0.5000, 0.2618
0.5000, 0.2618
0.5000, 0.2618
0.5044, 0.2618
0.5044, 0.2618
0.5044, 0.2618
0.5088, 0.2644
0.5088, 0.2644
0.5088, 0.2644
0.5088, 0.2644
0.5132, 0.2644
0.5132, 0.2644
0.5132, 0.2644
0.5132, 0.2644
0.5132, 0.2644
0.5132, 0.2644
0.5132, 0.2644
0.5132, 0.2644
0.5132, 0.2644
0.5132, 0.2644
0.5132, 0.2644
0.5175, 0.2670
0.5175, 0.2670
0.5175, 0.2670
0.5218, 0.2670
0.5218, 0.2670
0.5218, 0.2670
0.5218, 0.2670
0.5218, 0.2670
0.5218, 0.2670
0.5218, 0.2670
0.5262, 0.2670
0.5262, 0.2670
0.5262, 0.2670
0.5262, 0.2670
0.5306, 0.2670
0.5306, 0.2670
0.5306, 0.2670
0.5350, 0.2670
0.5350, 0.2670
0.5350, 0.2670
0.5350, 0.2670
0.5350, 0.2670
0.5350, 0.2670
0.5350, 0.2670
0.5350, 0.2670
0.5394, 0.2696
0.5394, 0.2696
0.5394, 0.2696
0.5438, 0.2696
0.5438, 0.2696
0.5438, 0.2696
0.5438, 0.2696
0.5438, 0.2696
0.5438, 0.2696
0.5482, 0.2723
0.5482, 0.2723
0.5482, 0.2723
0.5525, 0.2723
0.5525, 0.2723
0.5525, 0.2723
0.5569, 0.2749
0.5569, 0.2749
0.5569, 0.2749
0.5569, 0.2749
0.5569, 0.2749
0.5569, 0.2749
0.5612, 0.2749
0.5612, 0.2749
0.5612, 0.2749
0.5612, 0.2749
0.5656, 0.2749
0.5656, 0.2749
0.5656, 0.2749
0.5656, 0.2749
0.5656, 0.2749
0.5656, 0.2749
0.5656, 0.2749
0.5700, 0.2749
0.5700, 0.2749
0.5700, 0.2749
0.5744, 0.2775
0.5744, 0.2775
0.5744, 0.2775
0.5788, 0.2775
0.5788, 0.2775
0.5788, 0.2775
0.5788, 0.2775
0.5788, 0.2775
0.5788, 0.2775
0.5788, 0.2775
0.5788, 0.2775
0.5788, 0.2775
0.5788, 0.2775
0.5788, 0.2775
0.5832, 0.2801
0.5832, 0.2801
0.5832, 0.2801
0.5875, 0.2801
0.5875, 0.2801
0.5875, 0.2801
0.5875, 0.2801
0.5875, 0.2801
0.5875, 0.2801
0.5875, 0.2801
0.5875, 0.2801
0.5875, 0.2801
0.5875, 0.2801
0.5875, 0.2801
0.5919, 0.2801
0.5919, 0.2801
0.5919, 0.2801
0.5919, 0.2827
0.5919, 0.2827
0.5919, 0.2827
0.5963, 0.2827
0.5963, 0.2827
0.5963, 0.2827
0.5963, 0.2827
0.5963, 0.2827
0.5963, 0.2827
0.5963, 0.2827
0.6006, 0.2853
0.6006, 0.2853
0.6006, 0.2853
0.6006, 0.2853
0.6006, 0.2853
0.6006, 0.2853
0.6050, 0.2853
0.6050, 0.2853
0.6050, 0.2853
0.6050, 0.2853
0.6094, 0.2853
0.6094, 0.2853
0.6094, 0.2853
0.6094, 0.2853
0.6094, 0.2853
0.6094, 0.2853
0.6094, 0.2853
0.6094, 0.2853
0.6094, 0.2853
0.6094, 0.2853
0.6094, 0.2853
0.6094, 0.2853
0.6094, 0.2853
0.6138, 0.2880
0.6138, 0.2880
0.6138, 0.2880
0.6138, 0.2880
0.6138, 0.2880
0.6138, 0.2880
0.6182, 0.2880
0.6182, 0.2880
0.6182, 0.2880
0.6182, 0.2906
0.6182, 0.2906
0.6182, 0.2906
0.6182, 0.2906
0.6182, 0.2906
0.6182, 0.2906
0.6225, 0.2906
0.6225, 0.2906
0.6225, 0.2906
0.6225, 0.2932
0.6225, 0.2932
0.6225, 0.2932
0.6269, 0.2932
0.6269, 0.2932
0.6269, 0.2932
0.6269, 0.2932
0.6269, 0.2932
0.6269, 0.2932
0.6269, 0.2932
0.6313, 0.2932
0.6313, 0.2932
0.6313, 0.2932
0.6313, 0.2932
0.6313, 0.2932
0.6313, 0.2932
0.6313, 0.2932
0.6313, 0.2932
0.6313, 0.2932
0.6313, 0.2932
0.6313, 0.2932
0.6313, 0.2932
0.6313, 0.2932
0.6313, 0.2932
0.6357, 0.2932
0.6357, 0.2932
0.6357, 0.2932
0.6401, 0.2932
0.6401, 0.2932
0.6401, 0.2932
0.6401, 0.2958
0.6401, 0.2958
0.6401, 0.2958
0.6401, 0.2958
0.6401, 0.2958
0.6401, 0.2958
0.6401, 0.2958
0.6444, 0.2958
0.6444, 0.2958
0.6444, 0.2958
0.6488, 0.2958
0.6488, 0.2958
0.6488, 0.2958
0.6488, 0.2958
0.6488, 0.2984
0.6488, 0.2984
0.6488, 0.2984
0.6532, 0.2984
0.6532, 0.2984
0.6532, 0.2984
0.6532, 0.2984
0.6532, 0.2984
0.6532, 0.2984
0.6532, 0.2984
0.6532, 0.2984
0.6532, 0.2984
0.6532, 0.2984
0.6532, 0.2984
0.6575, 0.2984
0.6575, 0.2984
0.6575, 0.2984
0.6619, 0.2984
0.6619, 0.2984
0.6619, 0.2984
0.6619, 0.2984
0.6619, 0.2984
0.6619, 0.2984
0.6619, 0.2984
0.6619, 0.3010
0.6619, 0.3010
0.6619, 0.3010
0.6663, 0.3010
0.6663, 0.3010
0.6663, 0.3010
0.6707, 0.3010
0.6707, 0.3010
0.6707, 0.3010
0.6751, 0.3010
0.6751, 0.3010
0.6751, 0.3010
0.6751, 0.3010
0.6751, 0.3037
0.6751, 0.3037
0.6751, 0.3037
0.6751, 0.3037
0.6751, 0.3037
0.6751, 0.3037
0.6751, 0.3037
0.6795, 0.3037
0.6795, 0.3037
0.6795, 0.3037
0.6795, 0.3037
0.6795, 0.3037
0.6795, 0.3037
0.6795, 0.3037
0.6838, 0.3037
0.6838, 0.3037
0.6838, 0.3037
0.6838, 0.3063
0.6838, 0.3063
0.6838, 0.3063
0.6838, 0.3063
0.6838, 0.3063
0.6838, 0.3063
0.6838, 0.3063
0.6881, 0.3063
0.6881, 0.3063
0.6881, 0.3063
0.6881, 0.3063
0.6881, 0.3063
0.6881, 0.3063
0.6881, 0.3063
0.6925, 0.3063
0.6925, 0.3063
0.6969, 0.3063
0.6969, 0.3063
0.6969, 0.3063
0.6969, 0.3063
0.6969, 0.3063
0.6969, 0.3063
0.6969, 0.3063
0.6969, 0.3063
0.6969, 0.3063
0.6969, 0.3063
0.6969, 0.3063
0.6969, 0.3089
0.6969, 0.3089
0.6969, 0.3089
0.7013, 0.3089
0.7013, 0.3089
0.7013, 0.3089
0.7057, 0.3089
0.7057, 0.3089
0.7057, 0.3089
0.7057, 0.3089
0.7057, 0.3089
0.7057, 0.3089
0.7057, 0.3089
0.7057, 0.3089
0.7057, 0.3089
0.7057, 0.3089
0.7101, 0.3115
0.7101, 0.3115
0.7101, 0.3115
0.7101, 0.3115
0.7145, 0.3115
0.7145, 0.3115
0.7145, 0.3115
0.7145, 0.3115
0.7145, 0.3115
0.7145, 0.3115
0.7189, 0.3115
0.7189, 0.3115
0.7189, 0.3115
0.7189, 0.3115
0.7189, 0.3115
0.7189, 0.3115
0.7189, 0.3115
0.7189, 0.3115
0.7189, 0.3115
0.7189, 0.3115
0.7231, 0.3115
0.7231, 0.3115
0.7231, 0.3115
0.7231, 0.3115
0.7231, 0.3115
0.7231, 0.3115
0.7275, 0.3115
0.7275, 0.3115
0.7275, 0.3115
0.7275, 0.3115
0.7275, 0.3115
0.7275, 0.3115
0.7275, 0.3115
0.7275, 0.3115
0.7275, 0.3115
0.7275, 0.3115
0.7275, 0.3115
0.7319, 0.3141
0.7319, 0.3141
0.7319, 0.3141
0.7363, 0.3141
0.7363, 0.3141
0.7363, 0.3141
0.7363, 0.3141
0.7363, 0.3141
0.7363, 0.3141
0.7363, 0.3141
0.7363, 0.3141
0.7363, 0.3141
0.7363, 0.3141
0.7363, 0.3141
0.7407, 0.3141
0.7407, 0.3141
0.7407, 0.3141
0.7451, 0.3141
0.7451, 0.3141
0.7451, 0.3141
0.7495, 0.3141
0.7495, 0.3141
0.7495, 0.3141
0.7495, 0.3168
0.7495, 0.3168
0.7495, 0.3168
0.7539, 0.3168
0.7539, 0.3168
0.7539, 0.3168
0.7582, 0.3168
0.7582, 0.3168
0.7582, 0.3168
0.7582, 0.3168
0.7582, 0.3168
0.7582, 0.3168
0.7582, 0.3168
0.7625, 0.3168
0.7625, 0.3168
0.7625, 0.3168
0.7669, 0.3168
0.7669, 0.3168
0.7669, 0.3168
0.7713, 0.3168
0.7713, 0.3168
0.7713, 0.3168
0.7713, 0.3194
0.7713, 0.3194
0.7713, 0.3194
0.7757, 0.3194
0.7757, 0.3194
0.7757, 0.3194
0.7757, 0.3194
0.7801, 0.3194
0.7801, 0.3194
0.7801, 0.3194
0.7801, 0.3194
0.7801, 0.3194
0.7801, 0.3194
0.7845, 0.3194
0.7845, 0.3194
0.7845, 0.3194
0.7845, 0.3194
0.7845, 0.3194
0.7845, 0.3194
0.7845, 0.3194
0.7845, 0.3194
0.7845, 0.3194
0.7845, 0.3194
0.7889, 0.3194
0.7889, 0.3194
0.7889, 0.3194
0.7889, 0.3194
0.7889, 0.3194
0.7889, 0.3194
0.7889, 0.3194
0.7932, 0.3194
0.7932, 0.3194
0.7932, 0.3194
0.7932, 0.3194
0.7932, 0.3194
0.7932, 0.3194
0.7932, 0.3194
0.7932, 0.3194
0.7932, 0.3194
0.7932, 0.3194
0.7932, 0.3194
0.7932, 0.3194
0.7932, 0.3194
0.7932, 0.3194
0.7976, 0.3194
0.7976, 0.3194
0.7976, 0.3194
0.8019, 0.3194
0.8019, 0.3194
0.8019, 0.3194
0.8019, 0.3194
0.8063, 0.3194
0.8063, 0.3194
0.8063, 0.3194
0.8063, 0.3194
0.8063, 0.3194
0.8063, 0.3194
0.8063, 0.3194
0.8063, 0.3194
0.8063, 0.3194
0.8107, 0.3194
0.8107, 0.3194
0.8107, 0.3194
0.8151, 0.3194
0.8151, 0.3194
0.8151, 0.3194
0.8151, 0.3194
0.8151, 0.3194
0.8151, 0.3194
0.8151, 0.3194
0.8195, 0.3194
0.8195, 0.3194
0.8195, 0.3194
0.8195, 0.3194
0.8195, 0.3194
0.8195, 0.3194
0.8195, 0.3194
0.8238, 0.3194
0.8238, 0.3194
0.8238, 0.3194
0.8238, 0.3194
0.8238, 0.3194
0.8238, 0.3194
0.8282, 0.3194
0.8282, 0.3194
0.8282, 0.3194
0.8282, 0.3194
0.8326, 0.3194
0.8326, 0.3194
0.8326, 0.3194
0.8370, 0.3194
0.8370, 0.3194
0.8370, 0.3194
0.8370, 0.3194
0.8370, 0.3194
0.8370, 0.3194
0.8370, 0.3194
0.8370, 0.3194
0.8370, 0.3194
0.8370, 0.3194
0.8413, 0.3194
0.8413, 0.3194
0.8413, 0.3194
0.8457, 0.3194
0.8457, 0.3194
0.8457, 0.3194
0.8457, 0.3194
0.8457, 0.3194
0.8457, 0.3194
0.8457, 0.3194
0.8457, 0.3194
0.8457, 0.3194
0.8457, 0.3194
0.8501, 0.3194
0.8501, 0.3194
0.8501, 0.3194
0.8545, 0.3194
0.8545, 0.3194
0.8545, 0.3194
0.8588, 0.3194
0.8588, 0.3194
0.8588, 0.3194
0.8588, 0.3194
0.8588, 0.3194
0.8588, 0.3194
0.8588, 0.3194
0.8632, 0.3194
0.8632, 0.3194
0.8632, 0.3194
0.8676, 0.3194
0.8676, 0.3194
0.8676, 0.3194
0.8676, 0.3194
0.8676, 0.3194
0.8676, 0.3194
0.8720, 0.3194
0.8720, 0.3194
0.8720, 0.3194
0.8764, 0.3194
0.8764, 0.3194
0.8764, 0.3194
0.8808, 0.3194
0.8808, 0.3194
0.8808, 0.3194
0.8808, 0.3194
0.8808, 0.3194
0.8808, 0.3194
0.8851, 0.3194
0.8851, 0.3194
0.8851, 0.3194
0.8895, 0.3168
0.8895, 0.3168
0.8895, 0.3168
0.8895, 0.3168
0.8895, 0.3168
0.8895, 0.3168
0.8895, 0.3168
0.8982, 0.3168
0.8982, 0.3168
0.8982, 0.3168
0.9026, 0.3168
0.9026, 0.3168
0.9026, 0.3168
0.9026, 0.3168
0.9026, 0.3168
0.9026, 0.3168
0.9070, 0.3141
0.9070, 0.3141
0.9070, 0.3141
0.9158, 0.3141
0.9158, 0.3141
0.9158, 0.3141
0.9158, 0.3141
0.9158, 0.3141
0.9158, 0.3141
0.9202, 0.3141
0.9202, 0.3141
0.9202, 0.3141
0.9245, 0.3141
0.9245, 0.3141
0.9245, 0.3141
0.9245, 0.3141
0.9245, 0.3141
0.9245, 0.3141
0.9245, 0.3141
0.9288, 0.3141
0.9288, 0.3141
0.9288, 0.3141
0.9332, 0.3141
0.9332, 0.3141
0.9332, 0.3141
0.9376, 0.3141
0.9376, 0.3141
0.9376, 0.3141
0.9376, 0.3141
0.9376, 0.3141
0.9376, 0.3141
0.9420, 0.3115
0.9420, 0.3115
0.9420, 0.3115
0.9420, 0.3115
0.9420, 0.3115
0.9420, 0.3115
0.9464, 0.3115
0.9464, 0.3115
0.9464, 0.3115
0.9464, 0.3115
0.9464, 0.3115
0.9464, 0.3115
0.9508, 0.3089
0.9508, 0.3089
0.9508, 0.3089
0.9552, 0.3089
0.9552, 0.3089
0.9552, 0.3089
0.9552, 0.3089
0.9552, 0.3089
0.9552, 0.3089
0.9596, 0.3089
0.9596, 0.3089
0.9596, 0.3089
0.9596, 0.3089
0.9596, 0.3089
0.9596, 0.3089
0.9596, 0.3089
0.9638, 0.3089
0.9638, 0.3089
0.9638, 0.3089
0.9682, 0.3063
0.9682, 0.3063
0.9682, 0.3063
0.9682, 0.3063
0.9682, 0.3063
0.9682, 0.3063
0.9682, 0.3063
0.9682, 0.3063
0.9682, 0.3063
0.9682, 0.3063
0.9682, 0.3063
0.9682, 0.3063
0.9682, 0.3063
0.9682, 0.3063
0.9682, 0.3063
0.9682, 0.3063
0.9682, 0.3063
0.9682, 0.3063
0.9682, 0.3063
0.9682, 0.3063
0.9682, 0.3063
0.9682, 0.3063
0.9682, 0.3063
0.9682, 0.3063
0.9682, 0.3063
0.9682, 0.3063
0.9682, 0.3063
0.9682, 0.3063
0.9682, 0.3063
0.9682, 0.3063
0.9682, 0.3063
0.9682, 0.3063
0.9682, 0.3063
0.9682, 0.3063
0.9682, 0.3063
0.9682, 0.3063
0.9682, 0.3063
0.9682, 0.3063
0.9682, 0.3063
0.9682, 0.3063
0.9682, 0.3063
0.9682, 0.3063
0.9682, 0.3063
0.9682, 0.3063
0.9726, 0.3063
0.9726, 0.3063
0.9726, 0.3063
0.9726, 0.3063
0.9726, 0.3063
0.9726, 0.3063
0.9726, 0.3063
0.9726, 0.3063
0.9726, 0.3063
0.9726, 0.3063
0.9726, 0.3063
0.9726, 0.3063
0.9726, 0.3063
0.9726, 0.3063
0.9726, 0.3063
0.9726, 0.3063
0.9726, 0.3063
0.9726, 0.3063
0.9726, 0.3063
0.9726, 0.3063
0.9726, 0.3063
0.9726, 0.3063
0.9726, 0.3063
0.9726, 0.3063
0.9726, 0.3063
0.9726, 0.3063
0.9726, 0.3063
0.9726, 0.3063
0.9726, 0.3063
0.9726, 0.3063
0.9726, 0.3063
0.9726, 0.3063
0.9726, 0.3063
0.9726, 0.3063
0.9726, 0.3063
0.9726, 0.3063
0.9726, 0.3063
0.9726, 0.3063
0.9726, 0.3063
0.9726, 0.3063
0.9770, 0.3063

0.0842, 0.0366
0.0842, 0.0366
0.0842, 0.0366
0.0842, 0.0366
0.0842, 0.0366
0.0842, 0.0366
0.0842, 0.0366
0.0842, 0.0366
0.0842, 0.0366
0.0842, 0.0366
0.0842, 0.0366
0.0842, 0.0366
0.0842, 0.0366
0.0842, 0.0366
0.0842, 0.0366
0.0842, 0.0366
0.0842, 0.0366
0.0842, 0.0366
0.0842, 0.0366
0.0842, 0.0366
0.0842, 0.0366
0.0842, 0.0366
0.0842, 0.0366
0.0842, 0.0366
0.0842, 0.0366
0.0842, 0.0366
0.0842, 0.0366
0.0842, 0.0366
0.0842, 0.0366
0.0842, 0.0366
0.0842, 0.0366
0.0842, 0.0366
0.0842, 0.0366
0.0886, 0.0366
0.0886, 0.0366
0.0886, 0.0366
0.0886, 0.0366
0.0886, 0.0366
0.0886, 0.0366
0.0886, 0.0366
0.0886, 0.0366
0.0886, 0.0366
0.0886, 0.0366
0.0886, 0.0366
0.0886, 0.0366
0.0886, 0.0366
0.0886, 0.0366
0.0886, 0.0366
0.0886, 0.0366
0.0886, 0.0366
0.0886, 0.0366
0.0886, 0.0366
0.0886, 0.0366
0.0886, 0.0366
0.0886, 0.0366
0.0886, 0.0366
0.0886, 0.0366
0.0886, 0.0366
0.0886, 0.0366
0.0886, 0.0366
0.0886, 0.0366
0.0886, 0.0366
0.0886, 0.0366
0.0886, 0.0366
0.0886, 0.0366
0.0886, 0.0366
0.0886, 0.0366
0.0886, 0.0366
0.0886, 0.0366
0.0886, 0.0366
0.0886, 0.0366
0.0886, 0.0366
0.0886, 0.0366
0.0886, 0.0366
0.0886, 0.0366
0.0886, 0.0366
0.0886, 0.0366
0.0886, 0.0366
0.0886, 0.0366
0.0886, 0.0366
0.0886, 0.0366
0.0886, 0.0366
0.0886, 0.0366
0.0886, 0.0366
0.0886, 0.0366
0.0886, 0.0366
0.0886, 0.0366
0.0886, 0.0366
0.0886, 0.0366
0.0886, 0.0366
0.0886, 0.0366
0.0886, 0.0366
0.0886, 0.0366
0.0886, 0.0366
0.0886, 0.0366
0.0886, 0.0366
0.0886, 0.0366
0.0886, 0.0366
0.0886, 0.0366
0.0886, 0.0366
0.0886, 0.0366
0.0886, 0.0366
0.0886, 0.0366
0.0886, 0.0366
0.0886, 0.0366
0.0886, 0.0366
0.0886, 0.0366
0.0886, 0.0366
0.0886, 0.0366
0.0886, 0.0366
0.0930, 0.0366
0.0930, 0.0366
0.0930, 0.0366
0.0930, 0.0366
0.0930, 0.0366
0.0930, 0.0366
0.0930, 0.0366
0.0930, 0.0366
0.0930, 0.0366
0.0930, 0.0366
0.0930, 0.0366
0.0930, 0.0366
0.0930, 0.0366
0.0930, 0.0366
0.0930, 0.0366
0.0930, 0.0366
0.0930, 0.0366
0.0930, 0.0366
0.0930, 0.0366
0.0930, 0.0366
0.0930, 0.0366
0.0930, 0.0366
0.0930, 0.0366
0.0930, 0.0366
0.0930, 0.0366
0.0930, 0.0366
0.0930, 0.0366
0.0930, 0.0366
0.0930, 0.0366
0.0930, 0.0366
0.0930, 0.0366
0.0974, 0.0366
0.0974, 0.0366
0.0974, 0.0366
0.0974, 0.0366
0.0974, 0.0366
0.0974, 0.0366
0.0974, 0.0366
0.0974, 0.0366
0.0974, 0.0366
0.0974, 0.0366
0.0974, 0.0366
0.0974, 0.0366
0.0974, 0.0366
0.0974, 0.0366
0.0974, 0.0366
0.0974, 0.0366
0.0974, 0.0366
0.0974, 0.0366
0.0974, 0.0366
0.0974, 0.0366
0.0974, 0.0366
0.0974, 0.0340
0.0974, 0.0340
0.0974, 0.0340
0.0974, 0.0340
0.0974, 0.0340
0.0974, 0.0340
0.0974, 0.0340
0.0974, 0.0340
0.0974, 0.0340
0.0974, 0.0340
0.0974, 0.0340
0.0974, 0.0340
0.0974, 0.0340
0.1018, 0.0340
0.1018, 0.0340
0.1018, 0.0340
0.1018, 0.0340
0.1018, 0.0340
0.1018, 0.0340
0.1018, 0.0340
0.1018, 0.0340
0.1018, 0.0314
0.1018, 0.0314
0.1018, 0.0314
0.1018, 0.0314
0.1018, 0.0314
0.1018, 0.0314
0.1018, 0.0314
0.1018, 0.0314
0.1062, 0.0314
0.1062, 0.0314
0.1062, 0.0314
0.1062, 0.0314
0.1062, 0.0314
0.1062, 0.0314
0.1062, 0.0314
0.1062, 0.0314
0.1062, 0.0314
0.1062, 0.0314
0.1062, 0.0314
0.1062, 0.0314
0.1062, 0.0314
0.1062, 0.0314
0.1062, 0.0314
0.1062, 0.0314
0.1062, 0.0314
0.1062, 0.0314
0.1105, 0.0314
0.1105, 0.0314
0.1105, 0.0314
0.1105, 0.0314
0.1105, 0.0314
0.1105, 0.0314
0.1105, 0.0314
0.1105, 0.0314
0.1105, 0.0314
0.1105, 0.0314
0.1105, 0.0314
0.1105, 0.0314
0.1105, 0.0314
0.1105, 0.0314
0.1105, 0.0314
0.1105, 0.0314
0.1105, 0.0288
0.1105, 0.0288
0.1105, 0.0288
0.1105, 0.0288
0.1105, 0.0288
0.1105, 0.0288
0.1105, 0.0288
0.1105, 0.0288
0.1105, 0.0288
0.1105, 0.0288
0.1105, 0.0288
0.1105, 0.0288
0.1105, 0.0288
0.1149, 0.0262
0.1149, 0.0262
0.1149, 0.0262
0.1149, 0.0262
0.1149, 0.0262
0.1149, 0.0262
0.1149, 0.0262
0.1149, 0.0262
0.1149, 0.0262
0.1149, 0.0262
0.1149, 0.0262
0.1149, 0.0262
0.1149, 0.0262
0.1192, 0.0262
0.1192, 0.0262
0.1192, 0.0262
0.1192, 0.0262
0.1192, 0.0262
0.1192, 0.0262
0.1192, 0.0262
0.1192, 0.0262
0.1192, 0.0262
0.1192, 0.0262
0.1192, 0.0262
0.1192, 0.0262
0.1192, 0.0262
0.1192, 0.0262
0.1192, 0.0262
0.1192, 0.0262
0.1192, 0.0262
0.1192, 0.0236
0.1192, 0.0236
0.1192, 0.0236
0.1192, 0.0236
0.1192, 0.0236
0.1192, 0.0236
0.1192, 0.0236
0.1192, 0.0236
0.1192, 0.0236
0.1192, 0.0236
0.1192, 0.0236
0.1192, 0.0236
0.1236, 0.0236
0.1236, 0.0236
0.1236, 0.0236
0.1236, 0.0236
0.1236, 0.0209
0.1236, 0.0209
0.1236, 0.0209
0.1236, 0.0209
0.1236, 0.0209
0.1236, 0.0209
0.1236, 0.0209
0.1280, 0.0209
0.1280, 0.0209
0.1280, 0.0209
0.1280, 0.0209
0.1280, 0.0209
0.1280, 0.0209
0.1280, 0.0209
0.1280, 0.0209
0.1280, 0.0209
0.1280, 0.0209
0.1280, 0.0209
0.1280, 0.0209
0.1280, 0.0209
0.1280, 0.0209
0.1280, 0.0209
0.1280, 0.0209
0.1280, 0.0209
0.1280, 0.0209
0.1280, 0.0209
0.1280, 0.0209
0.1280, 0.0209
0.1324, 0.0209
0.1324, 0.0209
0.1324, 0.0209
0.1324, 0.0209
0.1324, 0.0209
0.1324, 0.0209
0.1324, 0.0209
0.1324, 0.0209
0.1324, 0.0183
0.1324, 0.0183
0.1324, 0.0183
0.1324, 0.0183
0.1368, 0.0183
0.1368, 0.0183
0.1368, 0.0183
0.1368, 0.0183
0.1368, 0.0183
0.1368, 0.0183
0.1368, 0.0183
0.1368, 0.0183
0.1412, 0.0183
0.1412, 0.0183
0.1412, 0.0183
0.1412, 0.0183
0.1412, 0.0157
0.1412, 0.0157
0.1412, 0.0157
0.1412, 0.0157
0.1412, 0.0157
0.1412, 0.0157
0.1412, 0.0157
0.1412, 0.0157
0.1412, 0.0157
0.1412, 0.0157
0.1455, 0.0157
0.1455, 0.0157
0.1455, 0.0157
0.1455, 0.0157
0.1455, 0.0131
0.1455, 0.0131
0.1455, 0.0131
0.1455, 0.0131
0.1455, 0.0131
0.1455, 0.0131
0.1455, 0.0131
0.1499, 0.0131
0.1499, 0.0131
0.1499, 0.0131
0.1499, 0.0131
0.1499, 0.0131
0.1499, 0.0131
0.1499, 0.0131
0.1499, 0.0131
0.1499, 0.0131
0.1499, 0.0131
0.1499, 0.0131
0.1499, 0.0131
0.1499, 0.0131
0.1499, 0.0131
0.1499, 0.0131
0.1499, 0.0131
0.1499, 0.0131
0.1499, 0.0131
0.1499, 0.0131
0.1499, 0.0131
0.1499, 0.0131
0.1499, 0.0131
0.1499, 0.0131
0.1543, 0.0131
0.1543, 0.0131
0.1543, 0.0131
0.1543, 0.0131
0.1543, 0.0131
0.1543, 0.0131
0.1543, 0.0131
0.1543, 0.0131
0.1543, 0.0131
0.1543, 0.0131
0.1543, 0.0131
0.1587, 0.0131
0.1587, 0.0131
0.1587, 0.0131
0.1587, 0.0131
0.1587, 0.0131
0.1587, 0.0131
0.1587, 0.0131
0.1587, 0.0131
0.1587, 0.0131
0.1587, 0.0131
0.1587, 0.0131
0.1587, 0.0131
0.1630, 0.0131
0.1630, 0.0131
0.1630, 0.0131
0.1630, 0.0131
0.1630, 0.0131
0.1630, 0.0131
0.1630, 0.0131
0.1630, 0.0131
0.1630, 0.0131
0.1630, 0.0131
0.1630, 0.0131
0.1630, 0.0131
0.1630, 0.0131
0.1630, 0.0105
0.1630, 0.0105
0.1630, 0.0105
0.1630, 0.0105
0.1630, 0.0105
0.1630, 0.0105
0.1630, 0.0105
0.1674, 0.0105
0.1674, 0.0105
0.1674, 0.0105
0.1674, 0.0105
0.1718, 0.0105
0.1718, 0.0105
0.1718, 0.0105
0.1718, 0.0105
0.1718, 0.0105
0.1718, 0.0105
0.1718, 0.0105
0.1718, 0.0105
0.1718, 0.0105
0.1718, 0.0105
0.1718, 0.0105
0.1718, 0.0105
0.1718, 0.0105
0.1718, 0.0105
0.1718, 0.0105
0.1718, 0.0105
0.1718, 0.0105
0.1718, 0.0105
0.1718, 0.0105
0.1718, 0.0105
0.1718, 0.0105
0.1762, 0.0105
0.1762, 0.0105
0.1762, 0.0105
0.1762, 0.0105
0.1762, 0.0105
0.1762, 0.0105
0.1762, 0.0105
0.1762, 0.0105
0.1762, 0.0105
0.1762, 0.0105
0.1762, 0.0105
0.1762, 0.0105
0.1762, 0.0105
0.1762, 0.0105
0.1762, 0.0105
0.1762, 0.0105
0.1805, 0.0105
0.1805, 0.0105
0.1805, 0.0105
0.1805, 0.0105
0.1805, 0.0105
0.1805, 0.0105
0.1805, 0.0105
0.1805, 0.0105
0.1805, 0.0105
0.1805, 0.0105
0.1805, 0.0105
0.1805, 0.0079
0.1805, 0.0079
0.1805, 0.0079
0.1805, 0.0079
0.1849, 0.0079
0.1849, 0.0079
0.1849, 0.0079
0.1849, 0.0079
0.1849, 0.0079
0.1849, 0.0079
0.1849, 0.0079
0.1849, 0.0079
0.1849, 0.0079
0.1849, 0.0079
0.1849, 0.0079
0.1849, 0.0079
0.1849, 0.0079
0.1849, 0.0079
0.1849, 0.0079
0.1849, 0.0079
0.1893, 0.0079
0.1893, 0.0079
0.1893, 0.0079
0.1893, 0.0079
0.1893, 0.0079
0.1893, 0.0079
0.1893, 0.0079
0.1893, 0.0079
0.1937, 0.0079
0.1937, 0.0079
0.1937, 0.0079
0.1937, 0.0079
0.1937, 0.0079
0.1937, 0.0079
0.1937, 0.0079
0.1937, 0.0079
0.1937, 0.0079
0.1937, 0.0079
0.1937, 0.0079
0.1937, 0.0079
0.1937, 0.0079
0.1937, 0.0079
0.1937, 0.0079
0.1981, 0.0079
0.1981, 0.0079
0.1981, 0.0079
0.1981, 0.0079
0.1981, 0.0079
0.1981, 0.0079
0.1981, 0.0079
0.1981, 0.0079
0.1981, 0.0079
0.1981, 0.0079
0.1981, 0.0079
0.1981, 0.0079
0.2024, 0.0079
0.2024, 0.0079
0.2024, 0.0079
0.2024, 0.0079
0.2024, 0.0079
0.2024, 0.0079
0.2024, 0.0079
0.2024, 0.0079
0.2068, 0.0079
0.2068, 0.0079
0.2068, 0.0079
0.2068, 0.0079
0.2068, 0.0079
0.2068, 0.0079
0.2068, 0.0079
0.2068, 0.0079
0.2068, 0.0079
0.2068, 0.0079
0.2068, 0.0079
0.2068, 0.0079
0.2068, 0.0079
0.2068, 0.0079
0.2068, 0.0079
0.2068, 0.0079
0.2068, 0.0079
0.2068, 0.0079
0.2068, 0.0079
0.2068, 0.0079
0.2111, 0.0052
0.2111, 0.0052
0.2111, 0.0052
0.2111, 0.0052
0.2111, 0.0052
0.2111, 0.0052
0.2111, 0.0052
0.2111, 0.0052
0.2111, 0.0052
0.2111, 0.0052
0.2111, 0.0052
0.2155, 0.0052
0.2155, 0.0052
0.2155, 0.0052
0.2155, 0.0052
0.2155, 0.0052
0.2155, 0.0052
0.2155, 0.0052
0.2155, 0.0052
0.2155, 0.0052
0.2155, 0.0052
0.2155, 0.0052
0.2155, 0.0052
0.2155, 0.0052
0.2155, 0.0052
0.2155, 0.0052
0.2155, 0.0052
0.2155, 0.0052
0.2155, 0.0052
0.2155, 0.0052
0.2155, 0.0052
0.2155, 0.0052
0.2155, 0.0052
0.2155, 0.0052
0.2155, 0.0052
0.2155, 0.0052
0.2155, 0.0052
0.2155, 0.0052
0.2155, 0.0052
0.2199, 0.0052
0.2199, 0.0052
0.2199, 0.0052
0.2199, 0.0052
0.2199, 0.0052
0.2199, 0.0052
0.2199, 0.0052
0.2199, 0.0052
0.2199, 0.0052
0.2199, 0.0052
0.2199, 0.0052
0.2199, 0.0052
0.2243, 0.0026
0.2243, 0.0026
0.2243, 0.0026
0.2243, 0.0026
0.2243, 0.0026
0.2243, 0.0026
0.2243, 0.0026
0.2243, 0.0026
0.2243, 0.0026
0.2243, 0.0026
0.2243, 0.0026
0.2287, 0.0026
0.2287, 0.0026
0.2287, 0.0026
0.2287, 0.0026
0.2287, 0.0026
0.2287, 0.0026
0.2287, 0.0026
0.2287, 0.0026
0.2287, 0.0026
0.2287, 0.0026
0.2287, 0.0026
0.2287, 0.0026
0.2287, 0.0026
0.2287, 0.0026
0.2287, 0.0026
0.2287, 0.0026
0.2287, 0.0026
0.2287, 0.0026
0.2287, 0.0026
0.2287, 0.0026
0.2331, 0.0026
0.2331, 0.0026
0.2331, 0.0026
0.2331, 0.0026
0.2331, 0.0026
0.2331, 0.0026
0.2331, 0.0026
0.2331, 0.0026
0.2331, 0.0026
0.2331, 0.0026
0.2331, 0.0026
0.2375, 0.0026
0.2375, 0.0026
0.2375, 0.0026
0.2375, 0.0026
0.2375, 0.0000
0.2375, 0.0000
0.2375, 0.0000
0.2375, 0.0000
0.2375, 0.0000
0.2375, 0.0000
0.2375, 0.0000
0.2375, 0.0000
0.2375, 0.0000
0.2375, 0.0000
0.2375, 0.0000
0.2375, 0.0000
0.2375, 0.0000
0.2375, 0.0000
0.2375, 0.0000
0.2375, 0.0000
0.2375, 0.0000
0.2375, 0.0000
0.2418, 0.0000
0.2418, 0.0000
0.2418, 0.0000
0.2418, 0.0000
0.2418, 0.0000
0.2418, 0.0000
0.2418, 0.0000
0.2418, 0.0000
0.2418, 0.0000
0.2418, 0.0000
0.2418, 0.0000
0.2418, 0.0000
0.2461, 0.0000
0.2461, 0.0000
0.2461, 0.0000
0.2461, 0.0000
0.2461, 0.0000
0.2461, 0.0000
0.2461, 0.0000
0.2505, 0.0000
0.2505, 0.0000
0.2505, 0.0000
0.2505, 0.0000
0.2505, 0.0000
0.2505, 0.0000
0.2505, 0.0000
0.2505, 0.0000
0.2505, 0.0000
0.2505, 0.0000
0.2505, 0.0000
0.2505, 0.0000
0.2505, 0.0000
0.2505, 0.0000
0.2505, 0.0000
0.2505, 0.0000
0.2505, 0.0000
0.2505, 0.0000
0.2549, 0.0000
0.2549, 0.0000
0.2549, 0.0000
0.2549, 0.0000
0.2549, 0.0000
0.2549, 0.0000
0.2549, 0.0000
0.2593, 0.0000
0.2593, 0.0000
0.2593, 0.0000
0.2593, 0.0000
0.2593, 0.0000
0.2593, 0.0000
0.2593, 0.0000
0.2593, 0.0000
0.2593, 0.0000
0.2593, 0.0000
0.2593, 0.0000
0.2593, 0.0000
0.2637, 0.0000
0.2637, 0.0000
0.2637, 0.0000
0.2637, 0.0000
0.2637, 0.0000
0.2637, 0.0000
0.2637, 0.0000
0.2637, 0.0000
0.2637, 0.0000
0.2637, 0.0000
0.2637, 0.0000
0.2681, 0.0000
0.2681, 0.0000
0.2681, 0.0000
0.2681, 0.0000
0.2681, 0.0000
0.2681, 0.0000
0.2681, 0.0000
0.2681, 0.0000
0.2681, 0.0000
0.2681, 0.0000
0.2681, 0.0000
0.2681, 0.0000
0.2681, 0.0000
0.2681, 0.0000
0.2681, 0.0000
0.2725, 0.0000
0.2725, 0.0000
0.2725, 0.0000
0.2725, 0.0000
0.2769, 0.0000
0.2769, 0.0000
0.2769, 0.0000
0.2811, 0.0000
0.2811, 0.0000
0.2811, 0.0000
0.2811, 0.0000
0.2811, 0.0000
0.2811, 0.0000
0.2811, 0.0000
0.2811, 0.0000
0.2811, 0.0000
0.2811, 0.0000
0.2811, 0.0000
0.2811, 0.0000
0.2811, 0.0000
0.2811, 0.0000
0.2855, 0.0000
0.2855, 0.0000
0.2855, 0.0000
0.2855, 0.0000
0.2855, 0.0000
0.2855, 0.0000
0.2855, 0.0000
0.2899, 0.0000
0.2899, 0.0000
0.2899, 0.0000
0.2899, 0.0000
0.2899, 0.0000
0.2899, 0.0000
0.2899, 0.0000
0.2899, 0.0000
0.2899, 0.0000
0.2899, 0.0000
0.2899, 0.0000
0.2899, 0.0000
0.2899, 0.0000
0.2899, 0.0000
0.2899, 0.0000
0.2899, 0.0000
0.2899, 0.0000
0.2899, 0.0000
0.2899, 0.0000
0.2943, 0.0000
0.2943, 0.0000
0.2943, 0.0000
0.2943, 0.0000
0.2943, 0.0000
0.2943, 0.0000
0.2987, 0.0000
0.2987, 0.0000
0.2987, 0.0000
0.2987, 0.0000
0.2987, 0.0000
0.2987, 0.0000
0.2987, 0.0000
0.3031, 0.0000
0.3031, 0.0000
0.3031, 0.0000
0.3031, 0.0000
0.3031, 0.0000
0.3031, 0.0000
0.3031, 0.0000
0.3031, 0.0000
0.3031, 0.0000
0.3031, 0.0000
0.3031, 0.0000
0.3075, 0.0000
0.3075, 0.0000
0.3075, 0.0000
0.3075, 0.0000
0.3075, 0.0000
0.3075, 0.0000
0.3075, 0.0000
0.3119, 0.0000
0.3119, 0.0000
0.3119, 0.0000
0.3119, 0.0000
0.3119, 0.0000
0.3119, 0.0000
0.3119, 0.0000
0.3119, 0.0000
0.3119, 0.0000
0.3119, 0.0000
0.3119, 0.0000
0.3119, 0.0000
0.3119, 0.0000
0.3119, 0.0000
0.3162, 0.0000
0.3162, 0.0000
0.3162, 0.0000
0.3162, 0.0000
0.3162, 0.0000
0.3205, 0.0026
0.3205, 0.0026
0.3205, 0.0026
0.3205, 0.0026
0.3205, 0.0026
0.3205, 0.0026
0.3249, 0.0026
0.3249, 0.0026
0.3249, 0.0026
0.3249, 0.0026
0.3249, 0.0026
0.3249, 0.0026
0.3249, 0.0026
0.3249, 0.0026
0.3249, 0.0026
0.3249, 0.0026
0.3249, 0.0026
0.3249, 0.0026
0.3293, 0.0026
0.3293, 0.0026
0.3293, 0.0026
0.3293, 0.0026
0.3293, 0.0026
0.3293, 0.0026
0.3337, 0.0052
0.3337, 0.0052
0.3337, 0.0052
0.3337, 0.0052
0.3337, 0.0052
0.3337, 0.0052
0.3337, 0.0052
0.3337, 0.0052
0.3337, 0.0052
0.3337, 0.0052
0.3337, 0.0052
0.3337, 0.0052
0.3337, 0.0052
0.3337, 0.0052
0.3381, 0.0052
0.3381, 0.0052
0.3381, 0.0052
0.3381, 0.0052
0.3381, 0.0052
0.3381, 0.0052
0.3425, 0.0052
0.3425, 0.0052
0.3425, 0.0052
0.3425, 0.0052
0.3425, 0.0052
0.3468, 0.0052
0.3468, 0.0052
0.3468, 0.0052
0.3468, 0.0052
0.3468, 0.0052
0.3468, 0.0052
0.3468, 0.0052
0.3468, 0.0052
0.3468, 0.0052
0.3468, 0.0079
0.3468, 0.0079
0.3468, 0.0079
0.3512, 0.0079
0.3512, 0.0079
0.3512, 0.0079
0.3512, 0.0079
0.3512, 0.0079
0.3512, 0.0079
0.3512, 0.0079
0.3556, 0.0079
0.3556, 0.0079
0.3556, 0.0079
0.3556, 0.0079
0.3556, 0.0079
0.3556, 0.0079
0.3556, 0.0105
0.3556, 0.0105
0.3556, 0.0105
0.3556, 0.0105
0.3556, 0.0105
0.3556, 0.0105
0.3556, 0.0105
0.3556, 0.0105
0.3556, 0.0105
0.3556, 0.0105
0.3599, 0.0105
0.3599, 0.0105
0.3599, 0.0105
0.3599, 0.0105
0.3599, 0.0105
0.3599, 0.0105
0.3599, 0.0105
0.3643, 0.0105
0.3643, 0.0105
0.3643, 0.0105
0.3643, 0.0105
0.3643, 0.0105
0.3643, 0.0105
0.3643, 0.0105
0.3643, 0.0105
0.3643, 0.0105
0.3643, 0.0105
0.3643, 0.0105
0.3687, 0.0105
0.3687, 0.0105
0.3687, 0.0105
0.3687, 0.0105
0.3687, 0.0105
0.3687, 0.0105
0.3687, 0.0105
0.3687, 0.0105
0.3687, 0.0105
0.3687, 0.0105
0.3687, 0.0105
0.3687, 0.0105
0.3687, 0.0105
0.3687, 0.0105
0.3687, 0.0105
0.3687, 0.0105
0.3687, 0.0105
0.3687, 0.0105
0.3731, 0.0105
0.3731, 0.0105
0.3731, 0.0105
0.3731, 0.0105
0.3731, 0.0105
0.3775, 0.0105
0.3775, 0.0105
0.3775, 0.0105
0.3775, 0.0105
0.3775, 0.0105
0.3775, 0.0105
0.3775, 0.0105
0.3775, 0.0105
0.3775, 0.0105
0.3775, 0.0105
0.3775, 0.0105
0.3775, 0.0105
0.3818, 0.0131
0.3818, 0.0131
0.3818, 0.0131
0.3818, 0.0131
0.3818, 0.0131
0.3862, 0.0131
0.3862, 0.0131
0.3862, 0.0131
0.3862, 0.0131
0.3862, 0.0131
0.3906, 0.0131
0.3906, 0.0131
0.3906, 0.0131
0.3906, 0.0131
0.3906, 0.0131
0.3906, 0.0131
0.3906, 0.0131
0.3906, 0.0131
0.3906, 0.0131
0.3950, 0.0157
0.3950, 0.0157
0.3950, 0.0157
0.3950, 0.0157
0.3950, 0.0157
0.3994, 0.0157
0.3994, 0.0157
0.3994, 0.0157
0.3994, 0.0157
0.3994, 0.0157
0.3994, 0.0157
0.3994, 0.0157
0.3994, 0.0157
0.3994, 0.0157
0.3994, 0.0157
0.3994, 0.0157
0.4037, 0.0157
0.4037, 0.0157
0.4037, 0.0157
0.4037, 0.0157
0.4037, 0.0157
0.4037, 0.0157
0.4037, 0.0157
0.4037, 0.0157
0.4037, 0.0157
0.4037, 0.0157
0.4037, 0.0157
0.4081, 0.0157
0.4081, 0.0157
0.4081, 0.0157
0.4081, 0.0157
0.4081, 0.0157
0.4081, 0.0183
0.4081, 0.0183
0.4081, 0.0183
0.4081, 0.0183
0.4081, 0.0183
0.4125, 0.0183
0.4125, 0.0183
0.4125, 0.0183
0.4125, 0.0183
0.4125, 0.0183
0.4125, 0.0183
0.4168, 0.0183
0.4168, 0.0183
0.4168, 0.0183
0.4168, 0.0183
0.4168, 0.0183
0.4212, 0.0183
0.4212, 0.0183
0.4212, 0.0183
0.4212, 0.0183
0.4212, 0.0183
0.4212, 0.0183
0.4212, 0.0183
0.4212, 0.0183
0.4256, 0.0183
0.4256, 0.0183
0.4256, 0.0183
0.4256, 0.0183
0.4256, 0.0183
0.4256, 0.0183
0.4256, 0.0183
0.4256, 0.0183
0.4300, 0.0183
0.4300, 0.0183
0.4300, 0.0183
0.4300, 0.0183
0.4300, 0.0183
0.4300, 0.0183
0.4300, 0.0183
0.4300, 0.0183
0.4300, 0.0209
0.4300, 0.0209
0.4300, 0.0209
0.4300, 0.0209
0.4300, 0.0209
0.4300, 0.0209
0.4300, 0.0209
0.4300, 0.0209
0.4300, 0.0209
0.4300, 0.0209
0.4300, 0.0209
0.4344, 0.0209
0.4344, 0.0209
0.4344, 0.0209
0.4344, 0.0209
0.4344, 0.0209
0.4344, 0.0209
0.4388, 0.0236
0.4388, 0.0236
0.4431, 0.0236
0.4431, 0.0236
0.4431, 0.0236
0.4431, 0.0236
0.4431, 0.0236
0.4431, 0.0236
0.4431, 0.0236
0.4431, 0.0236
0.4431, 0.0236
0.4431, 0.0236
0.4475, 0.0236
0.4475, 0.0236
0.4475, 0.0236
0.4475, 0.0236
0.4475, 0.0236
0.4518, 0.0236
0.4518, 0.0236
0.4518, 0.0236
0.4518, 0.0236
0.4518, 0.0236
0.4518, 0.0236
0.4518, 0.0236
0.4518, 0.0236
0.4518, 0.0236
0.4518, 0.0236
0.4518, 0.0236
0.4518, 0.0262
0.4518, 0.0262
0.4562, 0.0262
0.4562, 0.0262
0.4562, 0.0262
0.4606, 0.0262
0.4606, 0.0262
0.4606, 0.0288
0.4606, 0.0288
0.4650, 0.0288
0.4650, 0.0288
0.4650, 0.0288
0.4650, 0.0288
0.4650, 0.0288
0.4650, 0.0288
0.4650, 0.0288
0.4650, 0.0288
0.4650, 0.0288
0.4650, 0.0288
0.4650, 0.0288
0.4650, 0.0288
0.4650, 0.0288
0.4650, 0.0288
0.4694, 0.0288
0.4694, 0.0288
0.4694, 0.0288
0.4694, 0.0288
0.4694, 0.0288
0.4738, 0.0288
0.4738, 0.0288
0.4738, 0.0288
0.4738, 0.0314
0.4738, 0.0314
0.4738, 0.0314
0.4738, 0.0314
0.4738, 0.0314
0.4738, 0.0314
0.4738, 0.0314
0.4738, 0.0314
0.4738, 0.0314
0.4738, 0.0314
0.4782, 0.0314
0.4782, 0.0314
0.4782, 0.0340
0.4782, 0.0340
0.4782, 0.0340
0.4782, 0.0340
0.4782, 0.0340
0.4825, 0.0340
0.4825, 0.0340
0.4825, 0.0340
0.4825, 0.0340
0.4825, 0.0340
0.4825, 0.0340
0.4868, 0.0366
0.4868, 0.0366
0.4868, 0.0366
0.4868, 0.0366
0.4868, 0.0366
0.4868, 0.0366
0.4868, 0.0366
0.4868, 0.0366
0.4868, 0.0366
0.4868, 0.0366
0.4868, 0.0366
0.4868, 0.0366
0.4868, 0.0366
0.4912, 0.0366
0.4912, 0.0366
0.4912, 0.0366
0.4912, 0.0366
0.4912, 0.0366
0.4912, 0.0366
0.4912, 0.0366
0.4912, 0.0366
0.4956, 0.0366
0.4956, 0.0366
0.4956, 0.0366
0.4956, 0.0366
0.4956, 0.0366
0.4956, 0.0393
0.4956, 0.0393
0.4956, 0.0393
0.5000, 0.0393
0.5000, 0.0393
0.5000, 0.0393
0.5000, 0.0393
0.5000, 0.0393
0.5044, 0.0393
0.5044, 0.0393
0.5044, 0.0419
0.5044, 0.0419
0.5044, 0.0419
0.5044, 0.0419
0.5044, 0.0419
0.5088, 0.0419
0.5088, 0.0419
0.5088, 0.0419
0.5088, 0.0419
0.5088, 0.0419
0.5088, 0.0419
0.5088, 0.0419
0.5088, 0.0419
0.5088, 0.0419
0.5088, 0.0419
0.5088, 0.0419
0.5088, 0.0419
0.5088, 0.0419
0.5088, 0.0419
0.5132, 0.0419
0.5132, 0.0419
0.5132, 0.0419
0.5132, 0.0419
0.5132, 0.0419
0.5132, 0.0419
0.5132, 0.0419
0.5132, 0.0419
0.5175, 0.0419
0.5175, 0.0419
0.5175, 0.0419
0.5175, 0.0419
0.5175, 0.0419
0.5175, 0.0419
0.5175, 0.0419
0.5175, 0.0445
0.5175, 0.0445
0.5175, 0.0445
0.5175, 0.0445
0.5175, 0.0445
0.5175, 0.0445
0.5218, 0.0445
0.5218, 0.0445
0.5218, 0.0445
0.5218, 0.0445
0.5218, 0.0445
0.5262, 0.0445
0.5262, 0.0445
0.5262, 0.0445
0.5262, 0.0445
0.5306, 0.0445
0.5306, 0.0445
0.5306, 0.0445
0.5306, 0.0471
0.5306, 0.0471
0.5306, 0.0471
0.5306, 0.0471
0.5306, 0.0471
0.5350, 0.0471
0.5350, 0.0471
0.5350, 0.0471
0.5350, 0.0471
0.5350, 0.0471
0.5394, 0.0471
0.5394, 0.0471
0.5394, 0.0471
0.5394, 0.0497
0.5394, 0.0497
0.5394, 0.0497
0.5394, 0.0497
0.5394, 0.0497
0.5394, 0.0497
0.5394, 0.0497
0.5394, 0.0497
0.5394, 0.0497
0.5394, 0.0497
0.5438, 0.0497
0.5438, 0.0497
0.5438, 0.0497
0.5438, 0.0497
0.5438, 0.0497
0.5438, 0.0497
0.5438, 0.0497
0.5438, 0.0497
0.5482, 0.0497
0.5482, 0.0497
0.5482, 0.0497
0.5482, 0.0497
0.5482, 0.0497
0.5482, 0.0497
0.5482, 0.0497
0.5482, 0.0497
0.5482, 0.0497
0.5482, 0.0497
0.5482, 0.0497
0.5482, 0.0497
0.5525, 0.0497
0.5525, 0.0497
0.5525, 0.0497
0.5525, 0.0497
0.5525, 0.0497
0.5569, 0.0497
0.5569, 0.0497
0.5569, 0.0524
0.5569, 0.0524
0.5569, 0.0524
0.5612, 0.0524
0.5612, 0.0524
0.5612, 0.0524
0.5612, 0.0524
0.5612, 0.0524
0.5612, 0.0524
0.5612, 0.0524
0.5612, 0.0524
0.5612, 0.0524
0.5612, 0.0524
0.5656, 0.0524
0.5656, 0.0524
0.5656, 0.0550
0.5656, 0.0550
0.5656, 0.0550
0.5656, 0.0550
0.5656, 0.0550
0.5656, 0.0550
0.5700, 0.0550
0.5700, 0.0550
0.5700, 0.0550
0.5700, 0.0550
0.5700, 0.0550
0.5700, 0.0550
0.5700, 0.0550
0.5700, 0.0550
0.5700, 0.0550
0.5700, 0.0550
0.5700, 0.0550
0.5700, 0.0550
0.5700, 0.0550
0.5700, 0.0550
0.5700, 0.0550
0.5700, 0.0550
0.5744, 0.0550
0.5744, 0.0550
0.5744, 0.0550
0.5744, 0.0550
0.5744, 0.0550
0.5744, 0.0550
0.5744, 0.0550
0.5788, 0.0550
0.5788, 0.0550
0.5788, 0.0550
0.5788, 0.0550
0.5788, 0.0550
0.5788, 0.0550
0.5788, 0.0550
0.5788, 0.0550
0.5832, 0.0550
0.5832, 0.0550
0.5832, 0.0576
0.5832, 0.0576
0.5832, 0.0576
0.5832, 0.0576
0.5832, 0.0576
0.5832, 0.0576
0.5832, 0.0576
0.5832, 0.0576
0.5875, 0.0576
0.5875, 0.0576
0.5875, 0.0576
0.5919, 0.0602
0.5919, 0.0602
0.5919, 0.0602
0.5919, 0.0602
0.5919, 0.0602
0.5919, 0.0602
0.5919, 0.0602
0.5963, 0.0602
0.5963, 0.0602
0.5963, 0.0602
0.5963, 0.0628
0.5963, 0.0628
0.6006, 0.0628
0.6006, 0.0628
0.6006, 0.0628
0.6006, 0.0628
0.6006, 0.0628
0.6006, 0.0628
0.6006, 0.0628
0.6006, 0.0628
0.6006, 0.0628
0.6006, 0.0628
0.6006, 0.0628
0.6006, 0.0628
0.6006, 0.0628
0.6050, 0.0628
0.6050, 0.0628
0.6050, 0.0628
0.6050, 0.0628
0.6050, 0.0628
0.6050, 0.0628
0.6050, 0.0628
0.6050, 0.0628
0.6050, 0.0628
0.6050, 0.0628
0.6094, 0.0628
0.6094, 0.0628
0.6094, 0.0628
0.6094, 0.0628
0.6094, 0.0628
0.6138, 0.0654
0.6138, 0.0654
0.6138, 0.0654
0.6138, 0.0654
0.6138, 0.0654
0.6138, 0.0654
0.6138, 0.0654
0.6138, 0.0681
0.6138, 0.0681
0.6138, 0.0681
0.6182, 0.0681
0.6182, 0.0681
0.6225, 0.0681
0.6225, 0.0681
0.6225, 0.0681
0.6225, 0.0681
0.6225, 0.0681
0.6269, 0.0681
0.6269, 0.0681
0.6269, 0.0681
0.6269, 0.0681
0.6269, 0.0681
0.6269, 0.0681
0.6269, 0.0681
0.6269, 0.0681
0.6269, 0.0681
0.6269, 0.0681
0.6269, 0.0681
0.6269, 0.0681
0.6269, 0.0681
0.6269, 0.0681
0.6269, 0.0681
0.6269, 0.0681
0.6269, 0.0681
0.6269, 0.0681
0.6313, 0.0681
0.6313, 0.0681
0.6313, 0.0681
0.6313, 0.0707
0.6313, 0.0707
0.6357, 0.0707
0.6357, 0.0707
0.6357, 0.0707
0.6357, 0.0707
0.6357, 0.0707
0.6357, 0.0707
0.6357, 0.0707
0.6357, 0.0733
0.6357, 0.0733
0.6357, 0.0733
0.6357, 0.0733
0.6357, 0.0733
0.6401, 0.0733
0.6401, 0.0733
0.6401, 0.0733
0.6401, 0.0733
0.6401, 0.0733
0.6444, 0.0733
0.6444, 0.0733
0.6488, 0.0759
0.6488, 0.0759
0.6488, 0.0759
0.6488, 0.0759
0.6488, 0.0759
0.6488, 0.0759
0.6488, 0.0759
0.6488, 0.0759
0.6488, 0.0759
0.6488, 0.0759
0.6532, 0.0759
0.6532, 0.0759
0.6532, 0.0759
0.6532, 0.0759
0.6532, 0.0759
0.6575, 0.0759
0.6575, 0.0759
0.6575, 0.0759
0.6575, 0.0759
0.6575, 0.0759
0.6575, 0.0759
0.6575, 0.0759
0.6575, 0.0759
0.6575, 0.0759
0.6575, 0.0759
0.6575, 0.0759
0.6575, 0.0759
0.6619, 0.0759
0.6619, 0.0759
0.6619, 0.0759
0.6619, 0.0785
0.6619, 0.0785
0.6663, 0.0785
0.6663, 0.0785
0.6663, 0.0785
0.6663, 0.0785
0.6663, 0.0785
0.6707, 0.0785
0.6707, 0.0785
0.6707, 0.0785
0.6707, 0.0785
0.6707, 0.0785
0.6707, 0.0785
0.6707, 0.0785
0.6707, 0.0785
0.6707, 0.0785
0.6707, 0.0785
0.6707, 0.0785
0.6707, 0.0785
0.6707, 0.0785
0.6751, 0.0812
0.6751, 0.0812
0.6751, 0.0812
0.6751, 0.0812
0.6751, 0.0812
0.6795, 0.0812
0.6795, 0.0812
0.6795, 0.0812
0.6795, 0.0812
0.6795, 0.0812
0.6838, 0.0812
0.6838, 0.0812
0.6838, 0.0812
0.6838, 0.0812
0.6838, 0.0812
0.6881, 0.0812
0.6881, 0.0812
0.6881, 0.0812
0.6881, 0.0812
0.6881, 0.0812
0.6881, 0.0812
0.6881, 0.0812
0.6881, 0.0812
0.6881, 0.0812
0.6881, 0.0812
0.6925, 0.0812
0.6925, 0.0812
0.6925, 0.0812
0.6925, 0.0812
0.6925, 0.0812
0.6925, 0.0812
0.6925, 0.0812
0.6969, 0.0812
0.6969, 0.0812
0.6969, 0.0838
0.6969, 0.0838
0.6969, 0.0838
0.7013, 0.0838
0.7013, 0.0838
0.7013, 0.0838
0.7013, 0.0838
0.7013, 0.0838
0.7013, 0.0838
0.7013, 0.0838
0.7057, 0.0838
0.7057, 0.0838
0.7057, 0.0838
0.7057, 0.0838
0.7057, 0.0838
0.7101, 0.0838
0.7101, 0.0838
0.7101, 0.0838
0.7101, 0.0838
0.7101, 0.0838
0.7101, 0.0864
0.7101, 0.0864
0.7101, 0.0864
0.7101, 0.0864
0.7101, 0.0864
0.7145, 0.0864
0.7145, 0.0864
0.7145, 0.0864
0.7145, 0.0864
0.7145, 0.0864
0.7145, 0.0864
0.7145, 0.0864
0.7145, 0.0864
0.7189, 0.0864
0.7189, 0.0864
0.7189, 0.0864
0.7189, 0.0864
0.7189, 0.0864
0.7189, 0.0864
0.7189, 0.0864
0.7231, 0.0864
0.7231, 0.0864
0.7231, 0.0864
0.7231, 0.0864
0.7231, 0.0864
0.7231, 0.0890
0.7231, 0.0890
0.7231, 0.0890
0.7231, 0.0890
0.7231, 0.0890
0.7231, 0.0890
0.7231, 0.0890
0.7275, 0.0890
0.7275, 0.0890
0.7275, 0.0890
0.7275, 0.0890
0.7319, 0.0890
0.7319, 0.0890
0.7319, 0.0890
0.7319, 0.0890
0.7319, 0.0890
0.7319, 0.0890
0.7319, 0.0890
0.7319, 0.0890
0.7363, 0.0890
0.7363, 0.0890
0.7363, 0.0890
0.7363, 0.0890
0.7407, 0.0890
0.7407, 0.0890
0.7451, 0.0890
0.7451, 0.0890
0.7451, 0.0890
0.7495, 0.0890
0.7495, 0.0890
0.7495, 0.0890
0.7539, 0.0916
0.7582, 0.0916
0.7582, 0.0916
0.7625, 0.0916
0.7625, 0.0916
0.7669, 0.0916
0.7669, 0.0916
0.7669, 0.0916
0.7669, 0.0916
0.7669, 0.0916
0.7669, 0.0916
0.7669, 0.0916
0.7669, 0.0916
0.7669, 0.0916
0.7669, 0.0916
0.7713, 0.0916
0.7713, 0.0916
0.7713, 0.0916
0.7713, 0.0916
0.7713, 0.0916
0.7757, 0.0916
0.7757, 0.0916
0.7757, 0.0916
0.7757, 0.0916
0.7757, 0.0916
0.7757, 0.0916
0.7757, 0.0916
0.7801, 0.0916
0.7801, 0.0916
0.7801, 0.0916
0.7801, 0.0916
0.7801, 0.0916
0.7845, 0.0942
0.7845, 0.0942
0.7845, 0.0942
0.7845, 0.0942
0.7845, 0.0942
0.7889, 0.0942
0.7889, 0.0942
0.7889, 0.0942
0.7889, 0.0942
0.7889, 0.0942
0.7889, 0.0942
0.7889, 0.0942
0.7889, 0.0942
0.7889, 0.0942
0.7889, 0.0942
0.7932, 0.0942
0.7932, 0.0942
0.7932, 0.0942
0.7932, 0.0942
0.7976, 0.0942
0.7976, 0.0942
0.7976, 0.0942
0.7976, 0.0942
0.7976, 0.0942
0.7976, 0.0942
0.7976, 0.0942
0.7976, 0.0942
0.7976, 0.0942
0.7976, 0.0942
0.8019, 0.0942
0.8019, 0.0942
0.8019, 0.0942
0.8019, 0.0942
0.8019, 0.0942
0.8063, 0.0942
0.8063, 0.0942
0.8063, 0.0942
0.8063, 0.0942
0.8063, 0.0942
0.8107, 0.0942
0.8107, 0.0942
0.8107, 0.0942
0.8107, 0.0942
0.8107, 0.0942
0.8107, 0.0942
0.8107, 0.0942
0.8107, 0.0942
0.8107, 0.0942
0.8107, 0.0942
0.8107, 0.0942
0.8107, 0.0942
0.8151, 0.0942
0.8151, 0.0942
0.8151, 0.0942
0.8151, 0.0942
0.8151, 0.0942
0.8151, 0.0942
0.8151, 0.0942
0.8195, 0.0942
0.8195, 0.0942
0.8195, 0.0942
0.8195, 0.0942
0.8195, 0.0942
0.8195, 0.0942
0.8195, 0.0942
0.8195, 0.0942
0.8195, 0.0942
0.8238, 0.0942
0.8238, 0.0942
0.8238, 0.0942
0.8238, 0.0942
0.8238, 0.0942
0.8282, 0.0942
0.8282, 0.0942
0.8282, 0.0942
0.8282, 0.0942
0.8326, 0.0942
0.8326, 0.0942
0.8326, 0.0942
0.8370, 0.0942
0.8370, 0.0942
0.8413, 0.0942
0.8413, 0.0942
0.8413, 0.0942
0.8413, 0.0942
0.8413, 0.0942
0.8413, 0.0942
0.8413, 0.0942
0.8457, 0.0942
0.8457, 0.0942
0.8501, 0.0942
0.8501, 0.0942
0.8501, 0.0942
0.8501, 0.0942
0.8501, 0.0942
0.8545, 0.0942
0.8545, 0.0942
0.8588, 0.0942
0.8588, 0.0942
0.8588, 0.0942
0.8588, 0.0942
0.8588, 0.0942
0.8632, 0.0942
0.8632, 0.0942
0.8632, 0.0942
0.8632, 0.0942
0.8632, 0.0942
0.8632, 0.0942
0.8676, 0.0942
0.8676, 0.0942
0.8676, 0.0942
0.8676, 0.0942
0.8676, 0.0942
0.8720, 0.0942
0.8720, 0.0942
0.8720, 0.0942
0.8720, 0.0942
0.8720, 0.0942
0.8720, 0.0942
0.8720, 0.0942
0.8764, 0.0942
0.8764, 0.0942
0.8764, 0.0942
0.8764, 0.0942
0.8764, 0.0942
0.8808, 0.0942
0.8808, 0.0942
0.8808, 0.0942
0.8851, 0.0916
0.8851, 0.0916
0.8851, 0.0916
0.8851, 0.0916
0.8851, 0.0916
0.8851, 0.0916
0.8851, 0.0916
0.8895, 0.0916
0.8895, 0.0916
0.8938, 0.0916
0.8938, 0.0916
0.8938, 0.0916
0.8938, 0.0916
0.8982, 0.0916
0.8982, 0.0916
0.8982, 0.0916
0.9070, 0.0916
0.9070, 0.0916
0.9070, 0.0916
0.9070, 0.0916
0.9070, 0.0916
0.9070, 0.0916
0.9070, 0.0916
0.9114, 0.0890
0.9114, 0.0890
0.9158, 0.0890
0.9158, 0.0890
0.9158, 0.0890
0.9158, 0.0890
0.9158, 0.0890
0.9158, 0.0890
0.9158, 0.0890
0.9158, 0.0864
0.9158, 0.0864
0.9158, 0.0864
0.9158, 0.0864
0.9158, 0.0864
0.9158, 0.0864
0.9158, 0.0864
0.9202, 0.0864
0.9202, 0.0864
0.9202, 0.0864
0.9202, 0.0864
0.9202, 0.0864
0.9202, 0.0838
0.9202, 0.0838
0.9245, 0.0838
0.9245, 0.0838
0.9245, 0.0838
0.9245, 0.0838
0.9245, 0.0838
0.9288, 0.0838
0.9288, 0.0838
0.9288, 0.0838
0.9288, 0.0838
0.9288, 0.0838
0.9288, 0.0838
0.9288, 0.0838
0.9288, 0.0838
0.9288, 0.0838
0.9332, 0.0838
0.9332, 0.0838
0.9332, 0.0838
0.9332, 0.0812
0.9332, 0.0812
0.9332, 0.0812
0.9332, 0.0812
0.9332, 0.0812
0.9332, 0.0812
0.9332, 0.0812
0.9376, 0.0812
0.9376, 0.0812
0.9376, 0.0812
0.9376, 0.0812
0.9376, 0.0785
0.9376, 0.0785
0.9376, 0.0785
0.9376, 0.0785
0.9376, 0.0785
0.9376, 0.0785
0.9376, 0.0785
0.9376, 0.0785
0.9376, 0.0785
0.9376, 0.0785
0.9420, 0.0785
0.9420, 0.0785
0.9420, 0.0785
0.9420, 0.0785
0.9464, 0.0785
0.9464, 0.0785
0.9464, 0.0785
0.9508, 0.0785
0.9508, 0.0785
0.9508, 0.0759
0.9508, 0.0759
0.9508, 0.0759
0.9508, 0.0759
0.9552, 0.0759
0.9552, 0.0759
0.9552, 0.0759
0.9552, 0.0733
0.9552, 0.0733
0.9596, 0.0733
0.9596, 0.0733
0.9596, 0.0733
0.9596, 0.0733
0.9596, 0.0733
0.9596, 0.0733
0.9596, 0.0733
0.9596, 0.0733
0.9596, 0.0733
0.9638, 0.0733
0.9638, 0.0733
0.9638, 0.0707
0.9638, 0.0707
0.9638, 0.0707
0.9638, 0.0707
0.9638, 0.0707
0.9638, 0.0707
0.9638, 0.0707
0.9682, 0.0707
0.9682, 0.0707
0.9682, 0.0707
0.9682, 0.0707
0.9682, 0.0707
0.9682, 0.0707
0.9682, 0.0707
0.9682, 0.0707
0.9682, 0.0707
0.9682, 0.0707
0.9682, 0.0707
0.9682, 0.0707
0.9682, 0.0707
0.9726, 0.0707
0.9726, 0.0707
0.9726, 0.0707
0.9726, 0.0707
0.9726, 0.0707
0.9726, 0.0707
0.9726, 0.0707
0.9726, 0.0707
0.9726, 0.0707
0.9726, 0.0707
0.9726, 0.0707
0.9726, 0.0707
0.9726, 0.0707
0.9726, 0.0707
0.9726, 0.0707
0.9726, 0.0707
0.9726, 0.0707
0.9726, 0.0707
0.9726, 0.0707
0.9726, 0.0707
0.9726, 0.0707
0.9726, 0.0707
0.9770, 0.0707
0.9770, 0.0707
0.9770, 0.0707
0.9770, 0.0707
0.9770, 0.0707
0.9770, 0.0707
0.9770, 0.0707
0.9770, 0.0707
0.9770, 0.0707
0.9770, 0.0707
0.9770, 0.0707
0.9770, 0.0707
0.9770, 0.0707
0.9770, 0.0707
0.9770, 0.0707
0.9770, 0.0707
0.9770, 0.0707
0.9770, 0.0707
0.9770, 0.0707
0.9770, 0.0707
0.9770, 0.0707
0.9770, 0.0707
0.9770, 0.0707
0.9770, 0.0707
0.9770, 0.0707
0.9770, 0.0707
0.9770, 0.0707
0.9770, 0.0707
0.9770, 0.0707
0.9770, 0.0707
0.9770, 0.0707
0.9770, 0.0707
0.9770, 0.0707
0.9770, 0.0707
0.9770, 0.0707
0.9770, 0.0707
0.9770, 0.0707
0.9770, 0.0707
0.9770, 0.0707
0.9770, 0.0707

0.5350, 0.2723
0.5350, 0.2723
0.5350, 0.2723
0.5350, 0.2723
0.5350, 0.2723
0.5350, 0.2723
0.5350, 0.2723
0.5350, 0.2723
0.5350, 0.2723
0.5350, 0.2723
0.5350, 0.2723
0.5350, 0.2723
0.5350, 0.2723
0.5350, 0.2723
0.5350, 0.2723
0.5350, 0.2723
0.5350, 0.2723
0.5350, 0.2723
0.5350, 0.2723
0.5350, 0.2723
0.5350, 0.2723
0.5350, 0.2723
0.5350, 0.2723
0.5350, 0.2723
0.5350, 0.2723
0.5350, 0.2723
0.5350, 0.2723
0.5350, 0.2723
0.5350, 0.2723
0.5350, 0.2723
0.5350, 0.2723
0.5350, 0.2723
0.5350, 0.2723
0.5350, 0.2723
0.5350, 0.2723
0.5350, 0.2723
0.5350, 0.2723
0.5350, 0.2723
0.5350, 0.2723
0.5350, 0.2723
0.5350, 0.2723
0.5350, 0.2723
0.5350, 0.2723
0.5350, 0.2723
0.5350, 0.2723
0.5350, 0.2723
0.5350, 0.2723
0.5350, 0.2723
0.5350, 0.2723
0.5350, 0.2723
0.5350, 0.2723
0.5350, 0.2723
0.5350, 0.2723
0.5350, 0.2723
0.5350, 0.2723
0.5350, 0.2723
0.5350, 0.2723
0.5350, 0.2723
0.5350, 0.2723
0.5350, 0.2723
0.5350, 0.2723
0.5350, 0.2723
0.5350, 0.2696
0.5350, 0.2696
0.5350, 0.2696
0.5350, 0.2696
0.5350, 0.2696
0.5350, 0.2696
0.5350, 0.2696
0.5350, 0.2696
0.5350, 0.2696
0.5350, 0.2670
0.5350, 0.2670
0.5350, 0.2670
0.5350, 0.2670
0.5350, 0.2670
0.5350, 0.2670
0.5350, 0.2670
0.5350, 0.2670
0.5350, 0.2670
0.5350, 0.2670
0.5350, 0.2670
0.5350, 0.2670
0.5350, 0.2670
0.5350, 0.2670
0.5350, 0.2670
0.5350, 0.2670
0.5350, 0.2670
0.5350, 0.2670
0.5350, 0.2670
0.5350, 0.2670
0.5350, 0.2644
0.5350, 0.2644
0.5350, 0.2644
0.5350, 0.2644
0.5350, 0.2644
0.5350, 0.2644
0.5350, 0.2644
0.5350, 0.2644
0.5350, 0.2644
0.5350, 0.2618
0.5350, 0.2618
0.5350, 0.2618
0.5350, 0.2618
0.5350, 0.2618
0.5350, 0.2618
0.5350, 0.2592
0.5350, 0.2592
0.5350, 0.2592
0.5350, 0.2592
0.5350, 0.2592
0.5350, 0.2592
0.5350, 0.2592
0.5350, 0.2592
0.5350, 0.2592
0.5350, 0.2592
0.5350, 0.2592
0.5350, 0.2592
0.5350, 0.2592
0.5350, 0.2592
0.5350, 0.2592
0.5350, 0.2592
0.5350, 0.2592
0.5350, 0.2592
0.5350, 0.2592
0.5350, 0.2565
0.5350, 0.2565
0.5350, 0.2565
0.5350, 0.2565
0.5350, 0.2565
0.5350, 0.2565
0.5350, 0.2565
0.5350, 0.2565
0.5350, 0.2565
0.5350, 0.2565
0.5350, 0.2565
0.5350, 0.2565
0.5350, 0.2565
0.5350, 0.2539
0.5350, 0.2539
0.5350, 0.2539
0.5350, 0.2539
0.5350, 0.2539
0.5350, 0.2539
0.5350, 0.2539
0.5350, 0.2539
0.5350, 0.2539
0.5350, 0.2539
0.5350, 0.2539
0.5350, 0.2539
0.5350, 0.2539
0.5350, 0.2539
0.5350, 0.2539
0.5350, 0.2539
0.5350, 0.2513
0.5350, 0.2513
0.5350, 0.2513
0.5350, 0.2513
0.5350, 0.2513
0.5350, 0.2513
0.5350, 0.2513
0.5350, 0.2513
0.5350, 0.2513
0.5350, 0.2487
0.5350, 0.2487
0.5350, 0.2487
0.5350, 0.2487
0.5350, 0.2487
0.5350, 0.2487
0.5350, 0.2487
0.5350, 0.2487
0.5350, 0.2487
0.5350, 0.2487
0.5350, 0.2487
0.5350, 0.2487
0.5350, 0.2487
0.5350, 0.2461
0.5350, 0.2461
0.5350, 0.2461
0.5350, 0.2461
0.5350, 0.2461
0.5350, 0.2461
0.5350, 0.2461
0.5350, 0.2461
0.5350, 0.2461
0.5350, 0.2461
0.5350, 0.2461
0.5350, 0.2461
0.5350, 0.2461
0.5350, 0.2461
0.5350, 0.2461
0.5350, 0.2461
0.5350, 0.2461
0.5350, 0.2461
0.5350, 0.2461
0.5350, 0.2435
0.5350, 0.2435
0.5350, 0.2435
0.5350, 0.2435
0.5350, 0.2435
0.5350, 0.2435
0.5350, 0.2435
0.5350, 0.2435
0.5350, 0.2435
0.5350, 0.2408
0.5350, 0.2408
0.5350, 0.2408
0.5350, 0.2408
0.5350, 0.2408
0.5350, 0.2408
0.5350, 0.2408
0.5350, 0.2408
0.5350, 0.2408
0.5350, 0.2408
0.5350, 0.2408
0.5350, 0.2408
0.5350, 0.2408
0.5350, 0.2408
0.5350, 0.2408
0.5350, 0.2408
0.5350, 0.2382
0.5350, 0.2382
0.5350, 0.2382
0.5350, 0.2382
0.5350, 0.2382
0.5350, 0.2382
0.5350, 0.2382
0.5350, 0.2382
0.5350, 0.2382
0.5350, 0.2356
0.5350, 0.2356
0.5350, 0.2356
0.5350, 0.2356
0.5350, 0.2356
0.5350, 0.2356
0.5350, 0.2356
0.5350, 0.2356
0.5350, 0.2356
0.5350, 0.2356
0.5350, 0.2356
0.5350, 0.2356
0.5350, 0.2356
0.5350, 0.2356
0.5350, 0.2356
0.5350, 0.2356
0.5350, 0.2330
0.5350, 0.2330
0.5350, 0.2330
0.5350, 0.2330
0.5350, 0.2330
0.5350, 0.2330
0.5350, 0.2330
0.5350, 0.2330
0.5350, 0.2330
0.5350, 0.2330
0.5350, 0.2330
0.5350, 0.2330
0.5350, 0.2330
0.5350, 0.2330
0.5350, 0.2330
0.5350, 0.2330
0.5350, 0.2330
0.5350, 0.2330
0.5350, 0.2330
0.5350, 0.2330
0.5350, 0.2330
0.5350, 0.2304
0.5350, 0.2304
0.5350, 0.2304
0.5350, 0.2304
0.5350, 0.2304
0.5350, 0.2304
0.5350, 0.2304
0.5350, 0.2304
0.5350, 0.2304
0.5350, 0.2304
0.5350, 0.2304
0.5350, 0.2304
0.5350, 0.2277
0.5350, 0.2277
0.5350, 0.2277
0.5350, 0.2277
0.5350, 0.2277
0.5350, 0.2277
0.5350, 0.2277
0.5350, 0.2277
0.5350, 0.2277
0.5350, 0.2277
0.5350, 0.2277
0.5350, 0.2277
0.5350, 0.2277
0.5350, 0.2277
0.5350, 0.2277
0.5350, 0.2277
0.5350, 0.2277
0.5350, 0.2277
0.5350, 0.2277
0.5350, 0.2251
0.5350, 0.2251
0.5350, 0.2251
0.5350, 0.2251
0.5350, 0.2251
0.5350, 0.2251
0.5350, 0.2251
0.5350, 0.2251
0.5350, 0.2251
0.5350, 0.2251
0.5350, 0.2251
0.5350, 0.2251
0.5350, 0.2225
0.5350, 0.2225
0.5350, 0.2225
0.5350, 0.2225
0.5350, 0.2225
0.5350, 0.2225
0.5350, 0.2225
0.5350, 0.2225
0.5350, 0.2225
0.5350, 0.2225
0.5350, 0.2199
0.5350, 0.2199
0.5350, 0.2199
0.5350, 0.2199
0.5350, 0.2199
0.5350, 0.2199
0.5350, 0.2199
0.5350, 0.2199
0.5350, 0.2199
0.5350, 0.2199
0.5350, 0.2199
0.5350, 0.2199
0.5350, 0.2199
0.5350, 0.2199
0.5350, 0.2199
0.5350, 0.2199
0.5350, 0.2199
0.5350, 0.2199
0.5350, 0.2199
0.5350, 0.2199
0.5350, 0.2199
0.5350, 0.2199
0.5350, 0.2199
0.5350, 0.2199
0.5350, 0.2199
0.5350, 0.2173
0.5350, 0.2173
0.5350, 0.2173
0.5350, 0.2173
0.5350, 0.2173
0.5350, 0.2173
0.5350, 0.2147
0.5350, 0.2147
0.5350, 0.2147
0.5350, 0.2147
0.5350, 0.2147
0.5350, 0.2147
0.5350, 0.2147
0.5350, 0.2147
0.5350, 0.2147
0.5350, 0.2147
0.5350, 0.2147
0.5350, 0.2147
0.5350, 0.2147
0.5350, 0.2147
0.5350, 0.2147
0.5350, 0.2147
0.5350, 0.2147
0.5350, 0.2147
0.5350, 0.2120
0.5350, 0.2120
0.5350, 0.2120
0.5350, 0.2120
0.5350, 0.2120
0.5350, 0.2094
0.5350, 0.2094
0.5350, 0.2094
0.5350, 0.2094
0.5350, 0.2094
0.5350, 0.2094
0.5350, 0.2094
0.5350, 0.2094
0.5350, 0.2094
0.5350, 0.2068
0.5350, 0.2068
0.5350, 0.2068
0.5350, 0.2068
0.5350, 0.2068
0.5350, 0.2068
0.5350, 0.2068
0.5350, 0.2068
0.5350, 0.2068
0.5350, 0.2068
0.5350, 0.2068
0.5350, 0.2068
0.5350, 0.2068
0.5350, 0.2068
0.5350, 0.2068
0.5350, 0.2042
0.5350, 0.2042
0.5350, 0.2042
0.5350, 0.2042
0.5350, 0.2042
0.5350, 0.2042
0.5350, 0.2016
0.5350, 0.2016
0.5350, 0.2016
0.5350, 0.2016
0.5350, 0.2016
0.5350, 0.2016
0.5350, 0.2016
0.5350, 0.2016
0.5350, 0.2016
0.5350, 0.2016
0.5350, 0.2016
0.5350, 0.2016
0.5350, 0.1990
0.5350, 0.1990
0.5350, 0.1990
0.5350, 0.1990
0.5350, 0.1990
0.5350, 0.1990
0.5350, 0.1963
0.5350, 0.1963
0.5350, 0.1963
0.5350, 0.1963
0.5350, 0.1963
0.5350, 0.1963
0.5350, 0.1963
0.5350, 0.1963
0.5350, 0.1963
0.5350, 0.1963
0.5350, 0.1963
0.5350, 0.1963
0.5350, 0.1963
0.5350, 0.1963
0.5350, 0.1937
0.5350, 0.1937
0.5350, 0.1937
0.5350, 0.1937
0.5350, 0.1937
0.5350, 0.1937
0.5350, 0.1937
0.5350, 0.1937
0.5350, 0.1937
0.5350, 0.1911
0.5350, 0.1911
0.5350, 0.1911
0.5350, 0.1911
0.5350, 0.1911
0.5350, 0.1885
0.5350, 0.1885
0.5350, 0.1885
0.5350, 0.1885
0.5350, 0.1885
0.5350, 0.1885
0.5350, 0.1885
0.5350, 0.1885
0.5350, 0.1885
0.5350, 0.1885
0.5350, 0.1885
0.5350, 0.1885
0.5350, 0.1885
0.5350, 0.1885
0.5350, 0.1885
0.5350, 0.1859
0.5350, 0.1859
0.5350, 0.1859
0.5350, 0.1859
0.5350, 0.1859
0.5350, 0.1859
0.5350, 0.1859
0.5350, 0.1859
0.5350, 0.1859
0.5350, 0.1832
0.5350, 0.1832
0.5350, 0.1832
0.5350, 0.1832
0.5350, 0.1832
0.5350, 0.1832
0.5350, 0.1832
0.5350, 0.1832
0.5350, 0.1832
0.5350, 0.1832
0.5350, 0.1832
0.5350, 0.1832
0.5350, 0.1832
0.5350, 0.1832
0.5350, 0.1832
0.5350, 0.1832
0.5350, 0.1806
0.5350, 0.1806
0.5350, 0.1806
0.5350, 0.1806
0.5350, 0.1806
0.5350, 0.1806
0.5350, 0.1806
0.5350, 0.1806
0.5350, 0.1780
0.5350, 0.1780
0.5350, 0.1780
0.5350, 0.1754
0.5350, 0.1754
0.5350, 0.1754
0.5350, 0.1754
0.5350, 0.1754
0.5350, 0.1754
0.5350, 0.1754
0.5350, 0.1754
0.5350, 0.1754
0.5350, 0.1754
0.5350, 0.1754
0.5350, 0.1754
0.5350, 0.1754
0.5350, 0.1754
0.5350, 0.1754
0.5350, 0.1728
0.5350, 0.1728
0.5350, 0.1728
0.5350, 0.1728
0.5350, 0.1728
0.5350, 0.1728
0.5350, 0.1702
0.5350, 0.1702
0.5350, 0.1702
0.5350, 0.1702
0.5350, 0.1702
0.5350, 0.1702
0.5350, 0.1702
0.5350, 0.1702
0.5350, 0.1702
0.5350, 0.1702
0.5350, 0.1702
0.5350, 0.1702
0.5350, 0.1675
0.5350, 0.1675
0.5350, 0.1675
0.5350, 0.1675
0.5350, 0.1675
0.5350, 0.1649
0.5350, 0.1649
0.5350, 0.1649
0.5350, 0.1649
0.5350, 0.1649
0.5350, 0.1649
0.5350, 0.1649
0.5350, 0.1649
0.5350, 0.1649
0.5350, 0.1649
0.5350, 0.1623
0.5350, 0.1623
0.5350, 0.1623
0.5350, 0.1623
0.5350, 0.1623
0.5350, 0.1623
0.5350, 0.1623
0.5350, 0.1623
0.5350, 0.1623
0.5350, 0.1623
0.5350, 0.1623
0.5350, 0.1597
0.5350, 0.1597
0.5350, 0.1597
0.5350, 0.1597
0.5350, 0.1597
0.5350, 0.1597
0.5350, 0.1571
0.5350, 0.1571
0.5350, 0.1571
0.5350, 0.1571
0.5350, 0.1571
0.5350, 0.1571
0.5350, 0.1571
0.5350, 0.1571
0.5350, 0.1571
0.5350, 0.1571
0.5350, 0.1571
0.5350, 0.1571
0.5350, 0.1545
0.5350, 0.1545
0.5350, 0.1545
0.5350, 0.1545
0.5350, 0.1545
0.5350, 0.1545
0.5350, 0.1545
0.5350, 0.1545
0.5350, 0.1545
0.5350, 0.1518
0.5350, 0.1518
0.5350, 0.1518
0.5350, 0.1518
0.5350, 0.1518
0.5350, 0.1492
0.5350, 0.1492
0.5350, 0.1492
0.5350, 0.1492
0.5350, 0.1492
0.5350, 0.1492
0.5350, 0.1492
0.5350, 0.1492
0.5350, 0.1492
0.5350, 0.1492
0.5350, 0.1492
0.5350, 0.1492
0.5350, 0.1466
0.5350, 0.1466
0.5350, 0.1466
0.5350, 0.1466
0.5350, 0.1466
0.5350, 0.1466
0.5350, 0.1440
0.5350, 0.1440
0.5350, 0.1440
0.5350, 0.1440
0.5350, 0.1440
0.5350, 0.1440
0.5350, 0.1440
0.5350, 0.1440
0.5350, 0.1440
0.5350, 0.1440
0.5350, 0.1440
0.5350, 0.1440
0.5350, 0.1440
0.5350, 0.1440
0.5350, 0.1414
0.5350, 0.1414
0.5350, 0.1414
0.5350, 0.1414
0.5350, 0.1414
0.5350, 0.1414
0.5350, 0.1387
0.5350, 0.1387
0.5350, 0.1387
0.5350, 0.1387
0.5350, 0.1387
0.5350, 0.1361
0.5350, 0.1361
0.5350, 0.1361
0.5350, 0.1361
0.5350, 0.1361
0.5350, 0.1361
0.5350, 0.1361
0.5350, 0.1361
0.5350, 0.1361
0.5350, 0.1361
0.5350, 0.1361
0.5350, 0.1335
0.5350, 0.1335
0.5350, 0.1335
0.5350, 0.1335
0.5350, 0.1335
0.5350, 0.1309
0.5350, 0.1309
0.5350, 0.1309
0.5350, 0.1309
0.5350, 0.1309
0.5350, 0.1309
0.5350, 0.1309
0.5350, 0.1309
0.5350, 0.1309
0.5350, 0.1309
0.5350, 0.1309
0.5350, 0.1309
0.5350, 0.1309
0.5350, 0.1309
0.5350, 0.1309
0.5350, 0.1283
0.5350, 0.1283
0.5350, 0.1283
0.5350, 0.1283
0.5350, 0.1283
0.5350, 0.1283
0.5350, 0.1257
0.5350, 0.1257
0.5350, 0.1257
0.5350, 0.1257
0.5350, 0.1257
0.5350, 0.1230
0.5350, 0.1230
0.5350, 0.1230
0.5350, 0.1230
0.5350, 0.1230
0.5350, 0.1230
0.5350, 0.1230
0.5350, 0.1230
0.5350, 0.1230
0.5350, 0.1230
0.5350, 0.1230
0.5350, 0.1230
0.5350, 0.1204
0.5350, 0.1204
0.5350, 0.1204
0.5350, 0.1204
0.5350, 0.1204
0.5350, 0.1178
0.5350, 0.1178
0.5350, 0.1178
0.5350, 0.1178
0.5350, 0.1178
0.5350, 0.1178
0.5350, 0.1178
0.5350, 0.1178
0.5350, 0.1152
0.5350, 0.1152
0.5350, 0.1152
0.5350, 0.1126
0.5350, 0.1126
0.5350, 0.1126
0.5350, 0.1126
0.5350, 0.1126
0.5350, 0.1126
0.5350, 0.1126
0.5350, 0.1126
0.5350, 0.1126
0.5394, 0.1099
0.5394, 0.1099
0.5394, 0.1099
0.5394, 0.1099
0.5394, 0.1099
0.5394, 0.1073
0.5394, 0.1073
0.5394, 0.1073
0.5394, 0.1047
0.5394, 0.1047
0.5394, 0.1047
0.5394, 0.1047
0.5394, 0.1047
0.5394, 0.1047
0.5394, 0.1047
0.5394, 0.1047
0.5394, 0.1047
0.5394, 0.1047
0.5394, 0.1047
0.5394, 0.1047
0.5394, 0.1047
0.5394, 0.1047
0.5394, 0.1021
0.5394, 0.1021
0.5394, 0.1021
0.5394, 0.1021
0.5394, 0.1021
0.5394, 0.0995
0.5394, 0.0995
0.5394, 0.0995
0.5394, 0.0995
0.5394, 0.0995
0.5394, 0.0995
0.5394, 0.0995
0.5394, 0.0995
0.5394, 0.0995
0.5394, 0.0995
0.5394, 0.0995
0.5394, 0.0969
0.5394, 0.0969
0.5394, 0.0969
0.5394, 0.0942
0.5394, 0.0942
0.5394, 0.0942
0.5394, 0.0942
0.5394, 0.0942
0.5394, 0.0916
0.5394, 0.0916
0.5394, 0.0916
0.5394, 0.0916
0.5394, 0.0916
0.5394, 0.0916
0.5394, 0.0916
0.5394, 0.0916
0.5394, 0.0916
0.5394, 0.0916
0.5394, 0.0916
0.5394, 0.0916
0.5394, 0.0916
0.5394, 0.0916
0.5394, 0.0890
0.5394, 0.0890
0.5394, 0.0890
0.5394, 0.0890
0.5394, 0.0890
0.5394, 0.0890
0.5394, 0.0890
0.5394, 0.0890
0.5394, 0.0864
0.5394, 0.0864
0.5394, 0.0864
0.5394, 0.0864
0.5394, 0.0864
0.5394, 0.0864
0.5394, 0.0864
0.5394, 0.0864
0.5394, 0.0864
0.5394, 0.0864
0.5394, 0.0864
0.5394, 0.0838
0.5394, 0.0838
0.5394, 0.0838
0.5394, 0.0838
0.5394, 0.0838
0.5394, 0.0838
0.5394, 0.0838
0.5394, 0.0838
0.5394, 0.0812
0.5394, 0.0812
0.5394, 0.0812
0.5394, 0.0812
0.5394, 0.0812
0.5394, 0.0812
0.5394, 0.0812
0.5394, 0.0812
0.5394, 0.0812
0.5394, 0.0812
0.5394, 0.0812
0.5394, 0.0812
0.5394, 0.0785
0.5394, 0.0785
0.5394, 0.0785
0.5394, 0.0785
0.5394, 0.0785
0.5394, 0.0785
0.5394, 0.0785
0.5394, 0.0785
0.5394, 0.0785
0.5394, 0.0785
0.5394, 0.0785
0.5394, 0.0785
0.5394, 0.0785
0.5394, 0.0785
0.5394, 0.0785
0.5394, 0.0785
0.5394, 0.0759
0.5394, 0.0759
0.5394, 0.0759
0.5394, 0.0759
0.5394, 0.0759
0.5394, 0.0759
0.5394, 0.0759
0.5394, 0.0759
0.5394, 0.0759
0.5394, 0.0733
0.5394, 0.0733
0.5394, 0.0733
0.5394, 0.0733
0.5394, 0.0733
0.5394, 0.0733
0.5394, 0.0733
0.5394, 0.0733
0.5394, 0.0733
0.5394, 0.0733
0.5394, 0.0733
0.5394, 0.0733
0.5394, 0.0733
0.5394, 0.0733
0.5394, 0.0733
0.5394, 0.0733
0.5394, 0.0733
0.5394, 0.0707
0.5394, 0.0707
0.5394, 0.0707
0.5394, 0.0707
0.5394, 0.0707
0.5394, 0.0707
0.5394, 0.0707
0.5394, 0.0707
0.5394, 0.0681
0.5394, 0.0681
0.5394, 0.0681
0.5394, 0.0681
0.5394, 0.0681
0.5394, 0.0681
0.5394, 0.0681
0.5394, 0.0681
0.5394, 0.0654
0.5394, 0.0654
0.5394, 0.0654
0.5394, 0.0654
0.5394, 0.0654
0.5394, 0.0654
0.5394, 0.0654
0.5394, 0.0654
0.5394, 0.0654
0.5394, 0.0654
0.5394, 0.0654
0.5394, 0.0654
0.5394, 0.0654
0.5394, 0.0654
0.5394, 0.0654
0.5394, 0.0654
0.5394, 0.0654
0.5394, 0.0628
0.5394, 0.0628
0.5394, 0.0628
0.5394, 0.0628
0.5394, 0.0628
0.5394, 0.0628
0.5394, 0.0628
0.5394, 0.0628
0.5394, 0.0628
0.5394, 0.0628
0.5394, 0.0628
0.5394, 0.0602
0.5394, 0.0602
0.5394, 0.0602
0.5394, 0.0602
0.5394, 0.0602
0.5394, 0.0602
0.5394, 0.0602
0.5394, 0.0602
0.5394, 0.0602
0.5394, 0.0602
0.5394, 0.0602
0.5394, 0.0602
0.5394, 0.0602
0.5394, 0.0602
0.5394, 0.0602
0.5394, 0.0602
0.5394, 0.0602
0.5394, 0.0602
0.5394, 0.0602
0.5394, 0.0576
0.5394, 0.0576
0.5394, 0.0576
0.5394, 0.0576
0.5394, 0.0576
0.5394, 0.0576
0.5394, 0.0576
0.5394, 0.0576
0.5394, 0.0550
0.5394, 0.0550
0.5394, 0.0550
0.5394, 0.0550
0.5394, 0.0550
0.5394, 0.0550
0.5394, 0.0550
0.5394, 0.0550
0.5394, 0.0524
0.5394, 0.0524
0.5394, 0.0524
0.5394, 0.0524
0.5394, 0.0524
0.5394, 0.0524
0.5394, 0.0524
0.5394, 0.0524
0.5394, 0.0524
0.5394, 0.0524
0.5394, 0.0524
0.5394, 0.0524
0.5394, 0.0524
0.5394, 0.0524
0.5394, 0.0524
0.5394, 0.0524
0.5394, 0.0524
0.5394, 0.0524
0.5394, 0.0524
0.5394, 0.0524
0.5394, 0.0524
0.5394, 0.0524
0.5394, 0.0524
0.5394, 0.0524
0.5394, 0.0524
0.5394, 0.0497
0.5394, 0.0497
0.5394, 0.0497
0.5394, 0.0497
0.5394, 0.0497
0.5394, 0.0497
0.5394, 0.0497
0.5394, 0.0497
0.5394, 0.0497
0.5394, 0.0497
0.5394, 0.0497
0.5394, 0.0471
0.5394, 0.0471
0.5394, 0.0471
0.5394, 0.0471
0.5394, 0.0471
0.5394, 0.0471
0.5394, 0.0471
0.5394, 0.0471
0.5394, 0.0471
0.5394, 0.0471
0.5394, 0.0471
0.5394, 0.0471
0.5394, 0.0471
0.5394, 0.0471
0.5394, 0.0471
0.5394, 0.0471
0.5394, 0.0471
0.5394, 0.0471
0.5394, 0.0471
0.5394, 0.0471
0.5394, 0.0471
0.5394, 0.0471
0.5394, 0.0471
0.5394, 0.0471
0.5394, 0.0471
0.5394, 0.0471
0.5394, 0.0471
0.5394, 0.0471
0.5394, 0.0471
0.5394, 0.0471
0.5394, 0.0471
0.5394, 0.0471
0.5394, 0.0471
0.5394, 0.0471
0.5394, 0.0471
0.5394, 0.0471
0.5394, 0.0471
0.5394, 0.0471
0.5394, 0.0471
0.5394, 0.0471
0.5394, 0.0471
0.5394, 0.0471
0.5394, 0.0471
0.5394, 0.0471
0.5394, 0.0471
0.5394, 0.0471
0.5394, 0.0471
0.5394, 0.0471
0.5394, 0.0471
0.5394, 0.0471
0.5394, 0.0445
0.5394, 0.0445
0.5394, 0.0445
0.5394, 0.0445
0.5394, 0.0445
0.5394, 0.0445
0.5394, 0.0445
0.5394, 0.0445
0.5394, 0.0445
0.5394, 0.0445
0.5394, 0.0445
0.5394, 0.0445
0.5394, 0.0445
0.5394, 0.0445
0.5394, 0.0445
0.5394, 0.0445
0.5394, 0.0445
0.5394, 0.0445
0.5394, 0.0445
0.5394, 0.0445
0.5394, 0.0445
0.5394, 0.0445
0.5394, 0.0445
0.5394, 0.0445
0.5394, 0.0445
0.5394, 0.0445
0.5394, 0.0445
0.5394, 0.0445
0.5394, 0.0445
0.5394, 0.0445
0.5394, 0.0445
0.5394, 0.0445
0.5394, 0.0445
0.5394, 0.0445
0.5394, 0.0445
0.5394, 0.0445
0.5394, 0.0445
0.5394, 0.0445
0.5394, 0.0445
0.5394, 0.0445
0.5394, 0.0445
0.5394, 0.0445
0.5394, 0.0445
0.5394, 0.0445
0.5394, 0.0445
0.5394, 0.0445
0.5394, 0.0445
0.5394, 0.0445
0.5394, 0.0445
0.5394, 0.0445
