0.0100, 0.7825
0.0100, 0.7725
0.0100, 0.7575
0.0250, 0.7475
0.0300, 0.7325
0.0400, 0.7225
0.0450, 0.7125
0.0550, 0.7025
0.0700, 0.6875
0.0800, 0.6775
0.0900, 0.6675
0.1050, 0.6625
0.1150, 0.6475
0.1250, 0.6425
0.1450, 0.6375
0.1600, 0.6325
0.1700, 0.6275
0.1950, 0.6225
0.2150, 0.6225
0.2350, 0.6175
0.2600, 0.6175
0.2850, 0.6175
0.3150, 0.6075
0.3300, 0.6075
0.3450, 0.6075
0.3700, 0.6075
0.3950, 0.6075
0.4050, 0.6075
0.4200, 0.6125
0.4450, 0.6175
0.4600, 0.6225
0.4850, 0.6275
0.5100, 0.6325
0.5350, 0.6375
0.5650, 0.6475
0.5850, 0.6575
0.6050, 0.6675
0.6250, 0.6725
0.6500, 0.6775
0.6700, 0.6875
0.6950, 0.6975
0.7100, 0.7025
0.7300, 0.7075
0.7500, 0.7125
0.7700, 0.7175
0.7850, 0.7225
0.8000, 0.7225
0.8200, 0.7275
0.8350, 0.7375
0.8550, 0.7375
0.8700, 0.7375
0.8900, 0.7375
0.9100, 0.7375
0.9300, 0.7375
0.9450, 0.7375
0.9550, 0.7375
0.9650, 0.7375
0.9750, 0.7375
0.9800, 0.7375
0.9850, 0.7375
0.9900, 0.7325
0.9950, 0.7325
1.0000, 0.7275
1.0000, 0.7225
1.0000, 0.7175

0.0000, 0.3125
0.0000, 0.3075
0.0000, 0.2975
0.0000, 0.2925
0.0050, 0.2875
0.0050, 0.2775
0.0100, 0.2775
0.0200, 0.2725
0.0250, 0.2675
0.0300, 0.2625
0.0350, 0.2575
0.0450, 0.2525
0.0500, 0.2475
0.0650, 0.2475
0.0750, 0.2425
0.0850, 0.2325
0.0950, 0.2275
0.1150, 0.2225
0.1350, 0.2225
0.1600, 0.2175
0.1850, 0.2175
0.2050, 0.2175
0.2300, 0.2175
0.2500, 0.2175
0.2800, 0.2175
0.2950, 0.2175
0.3200, 0.2175
0.3300, 0.2175
0.3550, 0.2175
0.3700, 0.2175
0.3900, 0.2175
0.4100, 0.2175
0.4250, 0.2175
0.4500, 0.2225
0.4750, 0.2275
0.4950, 0.2375
0.5200, 0.2425
0.5350, 0.2525
0.5600, 0.2625
0.5800, 0.2725
0.6000, 0.2825
0.6200, 0.2925
0.6300, 0.2975
0.6500, 0.3025
0.6600, 0.3075
0.6700, 0.3125
0.6850, 0.3125
0.7000, 0.3225
0.7100, 0.3225
0.7250, 0.3225
0.7400, 0.3225
0.7500, 0.3225
0.7650, 0.3225
0.7750, 0.3225
0.7900, 0.3225
0.8100, 0.3225
0.8200, 0.3225
0.8350, 0.3225
0.8550, 0.3175
0.8700, 0.3175
0.8950, 0.3125
0.9150, 0.3075
0.9350, 0.3075
0.9500, 0.3025
0.9600, 0.3025
0.9700, 0.2975
0.9750, 0.2975
0.9800, 0.2975
0.9850, 0.2975

0.4850, 0.6675
0.4850, 0.6475
0.4850, 0.6275
0.4850, 0.6075
0.4850, 0.5775
0.4750, 0.5475
0.4750, 0.5275
0.4750, 0.5025
0.4750, 0.4875
0.4750, 0.4625
0.4750, 0.4425
0.4750, 0.4225
0.4750, 0.4075
0.4750, 0.3875
0.4750, 0.3775
0.4750, 0.3675
0.4750, 0.3575
0.4750, 0.3525
0.4750, 0.3425
0.4750, 0.3375
0.4800, 0.3375
0.4800, 0.3325
