0.0000, 0.7547
0.0094, 0.7406
0.0236, 0.7311
0.0330, 0.7217
0.0472, 0.7076
0.0566, 0.6981
0.0613, 0.6887
0.0707, 0.6792
0.0802, 0.6698
0.0849, 0.6651
0.0943, 0.6557
0.0991, 0.6510
0.1132, 0.6462
0.1179, 0.6321
0.1226, 0.6321
0.1274, 0.6274
0.1368, 0.6226
0.1415, 0.6179
0.1509, 0.6179
0.1556, 0.6132
0.1651, 0.6085
0.1745, 0.6038
0.1887, 0.5991
0.1981, 0.5896
0.2075, 0.5849
0.2170, 0.5802
0.2311, 0.5802
0.2359, 0.5755
0.2453, 0.5755
0.2547, 0.5708
0.2594, 0.5708
0.2736, 0.5708
0.2830, 0.5708
0.2972, 0.5708
0.3160, 0.5708
0.3255, 0.5755
0.3490, 0.5802
0.3632, 0.5849
0.3821, 0.5943
0.4009, 0.6038
0.4151, 0.6132
0.4340, 0.6226
0.4481, 0.6368
0.4670, 0.6462
0.4858, 0.6557
0.5047, 0.6745
0.5189, 0.6840
0.5377, 0.6934
0.5519, 0.6981
0.5708, 0.7123
0.5896, 0.7170
0.5991, 0.7217
0.6179, 0.7264
0.6321, 0.7311
0.6415, 0.7359
0.6557, 0.7406
0.6698, 0.7500
0.6840, 0.7547
0.6981, 0.7594
0.7123, 0.7641
0.7217, 0.7689
0.7406, 0.7689
0.7547, 0.7736
0.7641, 0.7736
0.7877, 0.7783
0.7972, 0.7783
0.8207, 0.7830
0.8302, 0.7830
0.8443, 0.7830
0.8585, 0.7830
0.8679, 0.7830
0.8821, 0.7830
0.8962, 0.7830
0.9057, 0.7830
0.9198, 0.7830
0.9340, 0.7783
0.9434, 0.7783
0.9575, 0.7736
0.9717, 0.7736
0.9764, 0.7689
0.9858, 0.7689
0.9953, 0.7689
0.9953, 0.7641
1.0000, 0.7641
1.0000, 0.7594
1.0000, 0.7547

0.0236, 0.3066
0.0236, 0.3019
0.0236, 0.2972
0.0236, 0.2924
0.0283, 0.2877
0.0377, 0.2877
0.0425, 0.2783
0.0472, 0.2736
0.0519, 0.2736
0.0613, 0.2689
0.0707, 0.2642
0.0896, 0.2594
0.1038, 0.2547
0.1274, 0.2547
0.1415, 0.2500
0.1604, 0.2500
0.1745, 0.2406
0.1887, 0.2406
0.2075, 0.2406
0.2217, 0.2359
0.2359, 0.2359
0.2453, 0.2359
0.2547, 0.2311
0.2736, 0.2311
0.2830, 0.2264
0.2972, 0.2264
0.3160, 0.2217
0.3255, 0.2217
0.3349, 0.2217
0.3585, 0.2170
0.3726, 0.2170
0.3821, 0.2170
0.4009, 0.2170
0.4151, 0.2170
0.4340, 0.2170
0.4481, 0.2217
0.4575, 0.2264
0.4764, 0.2311
0.4906, 0.2359
0.4953, 0.2453
0.5142, 0.2547
0.5283, 0.2642
0.5377, 0.2736
0.5566, 0.2877
0.5708, 0.3019
0.5896, 0.3113
0.6038, 0.3255
0.6226, 0.3349
0.6321, 0.3396
0.6509, 0.3443
0.6651, 0.3538
0.6840, 0.3632
0.7028, 0.3727
0.7170, 0.3774
0.7311, 0.3821
0.7500, 0.3915
0.7689, 0.3915
0.7830, 0.4057
0.7972, 0.4057
0.8066, 0.4104
0.8255, 0.4151
0.8349, 0.4198
0.8396, 0.4198
0.8443, 0.4198
0.8491, 0.4198
0.8632, 0.4198
0.8726, 0.4198
0.8868, 0.4151
0.9104, 0.4104
0.9387, 0.4057
0.9528, 0.3915
0.9670, 0.3868
0.9811, 0.3821
0.9858, 0.3821
0.9906, 0.3821
0.9953, 0.3821

0.4811, 0.7028
0.4858, 0.7028
0.4906, 0.6745
0.5000, 0.6604
0.5047, 0.6462
0.5094, 0.6274
0.5142, 0.6132
0.5142, 0.5943
0.5189, 0.5849
0.5189, 0.5708
0.5189, 0.5519
0.5189, 0.5330
0.5189, 0.5094
0.5189, 0.4953
0.5142, 0.4717
0.5094, 0.4576
0.5047, 0.4340
0.5000, 0.4198
0.5000, 0.4009
0.4953, 0.3868
0.4953, 0.3774
0.4906, 0.3632
0.4906, 0.3585
0.4906, 0.3491
0.4906, 0.3443
0.4906, 0.3396
