0.0701, 0.7313
0.0701, 0.7266
0.0701, 0.7079
0.0701, 0.7033
0.0748, 0.6939
0.0841, 0.6846
0.0888, 0.6706
0.0934, 0.6659
0.0934, 0.6612
0.0981, 0.6566
0.1028, 0.6472
0.1075, 0.6425
0.1075, 0.6332
0.1121, 0.6285
0.1215, 0.6238
0.1262, 0.6192
0.1308, 0.6145
0.1308, 0.6098
0.1355, 0.6051
0.1402, 0.6005
0.1449, 0.5911
0.1495, 0.5865
0.1589, 0.5865
0.1635, 0.5865
0.1729, 0.5818
0.1869, 0.5818
0.2056, 0.5818
0.2290, 0.5818
0.2523, 0.5818
0.2757, 0.5865
0.2991, 0.5958
0.3224, 0.6005
0.3411, 0.6098
0.3598, 0.6145
0.3738, 0.6238
0.3925, 0.6285
0.4065, 0.6379
0.4206, 0.6472
0.4393, 0.6566
0.4533, 0.6566
0.4720, 0.6659
0.4906, 0.6752
0.5094, 0.6799
0.5234, 0.6846
0.5374, 0.6893
0.5654, 0.6939
0.5888, 0.7033
0.6075, 0.7033
0.6308, 0.7126
0.6589, 0.7173
0.6776, 0.7220
0.7056, 0.7266
0.7243, 0.7313
0.7477, 0.7313
0.7617, 0.7313
0.7804, 0.7313
0.7944, 0.7313
0.8084, 0.7313
0.8224, 0.7313
0.8318, 0.7313
0.8551, 0.7313
0.8645, 0.7313
0.8785, 0.7313
0.8925, 0.7313
0.9066, 0.7266
0.9159, 0.7220
0.9299, 0.7173
0.9439, 0.7079
0.9533, 0.7079
0.9626, 0.7033
0.9766, 0.6986
0.9813, 0.6986
0.9907, 0.6939
0.9953, 0.6939
0.9953, 0.6893
1.0000, 0.6893
1.0000, 0.6846
1.0000, 0.6799

0.0000, 0.3575
0.0047, 0.3435
0.0140, 0.3435
0.0187, 0.3341
0.0234, 0.3294
0.0280, 0.3294
0.0327, 0.3201
0.0421, 0.3201
0.0561, 0.3061
0.0607, 0.3014
0.0701, 0.2967
0.0794, 0.2874
0.0934, 0.2874
0.1075, 0.2827
0.1215, 0.2780
0.1402, 0.2780
0.1589, 0.2687
0.1822, 0.2687
0.2103, 0.2687
0.2383, 0.2687
0.2570, 0.2687
0.2804, 0.2687
0.2991, 0.2687
0.3224, 0.2734
0.3365, 0.2780
0.3692, 0.2827
0.3878, 0.2921
0.4065, 0.2967
0.4346, 0.3014
0.4533, 0.3107
0.4766, 0.3201
0.4953, 0.3248
0.5187, 0.3294
0.5374, 0.3341
0.5561, 0.3435
0.5748, 0.3528
0.5935, 0.3575
0.6122, 0.3668
0.6355, 0.3715
0.6495, 0.3762
0.6682, 0.3808
0.6822, 0.3902
0.6963, 0.3949
0.7150, 0.3949
0.7243, 0.3995
0.7430, 0.3995
0.7523, 0.3995
0.7664, 0.4042
0.7804, 0.4042
0.7897, 0.4042
0.8037, 0.4042
0.8084, 0.4042
0.8224, 0.4042
0.8318, 0.4042
0.8365, 0.4042
0.8411, 0.4042
0.8458, 0.4042
0.8505, 0.4042
0.8598, 0.4042
0.8645, 0.3995
0.8692, 0.3995
0.8738, 0.3995
0.8738, 0.3949
0.8785, 0.3949

0.4112, 0.6519
0.4159, 0.6332
0.4159, 0.6192
0.4206, 0.6051
0.4252, 0.5865
0.4299, 0.5724
0.4346, 0.5537
0.4346, 0.5350
0.4346, 0.5210
0.4439, 0.5023
0.4439, 0.4883
0.4439, 0.4743
0.4439, 0.4556
0.4439, 0.4463
0.4439, 0.4369
0.4439, 0.4322
0.4439, 0.4182
0.4439, 0.4135
0.4439, 0.4089
0.4439, 0.4042
0.4393, 0.3995
