0.1993, 0.7269
0.1993, 0.7232
0.1993, 0.7196
0.1993, 0.7085
0.1993, 0.7048
0.2030, 0.6974
0.2030, 0.6937
0.2066, 0.6900
0.2103, 0.6790
0.2177, 0.6753
0.2251, 0.6716
0.2288, 0.6679
0.2325, 0.6642
0.2362, 0.6605
0.2436, 0.6531
0.2509, 0.6495
0.2620, 0.6458
0.2731, 0.6458
0.2915, 0.6421
0.3063, 0.6384
0.3284, 0.6384
0.3469, 0.6347
0.3542, 0.6347
0.3690, 0.6347
0.3838, 0.6347
0.3985, 0.6347
0.4170, 0.6347
0.4280, 0.6347
0.4428, 0.6347
0.4539, 0.6347
0.4686, 0.6347
0.4760, 0.6347
0.4871, 0.6384
0.5018, 0.6421
0.5129, 0.6458
0.5314, 0.6495
0.5461, 0.6568
0.5609, 0.6605
0.5757, 0.6605
0.5941, 0.6679
0.6089, 0.6679
0.6236, 0.6753
0.6384, 0.6790
0.6531, 0.6864
0.6605, 0.6900
0.6790, 0.6937
0.6863, 0.6974
0.6974, 0.7011
0.7085, 0.7085
0.7196, 0.7159
0.7306, 0.7196
0.7454, 0.7269
0.7528, 0.7306
0.7638, 0.7343
0.7786, 0.7380
0.7860, 0.7417
0.8007, 0.7491
0.8081, 0.7528
0.8155, 0.7528
0.8229, 0.7565
0.8339, 0.7565
0.8413, 0.7565
0.8450, 0.7565
0.8524, 0.7565
0.8561, 0.7565
0.8672, 0.7565
0.8745, 0.7565
0.8819, 0.7565
0.8967, 0.7565
0.9041, 0.7454
0.9114, 0.7454
0.9225, 0.7417
0.9299, 0.7380
0.9336, 0.7306
0.9410, 0.7306
0.9446, 0.7269
0.9520, 0.7232
0.9557, 0.7196
0.9594, 0.7122
0.9631, 0.7085
0.9668, 0.7048
0.9668, 0.6974
0.9668, 0.6937

0.0000, 0.2509
0.0037, 0.2509
0.0074, 0.2509
0.0148, 0.2509
0.0258, 0.2509
0.0443, 0.2509
0.0664, 0.2472
0.0849, 0.2472
0.1107, 0.2472
0.1328, 0.2435
0.1476, 0.2435
0.1624, 0.2435
0.1734, 0.2435
0.1882, 0.2435
0.2030, 0.2435
0.2177, 0.2435
0.2288, 0.2435
0.2399, 0.2435
0.2583, 0.2435
0.2694, 0.2435
0.2841, 0.2435
0.2989, 0.2435
0.3210, 0.2435
0.3321, 0.2435
0.3542, 0.2435
0.3727, 0.2435
0.3875, 0.2435
0.4022, 0.2435
0.4096, 0.2435
0.4207, 0.2435
0.4317, 0.2435
0.4391, 0.2435
0.4502, 0.2435
0.4613, 0.2435
0.4723, 0.2435
0.4834, 0.2435
0.4945, 0.2435
0.5092, 0.2435
0.5240, 0.2472
0.5351, 0.2472
0.5461, 0.2509
0.5646, 0.2546
0.5757, 0.2657
0.5904, 0.2657
0.6052, 0.2731
0.6199, 0.2768
0.6347, 0.2841
0.6494, 0.2952
0.6605, 0.3026
0.6790, 0.3100
0.6900, 0.3174
0.7085, 0.3321
0.7196, 0.3395
0.7343, 0.3469
0.7491, 0.3616
0.7565, 0.3653
0.7675, 0.3727
0.7749, 0.3727
0.7823, 0.3764
0.7860, 0.3801
0.7897, 0.3801
0.8007, 0.3801
0.8044, 0.3875
0.8118, 0.3875
0.8155, 0.3875
0.8266, 0.3875
0.8303, 0.3875
0.8376, 0.3875
0.8413, 0.3875
0.8450, 0.3875
0.8487, 0.3875
0.8598, 0.3838
0.8635, 0.3838
0.8672, 0.3801
0.8745, 0.3764
0.8819, 0.3727
0.8893, 0.3653
0.8967, 0.3579
0.9041, 0.3506
0.9114, 0.3432
0.9188, 0.3358
0.9262, 0.3284
0.9299, 0.3210
0.9336, 0.3137
0.9373, 0.3137
0.9410, 0.3100
0.9483, 0.3063
0.9520, 0.3026
0.9594, 0.2989
0.9631, 0.2915
0.9668, 0.2915
0.9779, 0.2878
0.9815, 0.2878
0.9889, 0.2841
0.9926, 0.2841
0.9963, 0.2841
1.0000, 0.2841
1.0000, 0.2804

0.6125, 0.6162
0.6089, 0.6125
0.6089, 0.5867
0.6052, 0.5535
0.6052, 0.5240
0.6052, 0.4945
0.6052, 0.4576
0.6052, 0.4317
0.6089, 0.4022
0.6089, 0.3764
0.6125, 0.3579
0.6199, 0.3358
0.6236, 0.3174
0.6236, 0.3063
0.6273, 0.2989
0.6310, 0.2878
0.6310, 0.2804
0.6347, 0.2731
