0.0000, 0.1811
0.0054, 0.1811
0.0108, 0.1811
0.0162, 0.1811
0.0216, 0.1811
0.0324, 0.1811
0.0378, 0.1757
0.0432, 0.1757
0.0486, 0.1703
0.0541, 0.1703
0.0595, 0.1649
0.0649, 0.1541
0.0757, 0.1541
0.0811, 0.1541
0.0919, 0.1487
0.0973, 0.1487
0.1081, 0.1487
0.1189, 0.1487
0.1297, 0.1487
0.1405, 0.1487
0.1514, 0.1487
0.1676, 0.1487
0.1784, 0.1487
0.1892, 0.1487
0.1946, 0.1487
0.2108, 0.1487
0.2270, 0.1487
0.2378, 0.1487
0.2541, 0.1487
0.2649, 0.1595
0.2757, 0.1595
0.2865, 0.1649
0.3027, 0.1649
0.3135, 0.1703
0.3189, 0.1703
0.3297, 0.1703
0.3459, 0.1757
0.3567, 0.1757
0.3622, 0.1811
0.3730, 0.1811
0.3892, 0.1865
0.3946, 0.1919
0.4108, 0.2027
0.4216, 0.2027
0.4378, 0.2081
0.4487, 0.2135
0.4540, 0.2189
0.4649, 0.2243
0.4811, 0.2243
0.4865, 0.2297
0.4973, 0.2351
0.5027, 0.2351
0.5081, 0.2459
0.5243, 0.2514
0.5351, 0.2514
0.5405, 0.2567
0.5568, 0.2622
0.5730, 0.2676
0.5784, 0.2676
0.5892, 0.2730
0.6108, 0.2784
0.6162, 0.2784
0.6324, 0.2784
0.6433, 0.2838
0.6595, 0.2838
0.6703, 0.2838
0.6865, 0.2838
0.7081, 0.2838
0.7243, 0.2838
0.7513, 0.2838
0.7730, 0.2838
0.8000, 0.2838
0.8216, 0.2838
0.8486, 0.2838
0.8703, 0.2838
0.8919, 0.2838
0.9081, 0.2838
0.9297, 0.2838
0.9459, 0.2838
0.9514, 0.2784
0.9676, 0.2784
0.9784, 0.2784
0.9838, 0.2784
0.9892, 0.2784
0.9946, 0.2784
1.0000, 0.2784

0.0108, 0.8513
0.0108, 0.8405
0.0108, 0.8243
0.0162, 0.8189
0.0216, 0.8081
0.0270, 0.8027
0.0324, 0.7973
0.0378, 0.7865
0.0541, 0.7757
0.0595, 0.7703
0.0649, 0.7649
0.0703, 0.7595
0.0811, 0.7541
0.0919, 0.7541
0.1027, 0.7486
0.1081, 0.7486
0.1189, 0.7432
0.1405, 0.7324
0.1514, 0.7324
0.1676, 0.7324
0.1946, 0.7270
0.2108, 0.7270
0.2324, 0.7216
0.2487, 0.7216
0.2703, 0.7216
0.2865, 0.7216
0.3027, 0.7216
0.3189, 0.7216
0.3297, 0.7216
0.3405, 0.7216
0.3459, 0.7216
0.3622, 0.7216
0.3730, 0.7216
0.3892, 0.7216
0.3946, 0.7216
0.4108, 0.7270
0.4270, 0.7270
0.4378, 0.7378
0.4540, 0.7378
0.4649, 0.7378
0.4757, 0.7432
0.4811, 0.7432
0.5027, 0.7486
0.5135, 0.7486
0.5243, 0.7541
0.5460, 0.7541
0.5622, 0.7595
0.5730, 0.7649
0.5946, 0.7649
0.6108, 0.7703
0.6324, 0.7703
0.6486, 0.7811
0.6595, 0.7865
0.6811, 0.7865
0.6973, 0.7919
0.7189, 0.7973
0.7405, 0.8027
0.7622, 0.8027
0.7730, 0.8081
0.7892, 0.8081
0.8000, 0.8081
0.8108, 0.8081
0.8216, 0.8135
0.8270, 0.8135
0.8324, 0.8135
0.8432, 0.8135
0.8541, 0.8135
0.8595, 0.8135
0.8703, 0.8135
0.8757, 0.8135
0.8811, 0.8135

0.4865, 0.8027
0.4865, 0.7757
0.4919, 0.7541
0.5027, 0.7324
0.5081, 0.7108
0.5135, 0.6892
0.5189, 0.6676
0.5189, 0.6459
0.5243, 0.6297
0.5243, 0.6135
0.5297, 0.5865
0.5297, 0.5757
0.5297, 0.5540
0.5297, 0.5378
0.5297, 0.5216
0.5297, 0.5054
0.5243, 0.4892
0.5243, 0.4622
0.5189, 0.4460
0.5135, 0.4297
0.5081, 0.4081
0.5081, 0.3973
0.4973, 0.3865
0.4973, 0.3703
0.4919, 0.3649
