0.0000, 0.7382
0.0000, 0.7339
0.0000, 0.7253
0.0043, 0.7124
0.0172, 0.6996
0.0300, 0.6910
0.0386, 0.6781
0.0558, 0.6652
0.0730, 0.6567
0.0858, 0.6438
0.1030, 0.6352
0.1202, 0.6266
0.1416, 0.6180
0.1588, 0.6094
0.1760, 0.6052
0.1931, 0.6009
0.2103, 0.5966
0.2232, 0.5966
0.2361, 0.5923
0.2489, 0.5923
0.2618, 0.5923
0.2704, 0.5923
0.2876, 0.5923
0.3004, 0.5923
0.3090, 0.5923
0.3262, 0.5923
0.3391, 0.5923
0.3562, 0.5923
0.3691, 0.5923
0.3906, 0.5966
0.4034, 0.5966
0.4249, 0.6052
0.4378, 0.6137
0.4592, 0.6180
0.4721, 0.6266
0.4936, 0.6352
0.5107, 0.6481
0.5279, 0.6567
0.5451, 0.6567
0.5622, 0.6652
0.5751, 0.6738
0.5923, 0.6738
0.6094, 0.6824
0.6223, 0.6867
0.6352, 0.6867
0.6481, 0.6910
0.6609, 0.6910
0.6781, 0.6910
0.6867, 0.6910
0.7039, 0.6910
0.7210, 0.6910
0.7425, 0.6910
0.7554, 0.6910
0.7768, 0.6910
0.7940, 0.6867
0.8155, 0.6867
0.8326, 0.6781
0.8498, 0.6781
0.8627, 0.6738
0.8798, 0.6738
0.8927, 0.6738
0.9056, 0.6695
0.9185, 0.6695
0.9270, 0.6652
0.9356, 0.6652
0.9485, 0.6652
0.9571, 0.6609
0.9657, 0.6609
0.9700, 0.6609
0.9828, 0.6567
0.9914, 0.6567
0.9957, 0.6524
1.0000, 0.6524

0.0858, 0.3777
0.0858, 0.3734
0.0858, 0.3691
0.0858, 0.3648
0.0858, 0.3605
0.0858, 0.3476
0.0944, 0.3433
0.0944, 0.3391
0.0987, 0.3348
0.1030, 0.3305
0.1073, 0.3219
0.1116, 0.3176
0.1159, 0.3047
0.1202, 0.3004
0.1330, 0.2961
0.1416, 0.2876
0.1502, 0.2833
0.1760, 0.2747
0.1931, 0.2704
0.2361, 0.2661
0.2704, 0.2618
0.3090, 0.2618
0.3433, 0.2618
0.3734, 0.2618
0.4077, 0.2618
0.4335, 0.2618
0.4549, 0.2618
0.4807, 0.2661
0.5064, 0.2704
0.5236, 0.2790
0.5494, 0.2833
0.5751, 0.2876
0.5966, 0.2918
0.6223, 0.2961
0.6438, 0.2961
0.6609, 0.3047
0.6824, 0.3047
0.6953, 0.3133
0.7167, 0.3219
0.7339, 0.3262
0.7511, 0.3305
0.7639, 0.3348
0.7725, 0.3391
0.7897, 0.3433
0.7983, 0.3519
0.8069, 0.3519
0.8240, 0.3562
0.8326, 0.3562
0.8498, 0.3562
0.8627, 0.3605
0.8798, 0.3605
0.8970, 0.3605
0.9099, 0.3605
0.9270, 0.3605
0.9356, 0.3605
0.9442, 0.3605
0.9528, 0.3605
0.9657, 0.3605
0.9700, 0.3605
0.9743, 0.3605
0.9785, 0.3605

0.4850, 0.6652
0.4850, 0.6609
0.4893, 0.6395
0.4979, 0.6137
0.5021, 0.5966
0.5064, 0.5708
0.5107, 0.5451
0.5150, 0.5236
0.5193, 0.4979
0.5193, 0.4807
0.5193, 0.4592
0.5193, 0.4378
0.5193, 0.4206
0.5193, 0.3991
0.5193, 0.3863
0.5193, 0.3734
0.5193, 0.3562
0.5193, 0.3476
0.5193, 0.3391
0.5193, 0.3305
0.5193, 0.3262
0.5193, 0.3219
0.5193, 0.3176
