0.0000, 0.7990
0.0049, 0.7990
0.0196, 0.7892
0.0392, 0.7794
0.0588, 0.7696
0.0784, 0.7647
0.0931, 0.7500
0.1177, 0.7451
0.1324, 0.7402
0.1569, 0.7353
0.1765, 0.7255
0.2059, 0.7255
0.2353, 0.7255
0.2598, 0.7206
0.2843, 0.7206
0.3137, 0.7157
0.3333, 0.7157
0.3628, 0.7157
0.3922, 0.7157
0.4118, 0.7157
0.4461, 0.7157
0.4706, 0.7157
0.4902, 0.7157
0.5098, 0.7157
0.5245, 0.7157
0.5392, 0.7157
0.5588, 0.7157
0.5735, 0.7157
0.5980, 0.7206
0.6078, 0.7255
0.6323, 0.7255
0.6471, 0.7304
0.6667, 0.7353
0.6814, 0.7353
0.7010, 0.7402
0.7157, 0.7451
0.7353, 0.7549
0.7598, 0.7598
0.7745, 0.7647
0.7941, 0.7696
0.8088, 0.7745
0.8284, 0.7745
0.8382, 0.7794
0.8529, 0.7794
0.8725, 0.7843
0.8823, 0.7843
0.8970, 0.7843
0.9118, 0.7941
0.9216, 0.7941
0.9314, 0.7941
0.9363, 0.7990
0.9510, 0.7990
0.9559, 0.7990
0.9608, 0.7990
0.9657, 0.7990
0.9706, 0.7990
0.9804, 0.7990
0.9902, 0.7990
0.9951, 0.7990
1.0000, 0.7990

0.4020, 0.6912
0.3971, 0.6912
0.3922, 0.6912
0.3872, 0.6814
0.3775, 0.6667
0.3628, 0.6618
0.3480, 0.6520
0.3431, 0.6422
0.3333, 0.6324
0.3235, 0.6274
0.3235, 0.6225
0.3235, 0.6127
0.3382, 0.6029
0.3578, 0.5931
0.3922, 0.5833
0.4265, 0.5784
0.4608, 0.5686
0.5049, 0.5588
0.5343, 0.5490
0.5637, 0.5441
0.5882, 0.5392
0.6078, 0.5392
0.6127, 0.5343
0.6127, 0.5294
0.6127, 0.5196
0.6127, 0.5049
0.5980, 0.5000
0.5882, 0.4951
0.5784, 0.4853
0.5637, 0.4706
0.5490, 0.4657
0.5343, 0.4559
0.5147, 0.4510
0.5049, 0.4461
0.4902, 0.4314
0.4755, 0.4265
0.4657, 0.4216
0.4559, 0.4167
0.4510, 0.4118
0.4461, 0.4118
0.4461, 0.4069
0.4461, 0.4020
0.4461, 0.3971
0.4461, 0.3823
0.4461, 0.3775
0.4461, 0.3676
0.4559, 0.3578
0.4657, 0.3382
0.4853, 0.3284
0.4951, 0.3186
0.5049, 0.3039
0.5196, 0.2941
0.5196, 0.2892
0.5245, 0.2843
0.5245, 0.2794
0.5245, 0.2647
0.5245, 0.2598
0.5245, 0.2549
0.5147, 0.2451
0.5049, 0.2451
0.4951, 0.2353
0.4902, 0.2353
0.4853, 0.2255
0.4706, 0.2206
0.4657, 0.2206
0.4608, 0.2157
0.4559, 0.2157
0.4510, 0.2157
0.4461, 0.2108
0.4363, 0.2108
0.4363, 0.2059
0.4314, 0.2059
0.4265, 0.2059
0.4216, 0.2010
0.4167, 0.2010
