0.0000, 0.9071
0.0054, 0.9071
0.0054, 0.9016
0.0109, 0.8962
0.0164, 0.8852
0.0273, 0.8688
0.0328, 0.8634
0.0382, 0.8525
0.0437, 0.8470
0.0492, 0.8361
0.0546, 0.8251
0.0601, 0.8197
0.0710, 0.8142
0.0765, 0.8087
0.0820, 0.8033
0.0820, 0.7978
0.0874, 0.7923
0.0929, 0.7814
0.0984, 0.7760
0.1038, 0.7705
0.1093, 0.7650
0.1202, 0.7596
0.1257, 0.7541
0.1366, 0.7541
0.1475, 0.7486
0.1639, 0.7486
0.1748, 0.7377
0.1913, 0.7377
0.2131, 0.7377
0.2295, 0.7377
0.2514, 0.7377
0.2678, 0.7377
0.2787, 0.7377
0.2896, 0.7377
0.3060, 0.7377
0.3169, 0.7377
0.3279, 0.7377
0.3443, 0.7432
0.3552, 0.7432
0.3716, 0.7486
0.3934, 0.7486
0.4098, 0.7486
0.4317, 0.7541
0.4481, 0.7596
0.4699, 0.7596
0.4918, 0.7650
0.5082, 0.7705
0.5300, 0.7760
0.5574, 0.7869
0.5847, 0.7923
0.6120, 0.7978
0.6339, 0.8033
0.6503, 0.8087
0.6721, 0.8142
0.6885, 0.8142
0.7104, 0.8197
0.7268, 0.8197
0.7377, 0.8306
0.7596, 0.8306
0.7705, 0.8306
0.7814, 0.8306
0.7978, 0.8306
0.8087, 0.8361
0.8197, 0.8361
0.8306, 0.8361
0.8470, 0.8361
0.8579, 0.8361
0.8688, 0.8361
0.8907, 0.8361
0.8962, 0.8361
0.9126, 0.8361
0.9180, 0.8361
0.9344, 0.8361
0.9399, 0.8251
0.9454, 0.8251
0.9508, 0.8251
0.9563, 0.8197
0.9617, 0.8142
0.9672, 0.8142
0.9781, 0.8142
0.9836, 0.8087
0.9891, 0.8087
0.9891, 0.8033
0.9945, 0.8033
0.9945, 0.7978
1.0000, 0.7978

0.5191, 0.7869
0.5137, 0.7869
0.5082, 0.7814
0.5082, 0.7705
0.4973, 0.7596
0.4918, 0.7377
0.4918, 0.7322
0.4809, 0.7213
0.4809, 0.7104
0.4754, 0.7049
0.4754, 0.6994
0.4754, 0.6885
0.4754, 0.6831
0.4754, 0.6776
0.4754, 0.6721
0.4754, 0.6667
0.4754, 0.6612
0.4754, 0.6557
0.4863, 0.6557
0.4918, 0.6393
0.5027, 0.6393
0.5082, 0.6339
0.5137, 0.6284
0.5137, 0.6229
0.5191, 0.6229
0.5191, 0.6175
0.5191, 0.6120
0.5191, 0.6011
0.5191, 0.5901
0.5191, 0.5847
0.5137, 0.5738
0.4973, 0.5574
0.4809, 0.5464
0.4699, 0.5464
0.4590, 0.5355
0.4481, 0.5246
0.4317, 0.5191
0.4262, 0.5082
0.4208, 0.5027
0.4208, 0.4973
0.4208, 0.4918
0.4208, 0.4863
0.4208, 0.4809
0.4372, 0.4645
0.4481, 0.4590
0.4645, 0.4535
0.4754, 0.4481
0.4863, 0.4481
0.4973, 0.4426
0.5027, 0.4372
0.5027, 0.4317
0.5082, 0.4317
0.5082, 0.4208
0.5082, 0.4153
0.5137, 0.4098
0.5137, 0.3989
0.5137, 0.3934
0.5137, 0.3770
0.5137, 0.3716
0.5137, 0.3607
0.5137, 0.3552
0.5082, 0.3442
0.5082, 0.3388
0.5082, 0.3279
0.5027, 0.3224
0.4973, 0.3115
0.4973, 0.3060
0.4973, 0.3005
0.4918, 0.2841
0.4809, 0.2732
0.4809, 0.2678
0.4754, 0.2623
0.4754, 0.2514
0.4754, 0.2404
0.4699, 0.2350
0.4699, 0.2240
0.4699, 0.2186
0.4699, 0.2131
0.4699, 0.2076
0.4699, 0.1913
0.4699, 0.1858
0.4699, 0.1803
0.4699, 0.1748
0.4699, 0.1694
0.4699, 0.1639
0.4699, 0.1585
0.4699, 0.1475
0.4699, 0.1421
0.4699, 0.1366
0.4699, 0.1311
0.4699, 0.1257
0.4754, 0.1202
0.4754, 0.1147
0.4754, 0.1038
0.4754, 0.0983
0.4754, 0.0929
