0.1664, 0.3256
0.1664, 0.3256
0.1664, 0.3256
0.1664, 0.3256
0.1664, 0.3256
0.1664, 0.3256
0.1664, 0.3256
0.1664, 0.3256
0.1664, 0.3256
0.1664, 0.3256
0.1664, 0.3256
0.1664, 0.3256
0.1664, 0.3256
0.1664, 0.3256
0.1664, 0.3256
0.1664, 0.3256
0.1664, 0.3256
0.1664, 0.3256
0.1664, 0.3256
0.1664, 0.3256
0.1664, 0.3256
0.1664, 0.3256
0.1664, 0.3256
0.1664, 0.3256
0.1664, 0.3256
0.1664, 0.3256
0.1664, 0.3256
0.1664, 0.3256
0.1664, 0.3256
0.1664, 0.3256
0.1664, 0.3256
0.1664, 0.3256
0.1704, 0.3256
0.1704, 0.3256
0.1704, 0.3256
0.1704, 0.3256
0.1704, 0.3256
0.1704, 0.3256
0.1704, 0.3256
0.1704, 0.3256
0.1704, 0.3256
0.1704, 0.3256
0.1704, 0.3256
0.1704, 0.3256
0.1704, 0.3256
0.1704, 0.3256
0.1704, 0.3256
0.1704, 0.3256
0.1704, 0.3256
0.1704, 0.3256
0.1745, 0.3256
0.1745, 0.3256
0.1745, 0.3256
0.1745, 0.3256
0.1745, 0.3256
0.1745, 0.3230
0.1745, 0.3230
0.1745, 0.3230
0.1745, 0.3230
0.1745, 0.3230
0.1745, 0.3230
0.1745, 0.3230
0.1745, 0.3230
0.1745, 0.3230
0.1745, 0.3230
0.1745, 0.3230
0.1745, 0.3230
0.1745, 0.3230
0.1745, 0.3230
0.1745, 0.3230
0.1745, 0.3230
0.1745, 0.3230
0.1745, 0.3230
0.1745, 0.3230
0.1745, 0.3230
0.1745, 0.3230
0.1745, 0.3230
0.1745, 0.3230
0.1745, 0.3230
0.1745, 0.3230
0.1745, 0.3230
0.1745, 0.3230
0.1745, 0.3230
0.1745, 0.3230
0.1745, 0.3230
0.1745, 0.3230
0.1745, 0.3230
0.1745, 0.3230
0.1745, 0.3230
0.1745, 0.3230
0.1745, 0.3230
0.1745, 0.3230
0.1745, 0.3230
0.1745, 0.3230
0.1745, 0.3230
0.1745, 0.3230
0.1786, 0.3230
0.1786, 0.3230
0.1786, 0.3230
0.1786, 0.3230
0.1786, 0.3230
0.1786, 0.3230
0.1786, 0.3230
0.1786, 0.3230
0.1786, 0.3230
0.1786, 0.3230
0.1786, 0.3230
0.1786, 0.3230
0.1786, 0.3230
0.1786, 0.3230
0.1786, 0.3230
0.1786, 0.3230
0.1786, 0.3230
0.1827, 0.3230
0.1827, 0.3230
0.1827, 0.3230
0.1827, 0.3230
0.1827, 0.3230
0.1827, 0.3230
0.1827, 0.3230
0.1827, 0.3230
0.1827, 0.3204
0.1827, 0.3204
0.1827, 0.3204
0.1827, 0.3204
0.1827, 0.3204
0.1827, 0.3204
0.1827, 0.3204
0.1827, 0.3204
0.1827, 0.3204
0.1827, 0.3204
0.1827, 0.3204
0.1827, 0.3204
0.1827, 0.3204
0.1827, 0.3204
0.1868, 0.3204
0.1868, 0.3204
0.1868, 0.3204
0.1868, 0.3204
0.1868, 0.3204
0.1868, 0.3204
0.1868, 0.3204
0.1868, 0.3204
0.1868, 0.3178
0.1868, 0.3178
0.1868, 0.3178
0.1868, 0.3178
0.1868, 0.3178
0.1868, 0.3178
0.1868, 0.3178
0.1868, 0.3178
0.1868, 0.3178
0.1868, 0.3178
0.1868, 0.3178
0.1868, 0.3178
0.1868, 0.3178
0.1868, 0.3178
0.1868, 0.3178
0.1868, 0.3178
0.1868, 0.3178
0.1868, 0.3178
0.1909, 0.3178
0.1909, 0.3178
0.1909, 0.3178
0.1909, 0.3178
0.1909, 0.3178
0.1909, 0.3178
0.1909, 0.3178
0.1909, 0.3178
0.1909, 0.3178
0.1909, 0.3178
0.1909, 0.3178
0.1909, 0.3178
0.1909, 0.3178
0.1950, 0.3178
0.1950, 0.3178
0.1950, 0.3178
0.1950, 0.3178
0.1950, 0.3178
0.1950, 0.3178
0.1950, 0.3178
0.1950, 0.3178
0.1950, 0.3178
0.1950, 0.3152
0.1950, 0.3152
0.1950, 0.3152
0.1950, 0.3152
0.1950, 0.3152
0.1950, 0.3152
0.1950, 0.3152
0.1950, 0.3152
0.1950, 0.3152
0.1950, 0.3152
0.1950, 0.3152
0.1950, 0.3152
0.1950, 0.3152
0.1950, 0.3152
0.1950, 0.3152
0.1950, 0.3152
0.1950, 0.3152
0.1950, 0.3152
0.1950, 0.3152
0.1950, 0.3152
0.1950, 0.3152
0.1950, 0.3152
0.1950, 0.3127
0.1950, 0.3127
0.1950, 0.3127
0.1950, 0.3127
0.1991, 0.3127
0.1991, 0.3127
0.1991, 0.3127
0.1991, 0.3127
0.1991, 0.3127
0.1991, 0.3127
0.1991, 0.3127
0.1991, 0.3127
0.1991, 0.3127
0.1991, 0.3127
0.1991, 0.3127
0.1991, 0.3127
0.1991, 0.3127
0.2032, 0.3101
0.2032, 0.3101
0.2032, 0.3101
0.2032, 0.3101
0.2032, 0.3101
0.2032, 0.3101
0.2032, 0.3101
0.2032, 0.3101
0.2032, 0.3101
0.2032, 0.3101
0.2032, 0.3101
0.2032, 0.3101
0.2032, 0.3101
0.2072, 0.3101
0.2072, 0.3101
0.2072, 0.3101
0.2072, 0.3101
0.2072, 0.3101
0.2072, 0.3101
0.2072, 0.3101
0.2072, 0.3101
0.2072, 0.3101
0.2072, 0.3101
0.2072, 0.3101
0.2072, 0.3101
0.2072, 0.3101
0.2072, 0.3101
0.2072, 0.3101
0.2113, 0.3101
0.2113, 0.3101
0.2113, 0.3101
0.2113, 0.3101
0.2113, 0.3101
0.2113, 0.3101
0.2113, 0.3101
0.2113, 0.3101
0.2113, 0.3101
0.2113, 0.3075
0.2113, 0.3075
0.2113, 0.3075
0.2113, 0.3075
0.2154, 0.3075
0.2154, 0.3075
0.2154, 0.3075
0.2154, 0.3075
0.2154, 0.3075
0.2154, 0.3075
0.2154, 0.3075
0.2154, 0.3075
0.2154, 0.3075
0.2154, 0.3075
0.2154, 0.3075
0.2154, 0.3075
0.2154, 0.3049
0.2154, 0.3049
0.2154, 0.3049
0.2154, 0.3049
0.2154, 0.3049
0.2154, 0.3049
0.2154, 0.3049
0.2154, 0.3049
0.2154, 0.3049
0.2195, 0.3049
0.2195, 0.3049
0.2195, 0.3049
0.2195, 0.3049
0.2195, 0.3049
0.2195, 0.3049
0.2195, 0.3049
0.2195, 0.3049
0.2195, 0.3049
0.2236, 0.3049
0.2236, 0.3049
0.2236, 0.3049
0.2236, 0.3049
0.2236, 0.3049
0.2236, 0.3049
0.2236, 0.3049
0.2236, 0.3049
0.2236, 0.3049
0.2236, 0.3049
0.2236, 0.3049
0.2236, 0.3049
0.2277, 0.3049
0.2277, 0.3049
0.2277, 0.3049
0.2277, 0.3049
0.2277, 0.3049
0.2277, 0.3049
0.2277, 0.3049
0.2277, 0.3049
0.2277, 0.3049
0.2277, 0.3049
0.2277, 0.3049
0.2277, 0.3049
0.2277, 0.3049
0.2277, 0.3049
0.2277, 0.3049
0.2277, 0.3049
0.2277, 0.3049
0.2277, 0.3049
0.2277, 0.3049
0.2277, 0.3049
0.2277, 0.3049
0.2277, 0.3049
0.2277, 0.3049
0.2277, 0.3049
0.2277, 0.3049
0.2277, 0.3049
0.2277, 0.3049
0.2277, 0.3049
0.2277, 0.3049
0.2277, 0.3049
0.2277, 0.3049
0.2277, 0.3023
0.2277, 0.3023
0.2277, 0.3023
0.2277, 0.3023
0.2277, 0.3023
0.2277, 0.3023
0.2277, 0.3023
0.2277, 0.3023
0.2277, 0.3023
0.2277, 0.3023
0.2277, 0.3023
0.2277, 0.3023
0.2277, 0.3023
0.2277, 0.3023
0.2277, 0.3023
0.2277, 0.3023
0.2319, 0.3023
0.2319, 0.3023
0.2319, 0.3023
0.2319, 0.3023
0.2319, 0.3023
0.2319, 0.3023
0.2319, 0.3023
0.2319, 0.3023
0.2360, 0.2997
0.2360, 0.2997
0.2360, 0.2997
0.2360, 0.2997
0.2360, 0.2997
0.2360, 0.2997
0.2360, 0.2997
0.2360, 0.2997
0.2360, 0.2997
0.2360, 0.2997
0.2360, 0.2997
0.2360, 0.2997
0.2360, 0.2997
0.2360, 0.2997
0.2360, 0.2997
0.2360, 0.2997
0.2360, 0.2997
0.2360, 0.2997
0.2360, 0.2997
0.2360, 0.2997
0.2360, 0.2997
0.2360, 0.2997
0.2360, 0.2997
0.2360, 0.2997
0.2401, 0.2997
0.2401, 0.2997
0.2401, 0.2997
0.2401, 0.2997
0.2401, 0.2972
0.2401, 0.2972
0.2401, 0.2972
0.2401, 0.2972
0.2401, 0.2972
0.2401, 0.2972
0.2401, 0.2972
0.2401, 0.2972
0.2441, 0.2972
0.2441, 0.2972
0.2441, 0.2972
0.2441, 0.2972
0.2441, 0.2972
0.2441, 0.2972
0.2441, 0.2972
0.2482, 0.2972
0.2482, 0.2972
0.2482, 0.2972
0.2482, 0.2972
0.2482, 0.2972
0.2482, 0.2972
0.2482, 0.2972
0.2482, 0.2972
0.2482, 0.2972
0.2482, 0.2972
0.2482, 0.2972
0.2482, 0.2972
0.2482, 0.2972
0.2482, 0.2972
0.2482, 0.2972
0.2482, 0.2972
0.2482, 0.2972
0.2482, 0.2972
0.2482, 0.2972
0.2482, 0.2972
0.2523, 0.2972
0.2523, 0.2972
0.2523, 0.2972
0.2523, 0.2972
0.2523, 0.2972
0.2523, 0.2972
0.2523, 0.2972
0.2523, 0.2972
0.2523, 0.2972
0.2523, 0.2972
0.2523, 0.2972
0.2523, 0.2972
0.2523, 0.2972
0.2564, 0.2972
0.2564, 0.2972
0.2564, 0.2972
0.2564, 0.2972
0.2564, 0.2972
0.2564, 0.2972
0.2564, 0.2972
0.2564, 0.2972
0.2564, 0.2972
0.2564, 0.2972
0.2564, 0.2972
0.2564, 0.2972
0.2564, 0.2972
0.2564, 0.2972
0.2564, 0.2972
0.2564, 0.2972
0.2564, 0.2972
0.2564, 0.2972
0.2564, 0.2972
0.2564, 0.2972
0.2564, 0.2946
0.2564, 0.2946
0.2564, 0.2946
0.2564, 0.2946
0.2564, 0.2946
0.2564, 0.2946
0.2564, 0.2946
0.2564, 0.2946
0.2564, 0.2946
0.2564, 0.2946
0.2564, 0.2946
0.2564, 0.2946
0.2564, 0.2946
0.2564, 0.2946
0.2564, 0.2946
0.2564, 0.2946
0.2605, 0.2946
0.2605, 0.2946
0.2605, 0.2946
0.2605, 0.2946
0.2605, 0.2946
0.2605, 0.2946
0.2605, 0.2946
0.2605, 0.2946
0.2605, 0.2946
0.2605, 0.2946
0.2605, 0.2946
0.2605, 0.2946
0.2646, 0.2946
0.2646, 0.2946
0.2646, 0.2946
0.2646, 0.2946
0.2646, 0.2946
0.2646, 0.2946
0.2646, 0.2946
0.2646, 0.2946
0.2646, 0.2946
0.2646, 0.2946
0.2646, 0.2946
0.2646, 0.2946
0.2646, 0.2946
0.2687, 0.2946
0.2687, 0.2946
0.2687, 0.2946
0.2687, 0.2946
0.2687, 0.2946
0.2687, 0.2946
0.2687, 0.2946
0.2687, 0.2946
0.2687, 0.2946
0.2687, 0.2946
0.2687, 0.2946
0.2687, 0.2946
0.2687, 0.2946
0.2687, 0.2946
0.2687, 0.2946
0.2687, 0.2920
0.2687, 0.2920
0.2687, 0.2920
0.2687, 0.2920
0.2687, 0.2920
0.2687, 0.2920
0.2687, 0.2920
0.2687, 0.2920
0.2687, 0.2920
0.2687, 0.2920
0.2687, 0.2920
0.2687, 0.2920
0.2687, 0.2920
0.2687, 0.2920
0.2687, 0.2920
0.2687, 0.2920
0.2728, 0.2920
0.2728, 0.2920
0.2728, 0.2920
0.2728, 0.2920
0.2728, 0.2920
0.2728, 0.2920
0.2728, 0.2920
0.2728, 0.2920
0.2728, 0.2920
0.2728, 0.2920
0.2728, 0.2920
0.2728, 0.2920
0.2769, 0.2920
0.2769, 0.2920
0.2769, 0.2920
0.2769, 0.2920
0.2769, 0.2920
0.2769, 0.2920
0.2769, 0.2920
0.2769, 0.2920
0.2769, 0.2920
0.2769, 0.2920
0.2769, 0.2920
0.2769, 0.2920
0.2769, 0.2920
0.2769, 0.2920
0.2769, 0.2920
0.2769, 0.2920
0.2769, 0.2920
0.2769, 0.2920
0.2769, 0.2920
0.2769, 0.2920
0.2769, 0.2920
0.2769, 0.2920
0.2769, 0.2920
0.2769, 0.2920
0.2769, 0.2920
0.2769, 0.2920
0.2809, 0.2920
0.2809, 0.2920
0.2809, 0.2920
0.2809, 0.2920
0.2809, 0.2920
0.2809, 0.2920
0.2809, 0.2920
0.2809, 0.2920
0.2809, 0.2920
0.2809, 0.2920
0.2809, 0.2920
0.2809, 0.2920
0.2809, 0.2920
0.2809, 0.2920
0.2809, 0.2920
0.2809, 0.2920
0.2809, 0.2920
0.2809, 0.2920
0.2809, 0.2920
0.2809, 0.2920
0.2850, 0.2920
0.2850, 0.2920
0.2850, 0.2920
0.2850, 0.2920
0.2850, 0.2920
0.2850, 0.2920
0.2850, 0.2920
0.2850, 0.2920
0.2850, 0.2920
0.2850, 0.2920
0.2850, 0.2920
0.2850, 0.2920
0.2891, 0.2920
0.2891, 0.2920
0.2891, 0.2920
0.2891, 0.2920
0.2891, 0.2920
0.2891, 0.2920
0.2891, 0.2920
0.2891, 0.2920
0.2891, 0.2920
0.2891, 0.2920
0.2891, 0.2920
0.2891, 0.2894
0.2891, 0.2894
0.2891, 0.2894
0.2891, 0.2894
0.2891, 0.2894
0.2891, 0.2894
0.2891, 0.2894
0.2891, 0.2894
0.2891, 0.2894
0.2891, 0.2894
0.2932, 0.2894
0.2932, 0.2894
0.2932, 0.2894
0.2932, 0.2894
0.2932, 0.2894
0.2932, 0.2894
0.2932, 0.2894
0.2932, 0.2894
0.2932, 0.2894
0.2932, 0.2894
0.2932, 0.2894
0.2932, 0.2894
0.2932, 0.2894
0.2932, 0.2894
0.2932, 0.2894
0.2973, 0.2894
0.2973, 0.2894
0.2973, 0.2894
0.2973, 0.2894
0.2973, 0.2894
0.2973, 0.2894
0.2973, 0.2894
0.2973, 0.2894
0.2973, 0.2894
0.2973, 0.2894
0.2973, 0.2894
0.2973, 0.2894
0.2973, 0.2894
0.2973, 0.2894
0.2973, 0.2894
0.2973, 0.2894
0.2973, 0.2894
0.2973, 0.2894
0.2973, 0.2894
0.2973, 0.2894
0.2973, 0.2894
0.2973, 0.2894
0.2973, 0.2894
0.3014, 0.2894
0.3014, 0.2894
0.3014, 0.2894
0.3014, 0.2894
0.3014, 0.2894
0.3014, 0.2894
0.3014, 0.2894
0.3014, 0.2894
0.3014, 0.2894
0.3014, 0.2894
0.3014, 0.2894
0.3014, 0.2894
0.3055, 0.2894
0.3055, 0.2894
0.3055, 0.2894
0.3055, 0.2894
0.3055, 0.2894
0.3055, 0.2894
0.3055, 0.2894
0.3055, 0.2894
0.3055, 0.2894
0.3055, 0.2894
0.3055, 0.2894
0.3055, 0.2868
0.3055, 0.2868
0.3055, 0.2868
0.3055, 0.2868
0.3055, 0.2868
0.3055, 0.2868
0.3055, 0.2868
0.3097, 0.2868
0.3097, 0.2868
0.3097, 0.2868
0.3097, 0.2868
0.3097, 0.2868
0.3097, 0.2868
0.3097, 0.2868
0.3097, 0.2868
0.3097, 0.2868
0.3097, 0.2868
0.3097, 0.2868
0.3097, 0.2868
0.3138, 0.2868
0.3138, 0.2868
0.3138, 0.2868
0.3138, 0.2868
0.3138, 0.2868
0.3138, 0.2868
0.3138, 0.2868
0.3178, 0.2868
0.3178, 0.2868
0.3178, 0.2868
0.3178, 0.2868
0.3178, 0.2868
0.3178, 0.2868
0.3178, 0.2868
0.3178, 0.2868
0.3178, 0.2868
0.3178, 0.2868
0.3178, 0.2868
0.3178, 0.2868
0.3178, 0.2868
0.3178, 0.2868
0.3178, 0.2868
0.3178, 0.2868
0.3219, 0.2868
0.3219, 0.2868
0.3219, 0.2868
0.3219, 0.2868
0.3219, 0.2868
0.3219, 0.2868
0.3219, 0.2868
0.3260, 0.2868
0.3260, 0.2868
0.3260, 0.2868
0.3260, 0.2868
0.3260, 0.2868
0.3260, 0.2868
0.3260, 0.2868
0.3260, 0.2868
0.3260, 0.2868
0.3260, 0.2868
0.3260, 0.2868
0.3260, 0.2868
0.3260, 0.2868
0.3260, 0.2868
0.3260, 0.2868
0.3260, 0.2868
0.3260, 0.2868
0.3260, 0.2868
0.3260, 0.2868
0.3260, 0.2868
0.3260, 0.2868
0.3260, 0.2868
0.3301, 0.2868
0.3301, 0.2868
0.3301, 0.2868
0.3301, 0.2868
0.3301, 0.2868
0.3301, 0.2868
0.3301, 0.2868
0.3342, 0.2868
0.3342, 0.2868
0.3342, 0.2868
0.3342, 0.2868
0.3342, 0.2868
0.3342, 0.2868
0.3342, 0.2868
0.3342, 0.2868
0.3342, 0.2868
0.3342, 0.2868
0.3342, 0.2868
0.3342, 0.2868
0.3383, 0.2868
0.3383, 0.2868
0.3383, 0.2868
0.3383, 0.2868
0.3383, 0.2868
0.3383, 0.2868
0.3383, 0.2868
0.3383, 0.2868
0.3383, 0.2868
0.3383, 0.2868
0.3383, 0.2868
0.3424, 0.2868
0.3424, 0.2868
0.3424, 0.2868
0.3424, 0.2868
0.3424, 0.2868
0.3424, 0.2868
0.3424, 0.2868
0.3465, 0.2868
0.3465, 0.2868
0.3465, 0.2868
0.3465, 0.2868
0.3465, 0.2868
0.3465, 0.2868
0.3465, 0.2868
0.3465, 0.2868
0.3465, 0.2868
0.3465, 0.2868
0.3465, 0.2868
0.3465, 0.2868
0.3465, 0.2868
0.3465, 0.2868
0.3465, 0.2868
0.3465, 0.2868
0.3465, 0.2868
0.3465, 0.2868
0.3465, 0.2868
0.3465, 0.2868
0.3465, 0.2868
0.3465, 0.2868
0.3465, 0.2868
0.3506, 0.2868
0.3506, 0.2868
0.3506, 0.2868
0.3506, 0.2868
0.3506, 0.2868
0.3506, 0.2868
0.3506, 0.2868
0.3506, 0.2868
0.3506, 0.2868
0.3506, 0.2868
0.3506, 0.2868
0.3546, 0.2868
0.3546, 0.2868
0.3546, 0.2868
0.3546, 0.2868
0.3546, 0.2868
0.3546, 0.2868
0.3546, 0.2868
0.3587, 0.2868
0.3587, 0.2868
0.3587, 0.2868
0.3587, 0.2868
0.3587, 0.2868
0.3587, 0.2868
0.3587, 0.2868
0.3587, 0.2868
0.3587, 0.2868
0.3587, 0.2868
0.3587, 0.2868
0.3587, 0.2868
0.3587, 0.2868
0.3587, 0.2868
0.3628, 0.2868
0.3628, 0.2868
0.3628, 0.2868
0.3628, 0.2868
0.3628, 0.2868
0.3628, 0.2868
0.3628, 0.2868
0.3628, 0.2868
0.3669, 0.2868
0.3669, 0.2868
0.3669, 0.2868
0.3669, 0.2868
0.3669, 0.2868
0.3669, 0.2868
0.3669, 0.2868
0.3669, 0.2868
0.3669, 0.2868
0.3669, 0.2868
0.3669, 0.2868
0.3669, 0.2868
0.3669, 0.2868
0.3669, 0.2868
0.3710, 0.2868
0.3710, 0.2868
0.3710, 0.2868
0.3710, 0.2868
0.3710, 0.2868
0.3710, 0.2868
0.3751, 0.2868
0.3751, 0.2868
0.3792, 0.2868
0.3792, 0.2868
0.3792, 0.2868
0.3792, 0.2868
0.3792, 0.2868
0.3792, 0.2868
0.3792, 0.2868
0.3833, 0.2868
0.3875, 0.2868
0.3875, 0.2868
0.3875, 0.2868
0.3875, 0.2868
0.3875, 0.2868
0.3875, 0.2868
0.3875, 0.2868
0.3915, 0.2868
0.3915, 0.2868
0.3915, 0.2868
0.3915, 0.2868
0.3915, 0.2868
0.3915, 0.2868
0.3915, 0.2868
0.3956, 0.2868
0.3956, 0.2868
0.3956, 0.2868
0.3956, 0.2868
0.3956, 0.2868
0.3956, 0.2868
0.3956, 0.2868
0.3997, 0.2868
0.3997, 0.2868
0.3997, 0.2868
0.3997, 0.2894
0.3997, 0.2894
0.3997, 0.2894
0.3997, 0.2894
0.3997, 0.2894
0.3997, 0.2894
0.3997, 0.2894
0.3997, 0.2894
0.3997, 0.2894
0.3997, 0.2894
0.3997, 0.2894
0.3997, 0.2894
0.3997, 0.2894
0.3997, 0.2894
0.3997, 0.2894
0.4038, 0.2894
0.4038, 0.2894
0.4038, 0.2894
0.4038, 0.2894
0.4038, 0.2894
0.4038, 0.2894
0.4038, 0.2894
0.4038, 0.2894
0.4038, 0.2894
0.4038, 0.2894
0.4038, 0.2894
0.4038, 0.2894
0.4038, 0.2894
0.4038, 0.2894
0.4038, 0.2894
0.4079, 0.2894
0.4079, 0.2894
0.4079, 0.2894
0.4079, 0.2894
0.4079, 0.2894
0.4079, 0.2894
0.4079, 0.2894
0.4079, 0.2894
0.4079, 0.2894
0.4079, 0.2894
0.4079, 0.2894
0.4079, 0.2894
0.4079, 0.2894
0.4120, 0.2894
0.4120, 0.2894
0.4120, 0.2894
0.4120, 0.2894
0.4120, 0.2894
0.4120, 0.2894
0.4120, 0.2894
0.4161, 0.2894
0.4161, 0.2894
0.4161, 0.2894
0.4161, 0.2894
0.4161, 0.2894
0.4161, 0.2894
0.4161, 0.2894
0.4161, 0.2894
0.4161, 0.2894
0.4161, 0.2894
0.4202, 0.2894
0.4202, 0.2894
0.4202, 0.2894
0.4202, 0.2894
0.4202, 0.2920
0.4202, 0.2920
0.4202, 0.2920
0.4202, 0.2920
0.4202, 0.2920
0.4202, 0.2920
0.4202, 0.2920
0.4202, 0.2920
0.4202, 0.2920
0.4202, 0.2920
0.4202, 0.2920
0.4202, 0.2920
0.4202, 0.2920
0.4202, 0.2920
0.4202, 0.2920
0.4202, 0.2920
0.4202, 0.2920
0.4202, 0.2920
0.4202, 0.2920
0.4202, 0.2920
0.4202, 0.2920
0.4243, 0.2920
0.4243, 0.2920
0.4243, 0.2920
0.4243, 0.2920
0.4243, 0.2920
0.4243, 0.2920
0.4243, 0.2920
0.4283, 0.2920
0.4283, 0.2920
0.4283, 0.2920
0.4283, 0.2946
0.4283, 0.2946
0.4283, 0.2946
0.4283, 0.2946
0.4283, 0.2946
0.4283, 0.2946
0.4283, 0.2946
0.4283, 0.2946
0.4283, 0.2946
0.4283, 0.2946
0.4283, 0.2946
0.4324, 0.2946
0.4324, 0.2946
0.4324, 0.2946
0.4324, 0.2946
0.4324, 0.2946
0.4324, 0.2946
0.4324, 0.2946
0.4324, 0.2946
0.4324, 0.2946
0.4324, 0.2946
0.4365, 0.2946
0.4365, 0.2946
0.4365, 0.2946
0.4365, 0.2946
0.4365, 0.2972
0.4365, 0.2972
0.4365, 0.2972
0.4365, 0.2972
0.4365, 0.2972
0.4365, 0.2972
0.4365, 0.2972
0.4365, 0.2972
0.4365, 0.2972
0.4365, 0.2972
0.4365, 0.2972
0.4365, 0.2972
0.4365, 0.2972
0.4406, 0.2972
0.4406, 0.2972
0.4406, 0.2972
0.4406, 0.2972
0.4406, 0.2972
0.4406, 0.2972
0.4406, 0.2972
0.4406, 0.2997
0.4406, 0.2997
0.4406, 0.2997
0.4447, 0.2997
0.4447, 0.2997
0.4447, 0.2997
0.4447, 0.2997
0.4447, 0.2997
0.4447, 0.2997
0.4447, 0.2997
0.4488, 0.3023
0.4488, 0.3023
0.4488, 0.3023
0.4488, 0.3023
0.4488, 0.3023
0.4488, 0.3023
0.4488, 0.3023
0.4488, 0.3023
0.4488, 0.3023
0.4488, 0.3023
0.4488, 0.3023
0.4488, 0.3023
0.4488, 0.3023
0.4488, 0.3023
0.4488, 0.3023
0.4488, 0.3023
0.4488, 0.3023
0.4488, 0.3023
0.4529, 0.3023
0.4529, 0.3023
0.4529, 0.3023
0.4529, 0.3023
0.4529, 0.3023
0.4529, 0.3023
0.4570, 0.3023
0.4570, 0.3023
0.4570, 0.3023
0.4570, 0.3023
0.4570, 0.3023
0.4570, 0.3023
0.4570, 0.3023
0.4570, 0.3023
0.4570, 0.3023
0.4570, 0.3023
0.4570, 0.3023
0.4570, 0.3023
0.4570, 0.3023
0.4570, 0.3023
0.4570, 0.3023
0.4611, 0.3023
0.4611, 0.3023
0.4611, 0.3023
0.4611, 0.3049
0.4611, 0.3049
0.4611, 0.3049
0.4611, 0.3049
0.4611, 0.3049
0.4611, 0.3049
0.4611, 0.3049
0.4652, 0.3049
0.4652, 0.3049
0.4652, 0.3049
0.4652, 0.3049
0.4652, 0.3049
0.4652, 0.3049
0.4652, 0.3075
0.4652, 0.3075
0.4652, 0.3075
0.4652, 0.3075
0.4693, 0.3075
0.4693, 0.3075
0.4693, 0.3075
0.4693, 0.3075
0.4693, 0.3075
0.4693, 0.3075
0.4693, 0.3075
0.4693, 0.3075
0.4693, 0.3075
0.4693, 0.3075
0.4693, 0.3075
0.4693, 0.3075
0.4693, 0.3075
0.4693, 0.3075
0.4693, 0.3075
0.4693, 0.3075
0.4693, 0.3075
0.4734, 0.3075
0.4734, 0.3075
0.4734, 0.3075
0.4734, 0.3075
0.4734, 0.3075
0.4734, 0.3075
0.4734, 0.3075
0.4734, 0.3075
0.4734, 0.3075
0.4734, 0.3075
0.4734, 0.3075
0.4775, 0.3075
0.4775, 0.3075
0.4775, 0.3075
0.4775, 0.3075
0.4775, 0.3075
0.4775, 0.3075
0.4775, 0.3075
0.4775, 0.3075
0.4775, 0.3075
0.4775, 0.3075
0.4775, 0.3101
0.4775, 0.3101
0.4775, 0.3101
0.4775, 0.3101
0.4775, 0.3101
0.4775, 0.3101
0.4775, 0.3101
0.4816, 0.3101
0.4816, 0.3101
0.4816, 0.3101
0.4857, 0.3101
0.4857, 0.3101
0.4857, 0.3101
0.4857, 0.3127
0.4857, 0.3127
0.4857, 0.3127
0.4857, 0.3127
0.4857, 0.3127
0.4857, 0.3127
0.4857, 0.3127
0.4898, 0.3127
0.4898, 0.3127
0.4898, 0.3127
0.4898, 0.3127
0.4898, 0.3127
0.4898, 0.3127
0.4898, 0.3127
0.4898, 0.3127
0.4898, 0.3127
0.4898, 0.3127
0.4898, 0.3127
0.4898, 0.3127
0.4898, 0.3127
0.4939, 0.3152
0.4939, 0.3152
0.4939, 0.3152
0.4939, 0.3152
0.4939, 0.3152
0.4939, 0.3152
0.4939, 0.3152
0.4980, 0.3152
0.4980, 0.3152
0.4980, 0.3152
0.4980, 0.3152
0.4980, 0.3152
0.4980, 0.3152
0.4980, 0.3152
0.4980, 0.3152
0.4980, 0.3152
0.4980, 0.3152
0.4980, 0.3152
0.4980, 0.3152
0.4980, 0.3152
0.5020, 0.3152
0.5020, 0.3152
0.5020, 0.3152
0.5020, 0.3152
0.5020, 0.3152
0.5020, 0.3152
0.5020, 0.3152
0.5061, 0.3152
0.5061, 0.3152
0.5061, 0.3152
0.5061, 0.3152
0.5061, 0.3152
0.5061, 0.3152
0.5061, 0.3152
0.5102, 0.3152
0.5102, 0.3152
0.5102, 0.3152
0.5102, 0.3152
0.5102, 0.3152
0.5102, 0.3152
0.5102, 0.3152
0.5102, 0.3152
0.5102, 0.3152
0.5102, 0.3152
0.5102, 0.3178
0.5102, 0.3178
0.5102, 0.3178
0.5143, 0.3178
0.5143, 0.3178
0.5143, 0.3178
0.5143, 0.3178
0.5143, 0.3178
0.5143, 0.3178
0.5143, 0.3178
0.5184, 0.3178
0.5184, 0.3178
0.5184, 0.3178
0.5184, 0.3178
0.5184, 0.3178
0.5184, 0.3178
0.5184, 0.3178
0.5184, 0.3178
0.5184, 0.3178
0.5184, 0.3204
0.5184, 0.3204
0.5184, 0.3204
0.5225, 0.3204
0.5225, 0.3204
0.5225, 0.3204
0.5225, 0.3204
0.5225, 0.3204
0.5225, 0.3204
0.5225, 0.3204
0.5266, 0.3204
0.5266, 0.3204
0.5266, 0.3204
0.5307, 0.3204
0.5307, 0.3204
0.5307, 0.3204
0.5307, 0.3204
0.5307, 0.3204
0.5307, 0.3204
0.5307, 0.3204
0.5307, 0.3204
0.5307, 0.3204
0.5307, 0.3204
0.5307, 0.3204
0.5307, 0.3204
0.5348, 0.3204
0.5348, 0.3204
0.5348, 0.3204
0.5348, 0.3204
0.5348, 0.3204
0.5348, 0.3204
0.5348, 0.3204
0.5389, 0.3204
0.5389, 0.3204
0.5389, 0.3204
0.5389, 0.3204
0.5389, 0.3204
0.5389, 0.3204
0.5389, 0.3204
0.5389, 0.3204
0.5430, 0.3204
0.5430, 0.3204
0.5430, 0.3204
0.5430, 0.3204
0.5471, 0.3230
0.5471, 0.3230
0.5471, 0.3230
0.5471, 0.3230
0.5471, 0.3230
0.5471, 0.3230
0.5512, 0.3230
0.5512, 0.3230
0.5512, 0.3230
0.5512, 0.3230
0.5512, 0.3230
0.5512, 0.3230
0.5512, 0.3230
0.5512, 0.3256
0.5512, 0.3256
0.5512, 0.3256
0.5553, 0.3256
0.5553, 0.3256
0.5553, 0.3256
0.5594, 0.3256
0.5594, 0.3256
0.5594, 0.3256
0.5594, 0.3256
0.5594, 0.3256
0.5594, 0.3256
0.5594, 0.3256
0.5594, 0.3256
0.5594, 0.3256
0.5594, 0.3256
0.5594, 0.3282
0.5594, 0.3282
0.5594, 0.3282
0.5635, 0.3282
0.5635, 0.3282
0.5635, 0.3282
0.5635, 0.3282
0.5635, 0.3282
0.5635, 0.3282
0.5676, 0.3282
0.5676, 0.3282
0.5676, 0.3282
0.5676, 0.3282
0.5676, 0.3282
0.5676, 0.3282
0.5676, 0.3282
0.5676, 0.3282
0.5676, 0.3282
0.5676, 0.3282
0.5676, 0.3282
0.5676, 0.3282
0.5676, 0.3282
0.5676, 0.3282
0.5717, 0.3282
0.5717, 0.3282
0.5717, 0.3282
0.5717, 0.3282
0.5717, 0.3282
0.5717, 0.3282
0.5757, 0.3307
0.5757, 0.3307
0.5757, 0.3307
0.5757, 0.3307
0.5757, 0.3307
0.5757, 0.3307
0.5757, 0.3307
0.5798, 0.3307
0.5798, 0.3307
0.5798, 0.3307
0.5798, 0.3307
0.5798, 0.3307
0.5798, 0.3307
0.5798, 0.3333
0.5798, 0.3333
0.5839, 0.3333
0.5839, 0.3333
0.5839, 0.3333
0.5839, 0.3333
0.5839, 0.3333
0.5839, 0.3333
0.5839, 0.3333
0.5839, 0.3333
0.5839, 0.3333
0.5839, 0.3333
0.5880, 0.3333
0.5880, 0.3333
0.5880, 0.3333
0.5880, 0.3333
0.5880, 0.3333
0.5880, 0.3333
0.5880, 0.3333
0.5880, 0.3333
0.5880, 0.3333
0.5880, 0.3333
0.5880, 0.3333
0.5880, 0.3333
0.5921, 0.3333
0.5921, 0.3333
0.5921, 0.3333
0.5921, 0.3333
0.5921, 0.3333
0.5921, 0.3333
0.5962, 0.3333
0.5962, 0.3333
0.5962, 0.3333
0.5962, 0.3359
0.5962, 0.3359
0.5962, 0.3359
0.6003, 0.3359
0.6003, 0.3359
0.6003, 0.3359
0.6003, 0.3359
0.6003, 0.3359
0.6003, 0.3359
0.6003, 0.3359
0.6003, 0.3359
0.6003, 0.3359
0.6003, 0.3385
0.6003, 0.3385
0.6003, 0.3385
0.6044, 0.3385
0.6044, 0.3385
0.6044, 0.3385
0.6044, 0.3385
0.6044, 0.3385
0.6044, 0.3385
0.6044, 0.3385
0.6044, 0.3385
0.6044, 0.3385
0.6044, 0.3385
0.6044, 0.3385
0.6044, 0.3385
0.6044, 0.3385
0.6085, 0.3411
0.6085, 0.3411
0.6085, 0.3411
0.6085, 0.3411
0.6085, 0.3411
0.6085, 0.3411
0.6085, 0.3411
0.6085, 0.3411
0.6085, 0.3411
0.6085, 0.3411
0.6085, 0.3411
0.6085, 0.3411
0.6085, 0.3411
0.6085, 0.3411
0.6085, 0.3411
0.6085, 0.3411
0.6085, 0.3411
0.6125, 0.3411
0.6125, 0.3411
0.6125, 0.3411
0.6125, 0.3411
0.6125, 0.3411
0.6125, 0.3411
0.6167, 0.3411
0.6167, 0.3411
0.6167, 0.3411
0.6167, 0.3411
0.6167, 0.3411
0.6167, 0.3411
0.6167, 0.3411
0.6167, 0.3411
0.6167, 0.3411
0.6208, 0.3437
0.6208, 0.3437
0.6208, 0.3437
0.6208, 0.3437
0.6208, 0.3437
0.6208, 0.3437
0.6208, 0.3437
0.6208, 0.3437
0.6208, 0.3437
0.6208, 0.3437
0.6208, 0.3437
0.6208, 0.3437
0.6208, 0.3437
0.6208, 0.3437
0.6208, 0.3437
0.6208, 0.3437
0.6249, 0.3463
0.6249, 0.3463
0.6249, 0.3463
0.6249, 0.3463
0.6249, 0.3463
0.6249, 0.3463
0.6249, 0.3463
0.6290, 0.3463
0.6290, 0.3463
0.6290, 0.3463
0.6290, 0.3463
0.6290, 0.3463
0.6290, 0.3463
0.6290, 0.3463
0.6290, 0.3463
0.6290, 0.3463
0.6290, 0.3463
0.6290, 0.3463
0.6290, 0.3463
0.6331, 0.3463
0.6331, 0.3463
0.6331, 0.3463
0.6331, 0.3463
0.6331, 0.3463
0.6331, 0.3463
0.6331, 0.3463
0.6372, 0.3488
0.6372, 0.3488
0.6372, 0.3488
0.6372, 0.3488
0.6372, 0.3488
0.6372, 0.3488
0.6413, 0.3488
0.6413, 0.3488
0.6413, 0.3488
0.6413, 0.3488
0.6413, 0.3488
0.6413, 0.3488
0.6413, 0.3514
0.6413, 0.3514
0.6413, 0.3514
0.6454, 0.3514
0.6454, 0.3514
0.6454, 0.3514
0.6454, 0.3514
0.6454, 0.3514
0.6454, 0.3514
0.6454, 0.3514
0.6454, 0.3514
0.6454, 0.3514
0.6454, 0.3514
0.6494, 0.3514
0.6494, 0.3514
0.6494, 0.3514
0.6494, 0.3540
0.6494, 0.3540
0.6494, 0.3540
0.6494, 0.3540
0.6494, 0.3540
0.6494, 0.3540
0.6494, 0.3540
0.6494, 0.3540
0.6494, 0.3540
0.6494, 0.3540
0.6494, 0.3540
0.6494, 0.3540
0.6494, 0.3540
0.6535, 0.3540
0.6535, 0.3540
0.6535, 0.3540
0.6535, 0.3540
0.6535, 0.3540
0.6535, 0.3540
0.6576, 0.3540
0.6576, 0.3540
0.6576, 0.3540
0.6576, 0.3540
0.6576, 0.3540
0.6576, 0.3540
0.6576, 0.3540
0.6617, 0.3540
0.6617, 0.3540
0.6617, 0.3540
0.6617, 0.3566
0.6617, 0.3566
0.6617, 0.3566
0.6617, 0.3566
0.6617, 0.3566
0.6617, 0.3566
0.6617, 0.3566
0.6617, 0.3566
0.6617, 0.3566
0.6617, 0.3566
0.6617, 0.3566
0.6617, 0.3566
0.6658, 0.3566
0.6658, 0.3566
0.6658, 0.3566
0.6658, 0.3592
0.6658, 0.3592
0.6658, 0.3592
0.6658, 0.3592
0.6658, 0.3592
0.6658, 0.3592
0.6658, 0.3592
0.6699, 0.3592
0.6699, 0.3592
0.6699, 0.3592
0.6699, 0.3592
0.6699, 0.3592
0.6699, 0.3592
0.6699, 0.3592
0.6699, 0.3592
0.6699, 0.3592
0.6699, 0.3592
0.6699, 0.3592
0.6699, 0.3592
0.6699, 0.3592
0.6699, 0.3592
0.6699, 0.3592
0.6699, 0.3592
0.6740, 0.3592
0.6740, 0.3592
0.6740, 0.3592
0.6740, 0.3592
0.6740, 0.3592
0.6740, 0.3592
0.6781, 0.3592
0.6781, 0.3592
0.6781, 0.3592
0.6781, 0.3618
0.6781, 0.3618
0.6781, 0.3618
0.6781, 0.3618
0.6781, 0.3618
0.6781, 0.3618
0.6822, 0.3618
0.6822, 0.3618
0.6822, 0.3618
0.6822, 0.3618
0.6822, 0.3618
0.6822, 0.3618
0.6822, 0.3618
0.6822, 0.3618
0.6822, 0.3618
0.6822, 0.3618
0.6822, 0.3618
0.6822, 0.3618
0.6822, 0.3618
0.6822, 0.3618
0.6822, 0.3618
0.6822, 0.3618
0.6822, 0.3643
0.6822, 0.3643
0.6822, 0.3643
0.6862, 0.3643
0.6862, 0.3643
0.6862, 0.3643
0.6862, 0.3643
0.6862, 0.3643
0.6862, 0.3643
0.6903, 0.3643
0.6903, 0.3643
0.6903, 0.3643
0.6903, 0.3643
0.6903, 0.3643
0.6903, 0.3643
0.6903, 0.3643
0.6903, 0.3643
0.6903, 0.3643
0.6903, 0.3643
0.6903, 0.3643
0.6903, 0.3643
0.6945, 0.3643
0.6945, 0.3643
0.6945, 0.3643
0.6945, 0.3643
0.6945, 0.3643
0.6945, 0.3643
0.6986, 0.3643
0.6986, 0.3643
0.6986, 0.3643
0.6986, 0.3643
0.6986, 0.3643
0.6986, 0.3643
0.6986, 0.3643
0.6986, 0.3643
0.6986, 0.3643
0.6986, 0.3643
0.6986, 0.3643
0.6986, 0.3643
0.6986, 0.3643
0.6986, 0.3643
0.6986, 0.3643
0.6986, 0.3643
0.6986, 0.3643
0.6986, 0.3643
0.6986, 0.3643
0.7027, 0.3669
0.7027, 0.3669
0.7027, 0.3669
0.7027, 0.3669
0.7027, 0.3669
0.7068, 0.3669
0.7068, 0.3669
0.7068, 0.3669
0.7068, 0.3669
0.7068, 0.3669
0.7068, 0.3669
0.7068, 0.3669
0.7068, 0.3669
0.7068, 0.3669
0.7068, 0.3669
0.7109, 0.3669
0.7109, 0.3669
0.7109, 0.3669
0.7109, 0.3669
0.7109, 0.3669
0.7109, 0.3669
0.7109, 0.3669
0.7109, 0.3669
0.7109, 0.3669
0.7109, 0.3669
0.7109, 0.3669
0.7109, 0.3669
0.7150, 0.3695
0.7150, 0.3695
0.7150, 0.3695
0.7150, 0.3695
0.7150, 0.3695
0.7150, 0.3695
0.7150, 0.3695
0.7150, 0.3695
0.7150, 0.3695
0.7191, 0.3695
0.7191, 0.3695
0.7191, 0.3695
0.7191, 0.3695
0.7191, 0.3695
0.7191, 0.3695
0.7191, 0.3695
0.7191, 0.3695
0.7191, 0.3695
0.7191, 0.3695
0.7191, 0.3695
0.7191, 0.3695
0.7231, 0.3721
0.7231, 0.3721
0.7231, 0.3721
0.7231, 0.3721
0.7231, 0.3721
0.7231, 0.3721
0.7272, 0.3721
0.7272, 0.3721
0.7272, 0.3721
0.7272, 0.3721
0.7272, 0.3721
0.7272, 0.3721
0.7313, 0.3721
0.7313, 0.3721
0.7313, 0.3721
0.7313, 0.3721
0.7313, 0.3721
0.7313, 0.3721
0.7313, 0.3721
0.7313, 0.3721
0.7313, 0.3721
0.7313, 0.3721
0.7313, 0.3721
0.7313, 0.3721
0.7313, 0.3721
0.7313, 0.3721
0.7313, 0.3721
0.7354, 0.3721
0.7354, 0.3721
0.7354, 0.3721
0.7354, 0.3721
0.7354, 0.3721
0.7395, 0.3721
0.7395, 0.3721
0.7395, 0.3721
0.7395, 0.3721
0.7395, 0.3721
0.7395, 0.3721
0.7395, 0.3721
0.7395, 0.3721
0.7395, 0.3721
0.7436, 0.3721
0.7436, 0.3721
0.7436, 0.3721
0.7436, 0.3721
0.7436, 0.3721
0.7436, 0.3721
0.7477, 0.3721
0.7477, 0.3721
0.7477, 0.3721
0.7477, 0.3721
0.7477, 0.3721
0.7518, 0.3721
0.7518, 0.3721
0.7518, 0.3721
0.7518, 0.3721
0.7518, 0.3721
0.7518, 0.3721
0.7518, 0.3721
0.7518, 0.3721
0.7518, 0.3721
0.7518, 0.3721
0.7518, 0.3721
0.7518, 0.3721
0.7559, 0.3747
0.7559, 0.3747
0.7559, 0.3747
0.7559, 0.3747
0.7559, 0.3747
0.7559, 0.3747
0.7599, 0.3747
0.7599, 0.3747
0.7599, 0.3747
0.7599, 0.3747
0.7599, 0.3747
0.7599, 0.3747
0.7599, 0.3747
0.7599, 0.3747
0.7599, 0.3747
0.7599, 0.3747
0.7599, 0.3747
0.7599, 0.3747
0.7599, 0.3747
0.7640, 0.3747
0.7640, 0.3747
0.7640, 0.3747
0.7640, 0.3747
0.7640, 0.3747
0.7640, 0.3747
0.7640, 0.3747
0.7640, 0.3747
0.7640, 0.3747
0.7681, 0.3747
0.7681, 0.3747
0.7681, 0.3747
0.7681, 0.3747
0.7681, 0.3747
0.7681, 0.3747
0.7723, 0.3747
0.7723, 0.3747
0.7723, 0.3747
0.7723, 0.3747
0.7723, 0.3747
0.7723, 0.3747
0.7723, 0.3747
0.7723, 0.3747
0.7723, 0.3747
0.7723, 0.3747
0.7723, 0.3747
0.7723, 0.3747
0.7764, 0.3747
0.7764, 0.3747
0.7764, 0.3747
0.7764, 0.3747
0.7764, 0.3747
0.7764, 0.3747
0.7805, 0.3747
0.7805, 0.3747
0.7805, 0.3747
0.7805, 0.3747
0.7805, 0.3747
0.7805, 0.3747
0.7805, 0.3773
0.7805, 0.3773
0.7805, 0.3773
0.7805, 0.3773
0.7805, 0.3773
0.7805, 0.3773
0.7846, 0.3773
0.7846, 0.3773
0.7846, 0.3773
0.7846, 0.3773
0.7846, 0.3773
0.7846, 0.3773
0.7887, 0.3773
0.7887, 0.3773
0.7887, 0.3773
0.7887, 0.3773
0.7887, 0.3773
0.7887, 0.3773
0.7928, 0.3773
0.7928, 0.3773
0.7928, 0.3773
0.7928, 0.3773
0.7928, 0.3773
0.7928, 0.3773
0.7928, 0.3773
0.7928, 0.3773
0.7968, 0.3773
0.7968, 0.3773
0.7968, 0.3773
0.8009, 0.3773
0.8009, 0.3773
0.8009, 0.3773
0.8009, 0.3773
0.8009, 0.3773
0.8009, 0.3773
0.8009, 0.3773
0.8009, 0.3773
0.8009, 0.3773
0.8050, 0.3773
0.8050, 0.3773
0.8050, 0.3773
0.8091, 0.3773
0.8091, 0.3773
0.8132, 0.3773
0.8132, 0.3773
0.8132, 0.3773
0.8132, 0.3773
0.8132, 0.3773
0.8132, 0.3773
0.8132, 0.3773
0.8132, 0.3773
0.8132, 0.3773
0.8132, 0.3773
0.8173, 0.3773
0.8173, 0.3773
0.8173, 0.3773
0.8173, 0.3773
0.8173, 0.3773
0.8173, 0.3773
0.8214, 0.3773
0.8214, 0.3773
0.8214, 0.3773
0.8214, 0.3773
0.8214, 0.3773
0.8214, 0.3773
0.8214, 0.3773
0.8214, 0.3773
0.8214, 0.3773
0.8255, 0.3773
0.8255, 0.3773
0.8296, 0.3773
0.8296, 0.3773
0.8296, 0.3773
0.8296, 0.3773
0.8296, 0.3773
0.8296, 0.3773
0.8336, 0.3773
0.8336, 0.3773
0.8336, 0.3773
0.8336, 0.3773
0.8336, 0.3773
0.8336, 0.3773
0.8377, 0.3773
0.8377, 0.3773
0.8377, 0.3773
0.8418, 0.3773
0.8418, 0.3773
0.8418, 0.3773
0.8418, 0.3773
0.8418, 0.3773
0.8418, 0.3773
0.8418, 0.3773
0.8418, 0.3773
0.8418, 0.3773
0.8418, 0.3773
0.8418, 0.3773
0.8418, 0.3773
0.8459, 0.3773
0.8459, 0.3773
0.8459, 0.3773
0.8459, 0.3773
0.8459, 0.3773
0.8459, 0.3773
0.8501, 0.3773
0.8501, 0.3773
0.8501, 0.3773
0.8501, 0.3773
0.8501, 0.3773
0.8501, 0.3773
0.8501, 0.3773
0.8501, 0.3773
0.8542, 0.3773
0.8542, 0.3773
0.8542, 0.3773
0.8542, 0.3773
0.8542, 0.3773
0.8542, 0.3773
0.8583, 0.3773
0.8583, 0.3773
0.8583, 0.3773
0.8583, 0.3773
0.8583, 0.3773
0.8583, 0.3773
0.8624, 0.3773
0.8624, 0.3773
0.8624, 0.3773
0.8624, 0.3773
0.8624, 0.3773
0.8624, 0.3773
0.8624, 0.3773
0.8624, 0.3773
0.8624, 0.3773
0.8664, 0.3773
0.8664, 0.3773
0.8664, 0.3773
0.8664, 0.3773
0.8664, 0.3773
0.8664, 0.3773
0.8705, 0.3773
0.8705, 0.3773
0.8705, 0.3773
0.8705, 0.3773
0.8705, 0.3773
0.8705, 0.3773
0.8705, 0.3747
0.8705, 0.3747
0.8746, 0.3747
0.8746, 0.3747
0.8746, 0.3747
0.8787, 0.3747
0.8787, 0.3747
0.8828, 0.3747
0.8828, 0.3747
0.8828, 0.3747
0.8828, 0.3747
0.8828, 0.3747
0.8828, 0.3747
0.8828, 0.3747
0.8828, 0.3747
0.8828, 0.3747
0.8869, 0.3747
0.8869, 0.3747
0.8869, 0.3747
0.8910, 0.3747
0.8910, 0.3747
0.8910, 0.3747
0.8910, 0.3747
0.8910, 0.3747
0.8910, 0.3747
0.8951, 0.3747
0.8951, 0.3747
0.8992, 0.3747
0.8992, 0.3747
0.8992, 0.3747
0.9033, 0.3721
0.9033, 0.3721
0.9033, 0.3721
0.9073, 0.3721
0.9073, 0.3721
0.9073, 0.3721
0.9073, 0.3721
0.9073, 0.3721
0.9114, 0.3721
0.9114, 0.3721
0.9114, 0.3721
0.9155, 0.3721
0.9155, 0.3721
0.9155, 0.3721
0.9155, 0.3695
0.9155, 0.3695
0.9155, 0.3695
0.9196, 0.3695
0.9196, 0.3695
0.9196, 0.3695
0.9196, 0.3695
0.9196, 0.3695
0.9237, 0.3695
0.9237, 0.3695
0.9237, 0.3695
0.9237, 0.3695
0.9237, 0.3695
0.9237, 0.3695
0.9237, 0.3695
0.9237, 0.3695
0.9237, 0.3695
0.9237, 0.3695
0.9237, 0.3695
0.9279, 0.3695
0.9279, 0.3695
0.9279, 0.3695
0.9279, 0.3695
0.9279, 0.3695
0.9279, 0.3695
0.9320, 0.3669
0.9320, 0.3669
0.9320, 0.3669
0.9320, 0.3669
0.9320, 0.3669
0.9361, 0.3669
0.9361, 0.3669
0.9361, 0.3669
0.9361, 0.3669
0.9361, 0.3669
0.9361, 0.3669
0.9401, 0.3669
0.9401, 0.3669
0.9401, 0.3669
0.9401, 0.3669
0.9401, 0.3669
0.9442, 0.3669
0.9442, 0.3669
0.9442, 0.3669
0.9442, 0.3669
0.9442, 0.3669
0.9442, 0.3669
0.9442, 0.3669
0.9442, 0.3669
0.9442, 0.3669
0.9442, 0.3669
0.9442, 0.3669
0.9442, 0.3669
0.9442, 0.3669
0.9442, 0.3669
0.9442, 0.3669
0.9442, 0.3669
0.9442, 0.3669
0.9442, 0.3669
0.9442, 0.3669
0.9442, 0.3669
0.9442, 0.3669
0.9442, 0.3669
0.9483, 0.3669
0.9483, 0.3669
0.9483, 0.3669
0.9483, 0.3669
0.9483, 0.3669
0.9483, 0.3669
0.9483, 0.3643
0.9483, 0.3643
0.9483, 0.3643
0.9483, 0.3643
0.9483, 0.3643
0.9483, 0.3643
0.9483, 0.3643
0.9483, 0.3643
0.9483, 0.3643
0.9524, 0.3643
0.9524, 0.3643
0.9524, 0.3643
0.9524, 0.3643
0.9524, 0.3643
0.9524, 0.3643
0.9524, 0.3643
0.9524, 0.3643
0.9524, 0.3643
0.9524, 0.3643
0.9565, 0.3618
0.9565, 0.3618
0.9565, 0.3618
0.9565, 0.3618
0.9565, 0.3618
0.9565, 0.3618
0.9565, 0.3618
0.9565, 0.3618
0.9565, 0.3618
0.9565, 0.3618
0.9565, 0.3618
0.9565, 0.3618
0.9565, 0.3618
0.9565, 0.3618
0.9565, 0.3618
0.9565, 0.3618
0.9565, 0.3618
0.9565, 0.3618
0.9565, 0.3618
0.9565, 0.3618
0.9565, 0.3618
0.9565, 0.3618
0.9565, 0.3618
0.9565, 0.3618
0.9565, 0.3618
0.9565, 0.3618
0.9565, 0.3618
0.9565, 0.3618
0.9565, 0.3618
0.9565, 0.3618
0.9565, 0.3618
0.9565, 0.3618
0.9565, 0.3618
0.9565, 0.3618
0.9565, 0.3618
0.9565, 0.3618
0.9606, 0.3618
0.9606, 0.3618
0.9606, 0.3618
0.9606, 0.3592
0.9606, 0.3592
0.9606, 0.3592
0.9606, 0.3592
0.9606, 0.3592
0.9606, 0.3566
0.9606, 0.3566
0.9606, 0.3566
0.9647, 0.3566
0.9647, 0.3566

0.5798, 0.3333
0.5798, 0.3333
0.5798, 0.3333
0.5798, 0.3333
0.5798, 0.3333
0.5798, 0.3333
0.5798, 0.3333
0.5798, 0.3333
0.5798, 0.3333
0.5798, 0.3333
0.5798, 0.3333
0.5798, 0.3333
0.5798, 0.3333
0.5798, 0.3333
0.5798, 0.3333
0.5798, 0.3333
0.5798, 0.3333
0.5798, 0.3333
0.5798, 0.3333
0.5798, 0.3333
0.5798, 0.3333
0.5798, 0.3333
0.5798, 0.3333
0.5798, 0.3333
0.5798, 0.3333
0.5798, 0.3333
0.5798, 0.3333
0.5798, 0.3333
0.5798, 0.3333
0.5798, 0.3333
0.5798, 0.3333
0.5798, 0.3333
0.5798, 0.3333
0.5798, 0.3333
0.5798, 0.3333
0.5798, 0.3333
0.5798, 0.3333
0.5798, 0.3333
0.5798, 0.3333
0.5798, 0.3333
0.5798, 0.3333
0.5798, 0.3333
0.5798, 0.3333
0.5798, 0.3333
0.5798, 0.3333
0.5798, 0.3333
0.5798, 0.3333
0.5798, 0.3333
0.5798, 0.3333
0.5798, 0.3333
0.5798, 0.3333
0.5798, 0.3333
0.5798, 0.3333
0.5798, 0.3333
0.5798, 0.3333
0.5798, 0.3333
0.5798, 0.3333
0.5798, 0.3333
0.5798, 0.3333
0.5798, 0.3333
0.5798, 0.3333
0.5798, 0.3333
0.5798, 0.3333
0.5798, 0.3333
0.5798, 0.3333
0.5798, 0.3333
0.5798, 0.3333
0.5798, 0.3333
0.5798, 0.3333
0.5798, 0.3333
0.5798, 0.3333
0.5798, 0.3333
0.5798, 0.3333
0.5798, 0.3333
0.5798, 0.3333
0.5798, 0.3333
0.5798, 0.3333
0.5798, 0.3333
0.5798, 0.3333
0.5798, 0.3333
0.5798, 0.3333
0.5798, 0.3333
0.5798, 0.3333
0.5798, 0.3333
0.5798, 0.3333
0.5798, 0.3333
0.5798, 0.3333
0.5798, 0.3333
0.5798, 0.3333
0.5798, 0.3333
0.5798, 0.3333
0.5798, 0.3333
0.5798, 0.3333
0.5798, 0.3333
0.5798, 0.3333
0.5798, 0.3333
0.5798, 0.3333
0.5798, 0.3333
0.5798, 0.3333
0.5798, 0.3333
0.5798, 0.3333
0.5798, 0.3333
0.5798, 0.3333
0.5798, 0.3333
0.5798, 0.3333
0.5798, 0.3333
0.5798, 0.3333
0.5798, 0.3333
0.5798, 0.3333
0.5798, 0.3333
0.5798, 0.3333
0.5798, 0.3333
0.5798, 0.3333
0.5798, 0.3333
0.5798, 0.3333
0.5798, 0.3333
0.5798, 0.3333
0.5798, 0.3333
0.5798, 0.3333
0.5798, 0.3333
0.5798, 0.3333
0.5798, 0.3333
0.5798, 0.3333
0.5798, 0.3333
0.5798, 0.3333
0.5798, 0.3333
0.5798, 0.3333
0.5798, 0.3333
0.5798, 0.3333
0.5798, 0.3333
0.5798, 0.3333
0.5798, 0.3333
0.5798, 0.3333
0.5798, 0.3333
0.5798, 0.3333
0.5798, 0.3333
0.5798, 0.3333
0.5757, 0.3307
0.5757, 0.3307
0.5757, 0.3307
0.5757, 0.3307
0.5757, 0.3307
0.5757, 0.3307
0.5757, 0.3307
0.5757, 0.3307
0.5757, 0.3307
0.5757, 0.3307
0.5757, 0.3307
0.5757, 0.3282
0.5757, 0.3282
0.5757, 0.3282
0.5757, 0.3282
0.5757, 0.3282
0.5757, 0.3282
0.5757, 0.3282
0.5757, 0.3282
0.5757, 0.3282
0.5757, 0.3282
0.5757, 0.3282
0.5757, 0.3282
0.5757, 0.3282
0.5757, 0.3282
0.5757, 0.3282
0.5757, 0.3282
0.5757, 0.3282
0.5757, 0.3282
0.5757, 0.3282
0.5757, 0.3282
0.5757, 0.3282
0.5757, 0.3282
0.5717, 0.3282
0.5717, 0.3282
0.5717, 0.3282
0.5717, 0.3282
0.5717, 0.3282
0.5717, 0.3282
0.5717, 0.3282
0.5717, 0.3256
0.5717, 0.3256
0.5717, 0.3256
0.5717, 0.3256
0.5717, 0.3256
0.5717, 0.3256
0.5717, 0.3256
0.5717, 0.3256
0.5717, 0.3256
0.5717, 0.3256
0.5717, 0.3256
0.5717, 0.3256
0.5717, 0.3256
0.5717, 0.3230
0.5717, 0.3230
0.5717, 0.3230
0.5717, 0.3230
0.5717, 0.3230
0.5717, 0.3230
0.5717, 0.3230
0.5717, 0.3230
0.5717, 0.3230
0.5717, 0.3230
0.5717, 0.3230
0.5717, 0.3230
0.5717, 0.3230
0.5717, 0.3230
0.5717, 0.3230
0.5717, 0.3230
0.5717, 0.3230
0.5717, 0.3230
0.5717, 0.3230
0.5717, 0.3230
0.5717, 0.3230
0.5717, 0.3230
0.5717, 0.3230
0.5717, 0.3230
0.5717, 0.3230
0.5717, 0.3230
0.5717, 0.3230
0.5717, 0.3230
0.5717, 0.3230
0.5717, 0.3230
0.5717, 0.3230
0.5717, 0.3230
0.5717, 0.3230
0.5717, 0.3230
0.5717, 0.3230
0.5717, 0.3230
0.5717, 0.3230
0.5717, 0.3230
0.5717, 0.3204
0.5717, 0.3204
0.5717, 0.3204
0.5717, 0.3204
0.5676, 0.3204
0.5676, 0.3204
0.5676, 0.3204
0.5676, 0.3204
0.5676, 0.3204
0.5676, 0.3204
0.5676, 0.3204
0.5676, 0.3204
0.5676, 0.3178
0.5676, 0.3178
0.5676, 0.3178
0.5676, 0.3178
0.5676, 0.3178
0.5676, 0.3178
0.5676, 0.3178
0.5676, 0.3178
0.5676, 0.3178
0.5676, 0.3178
0.5676, 0.3178
0.5676, 0.3178
0.5676, 0.3152
0.5676, 0.3152
0.5676, 0.3152
0.5676, 0.3152
0.5635, 0.3152
0.5635, 0.3152
0.5635, 0.3152
0.5635, 0.3152
0.5635, 0.3152
0.5635, 0.3152
0.5635, 0.3152
0.5635, 0.3152
0.5635, 0.3152
0.5635, 0.3152
0.5635, 0.3152
0.5635, 0.3152
0.5635, 0.3152
0.5635, 0.3152
0.5635, 0.3152
0.5635, 0.3152
0.5635, 0.3152
0.5635, 0.3152
0.5635, 0.3152
0.5635, 0.3152
0.5635, 0.3152
0.5635, 0.3152
0.5635, 0.3152
0.5635, 0.3152
0.5635, 0.3127
0.5635, 0.3127
0.5635, 0.3127
0.5635, 0.3127
0.5635, 0.3127
0.5635, 0.3127
0.5635, 0.3127
0.5635, 0.3127
0.5635, 0.3127
0.5635, 0.3101
0.5635, 0.3101
0.5635, 0.3101
0.5635, 0.3101
0.5635, 0.3101
0.5635, 0.3101
0.5635, 0.3101
0.5635, 0.3101
0.5635, 0.3101
0.5635, 0.3101
0.5635, 0.3101
0.5635, 0.3101
0.5635, 0.3101
0.5635, 0.3101
0.5635, 0.3101
0.5594, 0.3075
0.5594, 0.3075
0.5594, 0.3075
0.5594, 0.3075
0.5594, 0.3075
0.5594, 0.3075
0.5594, 0.3075
0.5594, 0.3075
0.5594, 0.3075
0.5594, 0.3075
0.5594, 0.3075
0.5594, 0.3075
0.5594, 0.3049
0.5594, 0.3049
0.5594, 0.3049
0.5594, 0.3049
0.5594, 0.3049
0.5594, 0.3049
0.5594, 0.3049
0.5594, 0.3049
0.5594, 0.3049
0.5594, 0.3049
0.5594, 0.3049
0.5594, 0.3049
0.5594, 0.3049
0.5594, 0.3023
0.5594, 0.3023
0.5594, 0.3023
0.5594, 0.3023
0.5594, 0.3023
0.5594, 0.3023
0.5594, 0.3023
0.5594, 0.3023
0.5594, 0.3023
0.5594, 0.3023
0.5594, 0.3023
0.5594, 0.3023
0.5594, 0.3023
0.5594, 0.3023
0.5594, 0.3023
0.5594, 0.3023
0.5594, 0.3023
0.5594, 0.3023
0.5594, 0.3023
0.5594, 0.2997
0.5594, 0.2997
0.5594, 0.2997
0.5553, 0.2997
0.5553, 0.2997
0.5553, 0.2997
0.5553, 0.2997
0.5553, 0.2997
0.5553, 0.2997
0.5553, 0.2997
0.5553, 0.2997
0.5553, 0.2997
0.5553, 0.2972
0.5553, 0.2972
0.5553, 0.2972
0.5553, 0.2972
0.5553, 0.2972
0.5553, 0.2972
0.5553, 0.2972
0.5553, 0.2972
0.5553, 0.2972
0.5553, 0.2972
0.5553, 0.2972
0.5553, 0.2972
0.5553, 0.2946
0.5553, 0.2946
0.5553, 0.2946
0.5553, 0.2946
0.5553, 0.2946
0.5553, 0.2946
0.5553, 0.2946
0.5553, 0.2946
0.5553, 0.2946
0.5553, 0.2920
0.5553, 0.2920
0.5553, 0.2920
0.5553, 0.2920
0.5553, 0.2920
0.5553, 0.2920
0.5553, 0.2920
0.5553, 0.2920
0.5553, 0.2920
0.5553, 0.2920
0.5553, 0.2894
0.5553, 0.2894
0.5553, 0.2894
0.5553, 0.2894
0.5553, 0.2894
0.5553, 0.2894
0.5512, 0.2894
0.5512, 0.2894
0.5512, 0.2894
0.5512, 0.2894
0.5512, 0.2894
0.5512, 0.2894
0.5512, 0.2894
0.5512, 0.2894
0.5512, 0.2894
0.5512, 0.2868
0.5512, 0.2868
0.5512, 0.2868
0.5512, 0.2868
0.5512, 0.2868
0.5512, 0.2868
0.5512, 0.2868
0.5512, 0.2868
0.5512, 0.2868
0.5512, 0.2868
0.5512, 0.2868
0.5512, 0.2868
0.5512, 0.2842
0.5512, 0.2842
0.5512, 0.2842
0.5512, 0.2842
0.5512, 0.2842
0.5512, 0.2842
0.5512, 0.2842
0.5512, 0.2842
0.5512, 0.2842
0.5512, 0.2842
0.5512, 0.2842
0.5512, 0.2842
0.5512, 0.2842
0.5512, 0.2842
0.5512, 0.2842
0.5512, 0.2842
0.5512, 0.2842
0.5512, 0.2842
0.5512, 0.2842
0.5512, 0.2842
0.5512, 0.2842
0.5512, 0.2817
0.5512, 0.2817
0.5512, 0.2817
0.5512, 0.2817
0.5512, 0.2817
0.5512, 0.2817
0.5512, 0.2791
0.5512, 0.2791
0.5512, 0.2791
0.5512, 0.2791
0.5512, 0.2791
0.5512, 0.2791
0.5512, 0.2791
0.5512, 0.2791
0.5512, 0.2791
0.5512, 0.2791
0.5512, 0.2765
0.5512, 0.2765
0.5512, 0.2765
0.5512, 0.2765
0.5512, 0.2765
0.5512, 0.2765
0.5512, 0.2765
0.5512, 0.2765
0.5512, 0.2765
0.5512, 0.2765
0.5512, 0.2765
0.5512, 0.2765
0.5512, 0.2765
0.5512, 0.2765
0.5512, 0.2765
0.5512, 0.2765
0.5512, 0.2765
0.5512, 0.2765
0.5512, 0.2739
0.5512, 0.2739
0.5512, 0.2739
0.5512, 0.2739
0.5512, 0.2739
0.5512, 0.2739
0.5512, 0.2739
0.5512, 0.2739
0.5512, 0.2739
0.5512, 0.2713
0.5512, 0.2713
0.5512, 0.2713
0.5512, 0.2713
0.5512, 0.2713
0.5512, 0.2713
0.5512, 0.2713
0.5512, 0.2713
0.5512, 0.2713
0.5512, 0.2713
0.5512, 0.2713
0.5512, 0.2713
0.5512, 0.2713
0.5512, 0.2713
0.5512, 0.2713
0.5512, 0.2713
0.5512, 0.2713
0.5512, 0.2687
0.5512, 0.2687
0.5471, 0.2687
0.5471, 0.2687
0.5471, 0.2687
0.5471, 0.2687
0.5471, 0.2687
0.5471, 0.2687
0.5471, 0.2661
0.5471, 0.2661
0.5471, 0.2661
0.5471, 0.2661
0.5471, 0.2661
0.5471, 0.2661
0.5471, 0.2661
0.5471, 0.2636
0.5471, 0.2636
0.5471, 0.2636
0.5471, 0.2636
0.5471, 0.2636
0.5471, 0.2636
0.5471, 0.2636
0.5471, 0.2636
0.5471, 0.2636
0.5471, 0.2636
0.5471, 0.2636
0.5471, 0.2636
0.5471, 0.2636
0.5471, 0.2636
0.5471, 0.2636
0.5471, 0.2636
0.5471, 0.2636
0.5471, 0.2636
0.5471, 0.2636
0.5471, 0.2636
0.5471, 0.2636
0.5471, 0.2636
0.5471, 0.2636
0.5471, 0.2636
0.5471, 0.2610
0.5471, 0.2610
0.5471, 0.2610
0.5471, 0.2610
0.5471, 0.2610
0.5471, 0.2610
0.5471, 0.2610
0.5471, 0.2610
0.5471, 0.2610
0.5471, 0.2584
0.5471, 0.2584
0.5471, 0.2584
0.5471, 0.2584
0.5471, 0.2584
0.5471, 0.2584
0.5471, 0.2584
0.5471, 0.2584
0.5471, 0.2584
0.5471, 0.2584
0.5471, 0.2584
0.5471, 0.2558
0.5471, 0.2558
0.5471, 0.2558
0.5471, 0.2558
0.5471, 0.2558
0.5471, 0.2558
0.5471, 0.2558
0.5471, 0.2532
0.5471, 0.2532
0.5471, 0.2532
0.5471, 0.2532
0.5471, 0.2532
0.5471, 0.2532
0.5471, 0.2532
0.5471, 0.2532
0.5471, 0.2506
0.5471, 0.2506
0.5471, 0.2506
0.5471, 0.2506
0.5471, 0.2506
0.5471, 0.2506
0.5471, 0.2506
0.5471, 0.2506
0.5471, 0.2506
0.5471, 0.2506
0.5471, 0.2506
0.5471, 0.2506
0.5471, 0.2506
0.5471, 0.2506
0.5471, 0.2506
0.5471, 0.2506
0.5471, 0.2506
0.5471, 0.2481
0.5471, 0.2481
0.5471, 0.2481
0.5471, 0.2481
0.5471, 0.2481
0.5471, 0.2481
0.5471, 0.2481
0.5471, 0.2481
0.5471, 0.2481
0.5471, 0.2455
0.5471, 0.2455
0.5471, 0.2455
0.5471, 0.2455
0.5471, 0.2455
0.5471, 0.2455
0.5471, 0.2455
0.5471, 0.2455
0.5471, 0.2455
0.5471, 0.2455
0.5471, 0.2455
0.5471, 0.2455
0.5471, 0.2455
0.5471, 0.2455
0.5471, 0.2455
0.5471, 0.2455
0.5471, 0.2455
0.5471, 0.2455
0.5471, 0.2429
0.5471, 0.2429
0.5471, 0.2429
0.5471, 0.2429
0.5471, 0.2429
0.5471, 0.2429
0.5471, 0.2403
0.5471, 0.2403
0.5471, 0.2403
0.5471, 0.2403
0.5471, 0.2403
0.5471, 0.2403
0.5471, 0.2403
0.5471, 0.2403
0.5471, 0.2403
0.5471, 0.2403
0.5471, 0.2403
0.5471, 0.2403
0.5471, 0.2403
0.5471, 0.2403
0.5471, 0.2403
0.5471, 0.2403
0.5471, 0.2403
0.5471, 0.2403
0.5471, 0.2403
0.5471, 0.2403
0.5471, 0.2403
0.5471, 0.2403
0.5471, 0.2403
0.5512, 0.2377
0.5512, 0.2377
0.5512, 0.2377
0.5512, 0.2377
0.5512, 0.2377
0.5512, 0.2377
0.5512, 0.2351
0.5512, 0.2351
0.5512, 0.2351
0.5512, 0.2351
0.5512, 0.2351
0.5512, 0.2351
0.5553, 0.2351
0.5553, 0.2351
0.5553, 0.2326
0.5553, 0.2326
0.5553, 0.2326
0.5553, 0.2326
0.5553, 0.2326
0.5553, 0.2326
0.5594, 0.2326
0.5594, 0.2326
0.5594, 0.2326
0.5594, 0.2326
0.5594, 0.2326
0.5594, 0.2326
0.5594, 0.2326
0.5594, 0.2326
0.5594, 0.2326
0.5594, 0.2326
0.5594, 0.2326
0.5594, 0.2326
0.5594, 0.2326
0.5594, 0.2326
0.5594, 0.2326
0.5594, 0.2326
0.5594, 0.2326
0.5594, 0.2300
0.5594, 0.2300
0.5594, 0.2300
0.5594, 0.2300
0.5594, 0.2300
0.5594, 0.2300
0.5594, 0.2300
0.5594, 0.2300
0.5594, 0.2300
0.5635, 0.2300
0.5635, 0.2300
0.5635, 0.2300
0.5635, 0.2300
0.5635, 0.2300
0.5635, 0.2274
0.5635, 0.2274
0.5635, 0.2274
0.5635, 0.2274
0.5635, 0.2274
0.5635, 0.2274
0.5676, 0.2274
0.5676, 0.2274
0.5676, 0.2274
0.5676, 0.2274
0.5676, 0.2274
0.5676, 0.2274
0.5676, 0.2274
0.5676, 0.2274
0.5676, 0.2274
0.5676, 0.2274
0.5676, 0.2274
0.5676, 0.2274
0.5676, 0.2274
0.5676, 0.2274
0.5676, 0.2274
0.5676, 0.2274
0.5676, 0.2274
0.5676, 0.2274
0.5676, 0.2274
0.5676, 0.2274
0.5676, 0.2274
0.5676, 0.2274
0.5676, 0.2274
0.5676, 0.2274
0.5717, 0.2274
0.5717, 0.2274
0.5717, 0.2274
0.5717, 0.2248
0.5717, 0.2248
0.5757, 0.2248
0.5757, 0.2248
0.5757, 0.2248
0.5757, 0.2248
0.5757, 0.2248
0.5757, 0.2248
0.5757, 0.2248
0.5757, 0.2248
0.5757, 0.2248
0.5798, 0.2222
0.5798, 0.2222
0.5798, 0.2222
0.5798, 0.2222
0.5798, 0.2222
0.5798, 0.2222
0.5798, 0.2222
0.5798, 0.2222
0.5798, 0.2222
0.5798, 0.2222
0.5798, 0.2222
0.5798, 0.2222
0.5798, 0.2222
0.5798, 0.2222
0.5798, 0.2222
0.5798, 0.2222
0.5798, 0.2222
0.5839, 0.2222
0.5839, 0.2222
0.5839, 0.2222
0.5839, 0.2196
0.5839, 0.2196
0.5839, 0.2196
0.5839, 0.2196
0.5839, 0.2196
0.5839, 0.2196
0.5839, 0.2196
0.5839, 0.2196
0.5880, 0.2196
0.5880, 0.2196
0.5880, 0.2196
0.5880, 0.2196
0.5880, 0.2196
0.5880, 0.2196
0.5880, 0.2196
0.5880, 0.2196
0.5880, 0.2196
0.5880, 0.2196
0.5880, 0.2196
0.5880, 0.2196
0.5880, 0.2196
0.5880, 0.2196
0.5880, 0.2196
0.5921, 0.2196
0.5921, 0.2196
0.5921, 0.2196
0.5921, 0.2196
0.5921, 0.2196
0.5921, 0.2196
0.5921, 0.2196
0.5921, 0.2196
0.5921, 0.2196
0.5962, 0.2196
0.5962, 0.2196
0.5962, 0.2196
0.5962, 0.2196
0.5962, 0.2196
0.5962, 0.2196
0.5962, 0.2196
0.5962, 0.2196
0.5962, 0.2196
0.5962, 0.2196
0.5962, 0.2196
0.5962, 0.2171
0.5962, 0.2171
0.5962, 0.2171
0.5962, 0.2171
0.5962, 0.2171
0.6003, 0.2171
0.6003, 0.2171
0.6003, 0.2171
0.6003, 0.2171
0.6003, 0.2171
0.6003, 0.2171
0.6044, 0.2171
0.6044, 0.2171
0.6044, 0.2171
0.6044, 0.2171
0.6044, 0.2171
0.6044, 0.2171
0.6044, 0.2171
0.6044, 0.2171
0.6044, 0.2171
0.6085, 0.2171
0.6085, 0.2171
0.6085, 0.2171
0.6085, 0.2171
0.6085, 0.2171
0.6085, 0.2145
0.6085, 0.2145
0.6085, 0.2145
0.6085, 0.2145
0.6085, 0.2145
0.6085, 0.2145
0.6085, 0.2145
0.6085, 0.2145
0.6085, 0.2145
0.6085, 0.2145
0.6085, 0.2145
0.6085, 0.2145
0.6125, 0.2145
0.6125, 0.2145
0.6125, 0.2145
0.6125, 0.2145
0.6125, 0.2145
0.6125, 0.2145
0.6125, 0.2145
0.6125, 0.2145
0.6125, 0.2145
0.6125, 0.2145
0.6125, 0.2145
0.6125, 0.2145
0.6125, 0.2145
0.6125, 0.2145
0.6167, 0.2145
0.6167, 0.2145
0.6167, 0.2145
0.6167, 0.2145
0.6167, 0.2145
0.6167, 0.2145
0.6167, 0.2145
0.6167, 0.2145
0.6167, 0.2145
0.6167, 0.2145
0.6167, 0.2145
0.6208, 0.2119
0.6208, 0.2119
0.6208, 0.2119
0.6208, 0.2119
0.6208, 0.2119
0.6208, 0.2119
0.6249, 0.2119
0.6249, 0.2119
0.6249, 0.2119
0.6249, 0.2119
0.6249, 0.2119
0.6290, 0.2093
0.6290, 0.2093
0.6290, 0.2093
0.6290, 0.2093
0.6290, 0.2093
0.6290, 0.2093
0.6290, 0.2093
0.6290, 0.2093
0.6290, 0.2093
0.6290, 0.2093
0.6290, 0.2093
0.6290, 0.2093
0.6290, 0.2093
0.6290, 0.2093
0.6290, 0.2093
0.6290, 0.2093
0.6290, 0.2093
0.6331, 0.2067
0.6331, 0.2067
0.6331, 0.2067
0.6331, 0.2067
0.6331, 0.2067
0.6331, 0.2067
0.6331, 0.2067
0.6331, 0.2067
0.6372, 0.2067
0.6372, 0.2067
0.6372, 0.2067
0.6372, 0.2067
0.6372, 0.2067
0.6372, 0.2067
0.6372, 0.2067
0.6372, 0.2067
0.6372, 0.2067
0.6372, 0.2041
0.6372, 0.2041
0.6372, 0.2041
0.6372, 0.2041
0.6372, 0.2041
0.6372, 0.2041
0.6372, 0.2041
0.6372, 0.2041
0.6372, 0.2041
0.6372, 0.2041
0.6372, 0.2041
0.6372, 0.2041
0.6372, 0.2041
0.6372, 0.2041
0.6372, 0.2041
0.6372, 0.2041
0.6372, 0.2041
0.6372, 0.2041
0.6372, 0.2041
0.6372, 0.2041
0.6372, 0.2041
0.6372, 0.2041
0.6372, 0.2041
0.6372, 0.2041
0.6372, 0.2041
0.6372, 0.2041
0.6372, 0.2041
0.6372, 0.2041
0.6372, 0.2041
0.6372, 0.2041
0.6372, 0.2041
0.6372, 0.2016
0.6372, 0.2016
0.6372, 0.2016
0.6372, 0.2016
0.6372, 0.2016
0.6372, 0.2016
0.6372, 0.2016
0.6372, 0.2016
0.6372, 0.2016
0.6372, 0.2016
0.6372, 0.2016
0.6372, 0.2016
0.6372, 0.2016
0.6372, 0.2016
0.6372, 0.2016
0.6372, 0.2016
0.6372, 0.2016
0.6372, 0.2016
0.6372, 0.1990
0.6372, 0.1990
0.6372, 0.1990
0.6372, 0.1990
0.6372, 0.1990
0.6372, 0.1990
0.6372, 0.1990
0.6372, 0.1990
0.6372, 0.1990
0.6372, 0.1990
0.6372, 0.1990
0.6372, 0.1990
0.6372, 0.1990
0.6372, 0.1990
0.6372, 0.1990
0.6372, 0.1964
0.6372, 0.1964
0.6372, 0.1964
0.6372, 0.1964
0.6372, 0.1964
0.6372, 0.1964
0.6372, 0.1964
0.6372, 0.1964
0.6372, 0.1964
0.6372, 0.1964
0.6372, 0.1964
0.6372, 0.1938
0.6372, 0.1938
0.6372, 0.1938
0.6372, 0.1938
0.6372, 0.1938
0.6372, 0.1938
0.6372, 0.1938
0.6372, 0.1938
0.6372, 0.1938
0.6372, 0.1938
0.6372, 0.1938
0.6372, 0.1938
0.6372, 0.1938
0.6372, 0.1938
0.6372, 0.1938
0.6372, 0.1938
0.6372, 0.1912
0.6372, 0.1912
0.6372, 0.1912
0.6372, 0.1912
0.6372, 0.1912
0.6372, 0.1912
0.6372, 0.1912
0.6372, 0.1912
0.6372, 0.1912
0.6372, 0.1912
0.6372, 0.1912
0.6372, 0.1886
0.6372, 0.1886
0.6372, 0.1886
0.6372, 0.1886
0.6372, 0.1886
0.6372, 0.1886
0.6372, 0.1886
0.6372, 0.1886
0.6372, 0.1886
0.6372, 0.1886
0.6372, 0.1886
0.6372, 0.1886
0.6372, 0.1886
0.6372, 0.1886
0.6372, 0.1886
0.6372, 0.1886
0.6372, 0.1886
0.6372, 0.1886
0.6372, 0.1886
0.6372, 0.1886
0.6372, 0.1886
0.6372, 0.1886
0.6372, 0.1886
0.6372, 0.1886
0.6372, 0.1886
0.6372, 0.1860
0.6372, 0.1860
0.6372, 0.1860
0.6372, 0.1860
0.6372, 0.1860
0.6372, 0.1860
0.6372, 0.1860
0.6372, 0.1860
0.6372, 0.1860
0.6372, 0.1860
0.6372, 0.1860
0.6372, 0.1860
0.6372, 0.1860
0.6372, 0.1860
0.6372, 0.1835
0.6372, 0.1835
0.6372, 0.1835
0.6372, 0.1835
0.6372, 0.1835
0.6372, 0.1835
0.6372, 0.1835
0.6372, 0.1835
0.6372, 0.1809
0.6372, 0.1809
0.6372, 0.1809
0.6372, 0.1809
0.6372, 0.1809
0.6331, 0.1809
0.6331, 0.1809
0.6331, 0.1809
0.6331, 0.1809
0.6331, 0.1809
0.6331, 0.1809
0.6331, 0.1809
0.6331, 0.1809
0.6331, 0.1809
0.6331, 0.1809
0.6331, 0.1809
0.6331, 0.1809
0.6331, 0.1809
0.6331, 0.1809
0.6331, 0.1809
0.6331, 0.1809
0.6331, 0.1809
0.6331, 0.1809
0.6331, 0.1809
0.6331, 0.1809
0.6331, 0.1783
0.6331, 0.1783
0.6290, 0.1783
0.6290, 0.1783
0.6290, 0.1783
0.6290, 0.1783
0.6290, 0.1783
0.6290, 0.1783
0.6290, 0.1783
0.6290, 0.1783
0.6290, 0.1783
0.6290, 0.1783
0.6290, 0.1783
0.6249, 0.1757
0.6249, 0.1757
0.6249, 0.1757
0.6249, 0.1757
0.6249, 0.1757
0.6249, 0.1757
0.6249, 0.1757
0.6249, 0.1757
0.6208, 0.1757
0.6208, 0.1757
0.6208, 0.1757
0.6208, 0.1757
0.6208, 0.1757
0.6208, 0.1757
0.6208, 0.1757
0.6208, 0.1757
0.6208, 0.1757
0.6208, 0.1757
0.6208, 0.1757
0.6208, 0.1757
0.6208, 0.1757
0.6208, 0.1757
0.6208, 0.1757
0.6208, 0.1757
0.6208, 0.1757
0.6167, 0.1757
0.6167, 0.1757
0.6167, 0.1731
0.6167, 0.1731
0.6167, 0.1731
0.6125, 0.1731
0.6125, 0.1731
0.6125, 0.1731
0.6125, 0.1731
0.6125, 0.1731
0.6125, 0.1731
0.6125, 0.1731
0.6125, 0.1731
0.6125, 0.1731
0.6125, 0.1731
0.6085, 0.1705
0.6085, 0.1705
0.6085, 0.1705
0.6044, 0.1705
0.6044, 0.1705
0.6044, 0.1705
0.6003, 0.1680
0.6003, 0.1680
0.6003, 0.1680
0.6003, 0.1680
0.6003, 0.1680
0.6003, 0.1680
0.6003, 0.1680
0.6003, 0.1680
0.6003, 0.1680
0.6003, 0.1680
0.6003, 0.1680
0.5962, 0.1680
0.5962, 0.1680
0.5962, 0.1680
0.5962, 0.1680
0.5962, 0.1680
0.5962, 0.1680
0.5962, 0.1680
0.5962, 0.1680
0.5921, 0.1680
0.5921, 0.1680
0.5921, 0.1680
0.5921, 0.1680
0.5921, 0.1680
0.5921, 0.1680
0.5921, 0.1654
0.5921, 0.1654
0.5921, 0.1654
0.5921, 0.1654
0.5921, 0.1654
0.5921, 0.1654
0.5921, 0.1654
0.5921, 0.1654
0.5921, 0.1654
0.5921, 0.1654
0.5921, 0.1654
0.5921, 0.1654
0.5921, 0.1654
0.5880, 0.1654
0.5880, 0.1654
0.5880, 0.1628
0.5880, 0.1628
0.5839, 0.1628
0.5839, 0.1628
0.5839, 0.1628
0.5839, 0.1628
0.5839, 0.1628
0.5839, 0.1628
0.5839, 0.1628
0.5839, 0.1628
0.5839, 0.1628
0.5839, 0.1628
0.5839, 0.1628
0.5798, 0.1628
0.5798, 0.1628
0.5798, 0.1602
0.5798, 0.1602
0.5798, 0.1602
0.5798, 0.1602
0.5798, 0.1602
0.5757, 0.1602
0.5757, 0.1602
0.5757, 0.1602
0.5757, 0.1602
0.5757, 0.1602
0.5757, 0.1576
0.5757, 0.1576
0.5757, 0.1576
0.5757, 0.1576
0.5757, 0.1576
0.5717, 0.1576
0.5717, 0.1576
0.5717, 0.1576
0.5717, 0.1576
0.5717, 0.1576
0.5717, 0.1576
0.5717, 0.1576
0.5717, 0.1576
0.5717, 0.1576
0.5717, 0.1576
0.5717, 0.1576
0.5717, 0.1576
0.5717, 0.1576
0.5717, 0.1576
0.5676, 0.1576
0.5676, 0.1576
0.5676, 0.1550
0.5676, 0.1550
0.5676, 0.1550
0.5635, 0.1550
0.5635, 0.1550
0.5635, 0.1550
0.5635, 0.1550
0.5635, 0.1525
0.5635, 0.1525
0.5635, 0.1525
0.5635, 0.1525
0.5635, 0.1525
0.5594, 0.1525
0.5594, 0.1525
0.5594, 0.1525
0.5594, 0.1525
0.5594, 0.1525
0.5594, 0.1525
0.5594, 0.1499
0.5594, 0.1499
0.5594, 0.1499
0.5594, 0.1499
0.5594, 0.1499
0.5594, 0.1499
0.5594, 0.1499
0.5594, 0.1499
0.5553, 0.1499
0.5553, 0.1499
0.5553, 0.1499
0.5553, 0.1499
0.5553, 0.1499
0.5553, 0.1499
0.5553, 0.1499
0.5553, 0.1499
0.5553, 0.1499
0.5553, 0.1499
0.5553, 0.1499
0.5553, 0.1499
0.5512, 0.1499
0.5512, 0.1499
0.5512, 0.1499
0.5512, 0.1499
0.5512, 0.1499
0.5512, 0.1473
0.5512, 0.1473
0.5512, 0.1473
0.5512, 0.1473
0.5512, 0.1473
0.5512, 0.1473
0.5512, 0.1473
0.5512, 0.1473
0.5512, 0.1473
0.5512, 0.1473
0.5512, 0.1447
0.5512, 0.1447
0.5512, 0.1447
0.5512, 0.1447
0.5512, 0.1447
0.5512, 0.1447
0.5512, 0.1447
0.5512, 0.1447
0.5512, 0.1447
0.5512, 0.1447
0.5512, 0.1447
0.5512, 0.1447
0.5512, 0.1447
0.5512, 0.1447
0.5512, 0.1447
0.5512, 0.1447
0.5512, 0.1447
0.5512, 0.1447
0.5512, 0.1447
0.5471, 0.1447
0.5471, 0.1447
0.5471, 0.1421
0.5471, 0.1421
0.5471, 0.1421
0.5471, 0.1421
0.5471, 0.1421
0.5471, 0.1421
0.5471, 0.1421
0.5471, 0.1421
0.5471, 0.1421
0.5471, 0.1421
0.5471, 0.1421
0.5471, 0.1395
0.5471, 0.1395
0.5471, 0.1395
0.5471, 0.1395
0.5471, 0.1395
0.5471, 0.1395
0.5471, 0.1395
0.5471, 0.1370
0.5471, 0.1370
0.5471, 0.1370
0.5471, 0.1370
0.5471, 0.1370
0.5471, 0.1370
0.5471, 0.1370
0.5471, 0.1370
0.5471, 0.1370
0.5471, 0.1370
0.5471, 0.1370
0.5471, 0.1370
0.5471, 0.1370
0.5471, 0.1344
0.5471, 0.1344
0.5471, 0.1344
0.5471, 0.1344
0.5471, 0.1344
0.5471, 0.1344
0.5471, 0.1344
0.5471, 0.1344
0.5471, 0.1318
0.5471, 0.1318
0.5471, 0.1318
0.5471, 0.1318
0.5471, 0.1318
0.5471, 0.1318
0.5471, 0.1318
0.5471, 0.1318
0.5471, 0.1318
0.5471, 0.1318
0.5471, 0.1318
0.5471, 0.1318
0.5471, 0.1318
0.5471, 0.1292
0.5471, 0.1292
0.5471, 0.1292
0.5471, 0.1266
0.5471, 0.1266
0.5471, 0.1266
0.5471, 0.1266
0.5471, 0.1240
0.5471, 0.1240
0.5471, 0.1240
0.5512, 0.1240
0.5512, 0.1240
0.5512, 0.1240
0.5512, 0.1240
0.5512, 0.1240
0.5512, 0.1240
0.5512, 0.1240
0.5512, 0.1240
0.5512, 0.1240
0.5512, 0.1240
0.5553, 0.1240
0.5553, 0.1240
0.5553, 0.1240
0.5553, 0.1214
0.5553, 0.1214
0.5553, 0.1214
0.5553, 0.1214
0.5553, 0.1214
0.5553, 0.1214
0.5553, 0.1214
0.5594, 0.1189
0.5594, 0.1189
0.5594, 0.1189
0.5594, 0.1189
0.5594, 0.1189
0.5594, 0.1189
0.5594, 0.1189
0.5594, 0.1189
0.5594, 0.1189
0.5594, 0.1189
0.5594, 0.1189
0.5594, 0.1189
0.5594, 0.1189
0.5635, 0.1163
0.5635, 0.1163
0.5635, 0.1163
0.5635, 0.1163
0.5635, 0.1163
0.5635, 0.1163
0.5635, 0.1163
0.5635, 0.1163
0.5676, 0.1137
0.5676, 0.1137
0.5676, 0.1137
0.5676, 0.1137
0.5676, 0.1137
0.5676, 0.1137
0.5676, 0.1137
0.5676, 0.1137
0.5676, 0.1137
0.5676, 0.1137
0.5676, 0.1111
0.5676, 0.1111
0.5717, 0.1111
0.5717, 0.1111
0.5717, 0.1111
0.5717, 0.1111
0.5717, 0.1111
0.5757, 0.1111
0.5757, 0.1111
0.5757, 0.1111
0.5757, 0.1111
0.5798, 0.1111
0.5798, 0.1111
0.5798, 0.1111
0.5798, 0.1111
0.5798, 0.1111
0.5798, 0.1085
0.5798, 0.1085
0.5798, 0.1085
0.5798, 0.1085
0.5798, 0.1085
0.5798, 0.1085
0.5798, 0.1085
0.5798, 0.1085
0.5839, 0.1085
0.5839, 0.1085
0.5880, 0.1085
0.5880, 0.1085
0.5880, 0.1085
0.5880, 0.1059
0.5880, 0.1059
0.5880, 0.1059
0.5880, 0.1059
0.5880, 0.1059
0.5880, 0.1059
0.5880, 0.1059
0.5921, 0.1059
0.5921, 0.1059
0.5921, 0.1059
0.5962, 0.1059
0.5962, 0.1059
0.5962, 0.1059
0.5962, 0.1059
0.5962, 0.1059
0.5962, 0.1059
0.5962, 0.1059
0.5962, 0.1059
0.5962, 0.1059
0.5962, 0.1059
0.6003, 0.1059
0.6003, 0.1059
0.6003, 0.1059
0.6003, 0.1059
0.6003, 0.1059
0.6044, 0.1034
0.6044, 0.1034
0.6044, 0.1034
0.6044, 0.1034
0.6044, 0.1034
0.6085, 0.1034
0.6085, 0.1034
0.6085, 0.1034
0.6085, 0.1034
0.6085, 0.1034
0.6085, 0.1034
0.6085, 0.1034
0.6085, 0.1034
0.6085, 0.1034
0.6085, 0.1034
0.6125, 0.1008
0.6125, 0.1008
0.6125, 0.1008
0.6125, 0.1008
0.6125, 0.1008
0.6167, 0.1008
0.6167, 0.1008
0.6167, 0.1008
0.6167, 0.1008
0.6167, 0.1008
0.6167, 0.0982
0.6167, 0.0982
0.6208, 0.0982
0.6208, 0.0982
0.6249, 0.0982
0.6249, 0.0982
0.6290, 0.0982
0.6290, 0.0982
0.6290, 0.0982
0.6290, 0.0982
0.6290, 0.0982
0.6290, 0.0982
0.6290, 0.0982
0.6290, 0.0982
0.6290, 0.0982
0.6290, 0.0982
0.6290, 0.0982
0.6290, 0.0982
0.6290, 0.0982
0.6290, 0.0982
0.6290, 0.0982
0.6290, 0.0982
0.6290, 0.0982
0.6331, 0.0982
0.6331, 0.0982
0.6331, 0.0982
0.6331, 0.0982
0.6331, 0.0982
0.6372, 0.0982
0.6372, 0.0982
0.6372, 0.0982
0.6372, 0.0956
0.6372, 0.0956
0.6372, 0.0956
0.6372, 0.0956
0.6372, 0.0956
0.6372, 0.0956
0.6372, 0.0956
0.6372, 0.0956
0.6372, 0.0956
0.6372, 0.0956
0.6372, 0.0956
0.6372, 0.0956
0.6413, 0.0956
0.6413, 0.0956
0.6413, 0.0956
0.6413, 0.0956
0.6413, 0.0956
0.6413, 0.0956
0.6413, 0.0956
0.6413, 0.0956
0.6413, 0.0930
0.6413, 0.0930
0.6413, 0.0930
0.6413, 0.0930
0.6413, 0.0930
0.6413, 0.0930
0.6454, 0.0930
0.6454, 0.0930
0.6454, 0.0930
0.6454, 0.0930
0.6454, 0.0930
0.6454, 0.0930
0.6454, 0.0930
0.6454, 0.0930
0.6454, 0.0930
0.6454, 0.0930
0.6454, 0.0930
0.6454, 0.0930
0.6454, 0.0930
0.6454, 0.0930
0.6454, 0.0930
0.6454, 0.0930
0.6454, 0.0930
0.6454, 0.0930
0.6454, 0.0930
0.6454, 0.0930
0.6454, 0.0930
0.6454, 0.0904
0.6454, 0.0904
0.6454, 0.0904
0.6454, 0.0904
0.6454, 0.0879
0.6454, 0.0879
0.6454, 0.0879
0.6454, 0.0879
0.6454, 0.0853
0.6454, 0.0853
0.6454, 0.0853
0.6454, 0.0853
0.6454, 0.0853
0.6454, 0.0853
0.6454, 0.0853
0.6454, 0.0853
0.6454, 0.0827
0.6454, 0.0827
0.6454, 0.0827
0.6454, 0.0827
0.6454, 0.0801
0.6454, 0.0801
0.6454, 0.0801
0.6454, 0.0801
0.6454, 0.0801
0.6454, 0.0801
0.6454, 0.0801
0.6454, 0.0801
0.6413, 0.0775
0.6413, 0.0775
0.6413, 0.0775
0.6413, 0.0775
0.6413, 0.0775
0.6413, 0.0749
0.6413, 0.0749
0.6413, 0.0749
0.6413, 0.0749
0.6413, 0.0749
0.6413, 0.0749
0.6413, 0.0749
0.6372, 0.0724
0.6372, 0.0724
0.6372, 0.0724
0.6372, 0.0724
0.6331, 0.0698
0.6331, 0.0698
0.6331, 0.0672
0.6331, 0.0672
0.6331, 0.0672
0.6331, 0.0672
0.6331, 0.0672
0.6331, 0.0672
0.6331, 0.0672
0.6331, 0.0672
0.6290, 0.0672
0.6290, 0.0672
0.6290, 0.0646
0.6290, 0.0646
0.6249, 0.0646
0.6249, 0.0646
0.6249, 0.0646
0.6249, 0.0620
0.6249, 0.0620
0.6249, 0.0620
0.6249, 0.0620
0.6249, 0.0620
0.6208, 0.0620
0.6208, 0.0620
0.6208, 0.0620
0.6208, 0.0620
0.6208, 0.0594
0.6208, 0.0594
0.6208, 0.0594
0.6167, 0.0594
0.6167, 0.0594
0.6167, 0.0568
0.6167, 0.0568
0.6125, 0.0568
0.6125, 0.0568
0.6125, 0.0568
0.6125, 0.0543
0.6125, 0.0543
0.6125, 0.0543
0.6125, 0.0543
0.6125, 0.0543
0.6125, 0.0543
0.6125, 0.0543
0.6085, 0.0543
0.6085, 0.0543
0.6044, 0.0543
0.6044, 0.0543
0.6044, 0.0543
0.6044, 0.0517
0.6044, 0.0517
0.6003, 0.0517
0.6003, 0.0517
0.6003, 0.0491
0.6003, 0.0491
0.6003, 0.0491
0.6003, 0.0491
0.6003, 0.0491
0.5962, 0.0491
0.5962, 0.0491
0.5962, 0.0491
0.5962, 0.0491
0.5962, 0.0491
0.5921, 0.0465
0.5921, 0.0465
0.5921, 0.0465
0.5921, 0.0465
0.5921, 0.0465
0.5921, 0.0439
0.5921, 0.0439
0.5921, 0.0439
0.5921, 0.0439
0.5921, 0.0439
0.5880, 0.0413
0.5880, 0.0413
0.5880, 0.0413
0.5880, 0.0413
0.5880, 0.0413
0.5839, 0.0413
0.5839, 0.0413
0.5839, 0.0413
0.5839, 0.0413
0.5839, 0.0388
0.5839, 0.0388
0.5839, 0.0388
0.5839, 0.0388
0.5839, 0.0388
0.5839, 0.0362
0.5839, 0.0362
0.5798, 0.0362
0.5798, 0.0362
0.5798, 0.0362
0.5798, 0.0362
0.5798, 0.0362
0.5757, 0.0336
0.5757, 0.0336
0.5757, 0.0336
0.5757, 0.0336
0.5757, 0.0336
0.5757, 0.0336
0.5757, 0.0336
0.5757, 0.0336
0.5757, 0.0336
0.5717, 0.0284
0.5717, 0.0284
0.5717, 0.0284
0.5717, 0.0284
0.5717, 0.0284
0.5676, 0.0284
0.5676, 0.0284
0.5676, 0.0284
0.5676, 0.0284
0.5676, 0.0284
0.5676, 0.0258
0.5676, 0.0258
0.5635, 0.0258
0.5635, 0.0258
0.5635, 0.0258
0.5635, 0.0258
0.5635, 0.0233
0.5635, 0.0233
0.5635, 0.0233
0.5635, 0.0233
0.5635, 0.0233
0.5594, 0.0233
0.5594, 0.0233
0.5594, 0.0233
0.5594, 0.0233
0.5594, 0.0233
0.5594, 0.0233
0.5594, 0.0233
0.5553, 0.0207
0.5553, 0.0207
0.5512, 0.0207
0.5512, 0.0207
0.5512, 0.0207
0.5512, 0.0181
0.5512, 0.0181
0.5512, 0.0181
0.5512, 0.0181
0.5471, 0.0155
0.5471, 0.0155
0.5471, 0.0155
0.5471, 0.0155
0.5471, 0.0155
0.5430, 0.0155
0.5430, 0.0155
0.5430, 0.0155
0.5430, 0.0155
0.5430, 0.0155
0.5430, 0.0129
0.5430, 0.0129
0.5389, 0.0103
0.5389, 0.0103
0.5389, 0.0103
0.5389, 0.0103
0.5389, 0.0103
0.5348, 0.0103
0.5348, 0.0103
0.5348, 0.0103
0.5348, 0.0103
0.5307, 0.0078
0.5307, 0.0078
0.5307, 0.0078
0.5307, 0.0052
0.5307, 0.0052
0.5307, 0.0052
0.5307, 0.0052
0.5266, 0.0026
0.5266, 0.0026
0.5266, 0.0026
0.5266, 0.0026
0.5266, 0.0026
0.5266, 0.0026
0.5266, 0.0026
0.5266, 0.0026
0.5266, 0.0026
0.5266, 0.0026
0.5266, 0.0026
0.5266, 0.0026
0.5225, 0.0026
0.5225, 0.0026
0.5225, 0.0026
0.5225, 0.0026
0.5225, 0.0026
0.5225, 0.0026
0.5225, 0.0026
0.5225, 0.0026
0.5225, 0.0026
0.5225, 0.0026
0.5225, 0.0026
0.5225, 0.0026
0.5225, 0.0026
0.5225, 0.0026
0.5225, 0.0026
0.5225, 0.0026
0.5225, 0.0026
0.5225, 0.0000
0.5225, 0.0000
0.5225, 0.0000
0.5225, 0.0000
0.5225, 0.0000
0.5225, 0.0000
0.5225, 0.0000
0.5225, 0.0000
0.5225, 0.0000
0.5225, 0.0000
0.5225, 0.0000
0.5225, 0.0000
0.5225, 0.0000
0.5225, 0.0000
0.5225, 0.0000
0.5225, 0.0000
0.5225, 0.0000
0.5225, 0.0000
0.5225, 0.0000
0.5225, 0.0000
0.5225, 0.0000
0.5225, 0.0000
0.5225, 0.0000
0.5225, 0.0000
0.5225, 0.0000
0.5225, 0.0000
0.5225, 0.0000
0.5225, 0.0000
0.5225, 0.0000
0.5225, 0.0026
0.5225, 0.0026
0.5225, 0.0052
