0.0000, 0.8140
0.0000, 0.8079
0.0000, 0.8018
0.0000, 0.7896
0.0122, 0.7835
0.0183, 0.7714
0.0183, 0.7653
0.0244, 0.7530
0.0305, 0.7470
0.0366, 0.7409
0.0427, 0.7348
0.0488, 0.7226
0.0610, 0.7226
0.0671, 0.7165
0.0732, 0.7104
0.0853, 0.7104
0.0914, 0.7043
0.1037, 0.6982
0.1219, 0.6982
0.1280, 0.6921
0.1402, 0.6921
0.1524, 0.6921
0.1646, 0.6921
0.1768, 0.6921
0.1829, 0.6921
0.1890, 0.6921
0.1951, 0.6921
0.2012, 0.6921
0.2195, 0.6921
0.2256, 0.6921
0.2317, 0.6921
0.2439, 0.6921
0.2622, 0.6921
0.2683, 0.6921
0.2805, 0.6921
0.2927, 0.6921
0.3049, 0.6921
0.3293, 0.6982
0.3354, 0.6982
0.3476, 0.6982
0.3537, 0.7043
0.3719, 0.7104
0.3842, 0.7104
0.3963, 0.7104
0.4146, 0.7165
0.4329, 0.7287
0.4451, 0.7348
0.4634, 0.7409
0.4756, 0.7409
0.4939, 0.7470
0.5061, 0.7530
0.5244, 0.7591
0.5366, 0.7591
0.5488, 0.7653
0.5671, 0.7653
0.5854, 0.7775
0.6158, 0.7775
0.6341, 0.7835
0.6524, 0.7896
0.6829, 0.7896
0.6951, 0.7896
0.7195, 0.7957
0.7378, 0.7957
0.7561, 0.7957
0.7805, 0.8018
0.7988, 0.8079
0.8171, 0.8079
0.8354, 0.8079
0.8476, 0.8079
0.8536, 0.8079
0.8659, 0.8079
0.8781, 0.8079
0.8841, 0.8079
0.8902, 0.8079
0.8963, 0.8079
0.9085, 0.8079
0.9268, 0.7957
0.9329, 0.7835
0.9451, 0.7714
0.9512, 0.7653
0.9573, 0.7530
0.9695, 0.7470
0.9756, 0.7470
0.9817, 0.7409
0.9817, 0.7348
0.9878, 0.7348
0.9939, 0.7348
1.0000, 0.7226
1.0000, 0.7165

0.4268, 0.7409
0.4207, 0.7409
0.4146, 0.7348
0.4085, 0.7226
0.4024, 0.7165
0.3963, 0.7104
0.3842, 0.6982
0.3658, 0.6921
0.3597, 0.6738
0.3476, 0.6616
0.3354, 0.6555
0.3232, 0.6494
0.3232, 0.6433
0.3171, 0.6433
0.3171, 0.6372
0.3171, 0.6250
0.3171, 0.6189
0.3171, 0.6128
0.3171, 0.6067
0.3415, 0.6006
0.3597, 0.5945
0.3963, 0.5823
0.4268, 0.5701
0.4573, 0.5640
0.4878, 0.5579
0.5000, 0.5518
0.5061, 0.5518
0.5061, 0.5396
0.4939, 0.5152
0.4817, 0.5031
0.4695, 0.4909
0.4573, 0.4848
0.4512, 0.4726
0.4512, 0.4665
0.4512, 0.4604
0.4451, 0.4604
0.4451, 0.4543
0.4451, 0.4482
0.4390, 0.4482
0.4390, 0.4421
0.4390, 0.4360
0.4390, 0.4238
0.4390, 0.4177
0.4390, 0.4116
0.4390, 0.4055
0.4390, 0.3933
0.4390, 0.3811
0.4451, 0.3689
0.4512, 0.3567
0.4634, 0.3445
0.4756, 0.3323
0.4756, 0.3201
0.4817, 0.3140
0.4817, 0.3079
0.4878, 0.3018
0.4878, 0.2957
0.4878, 0.2835
0.4878, 0.2713
0.4878, 0.2652
0.4878, 0.2591
0.4878, 0.2531
0.4695, 0.2470
0.4695, 0.2409
0.4573, 0.2347
0.4512, 0.2226
0.4451, 0.2165
0.4390, 0.2104
0.4390, 0.2043
0.4329, 0.2043
0.4329, 0.1982
0.4329, 0.1921
0.4329, 0.1860
