0.1446, 0.3273
0.1446, 0.3273
0.1446, 0.3273
0.1446, 0.3273
0.1446, 0.3273
0.1446, 0.3273
0.1446, 0.3273
0.1446, 0.3273
0.1446, 0.3273
0.1446, 0.3273
0.1446, 0.3273
0.1446, 0.3273
0.1446, 0.3273
0.1446, 0.3273
0.1446, 0.3273
0.1446, 0.3273
0.1446, 0.3273
0.1446, 0.3273
0.1446, 0.3273
0.1446, 0.3273
0.1446, 0.3273
0.1446, 0.3273
0.1446, 0.3273
0.1446, 0.3273
0.1446, 0.3273
0.1446, 0.3273
0.1446, 0.3273
0.1446, 0.3273
0.1446, 0.3273
0.1446, 0.3273
0.1446, 0.3273
0.1446, 0.3273
0.1446, 0.3273
0.1446, 0.3273
0.1446, 0.3273
0.1446, 0.3273
0.1446, 0.3273
0.1446, 0.3273
0.1446, 0.3273
0.1446, 0.3273
0.1446, 0.3273
0.1446, 0.3273
0.1446, 0.3273
0.1446, 0.3273
0.1446, 0.3273
0.1446, 0.3273
0.1446, 0.3273
0.1446, 0.3273
0.1446, 0.3273
0.1446, 0.3273
0.1446, 0.3273
0.1446, 0.3273
0.1446, 0.3273
0.1446, 0.3273
0.1446, 0.3273
0.1446, 0.3273
0.1446, 0.3273
0.1446, 0.3273
0.1446, 0.3273
0.1446, 0.3273
0.1446, 0.3273
0.1446, 0.3273
0.1446, 0.3273
0.1446, 0.3273
0.1446, 0.3273
0.1446, 0.3273
0.1446, 0.3273
0.1446, 0.3273
0.1446, 0.3273
0.1446, 0.3273
0.1446, 0.3273
0.1446, 0.3273
0.1446, 0.3273
0.1446, 0.3273
0.1446, 0.3273
0.1489, 0.3273
0.1489, 0.3273
0.1489, 0.3273
0.1489, 0.3273
0.1489, 0.3273
0.1489, 0.3273
0.1489, 0.3273
0.1489, 0.3273
0.1489, 0.3273
0.1531, 0.3247
0.1531, 0.3247
0.1531, 0.3247
0.1531, 0.3247
0.1531, 0.3247
0.1531, 0.3247
0.1531, 0.3247
0.1531, 0.3247
0.1531, 0.3247
0.1531, 0.3247
0.1531, 0.3247
0.1531, 0.3247
0.1531, 0.3247
0.1572, 0.3247
0.1572, 0.3247
0.1572, 0.3247
0.1572, 0.3247
0.1572, 0.3247
0.1572, 0.3247
0.1572, 0.3247
0.1572, 0.3247
0.1572, 0.3247
0.1572, 0.3247
0.1572, 0.3247
0.1572, 0.3247
0.1614, 0.3221
0.1614, 0.3221
0.1614, 0.3221
0.1614, 0.3221
0.1614, 0.3221
0.1614, 0.3221
0.1614, 0.3221
0.1614, 0.3221
0.1614, 0.3221
0.1657, 0.3221
0.1657, 0.3221
0.1657, 0.3221
0.1657, 0.3221
0.1657, 0.3195
0.1657, 0.3195
0.1657, 0.3195
0.1657, 0.3195
0.1657, 0.3195
0.1657, 0.3195
0.1657, 0.3195
0.1657, 0.3195
0.1657, 0.3195
0.1657, 0.3195
0.1657, 0.3195
0.1657, 0.3195
0.1657, 0.3195
0.1657, 0.3195
0.1699, 0.3195
0.1699, 0.3195
0.1699, 0.3195
0.1699, 0.3195
0.1741, 0.3195
0.1741, 0.3195
0.1741, 0.3195
0.1741, 0.3195
0.1741, 0.3169
0.1741, 0.3169
0.1741, 0.3169
0.1741, 0.3169
0.1741, 0.3169
0.1741, 0.3169
0.1741, 0.3169
0.1741, 0.3169
0.1741, 0.3143
0.1741, 0.3143
0.1741, 0.3143
0.1741, 0.3143
0.1741, 0.3143
0.1783, 0.3143
0.1783, 0.3143
0.1783, 0.3143
0.1783, 0.3143
0.1783, 0.3143
0.1783, 0.3143
0.1783, 0.3143
0.1783, 0.3143
0.1783, 0.3143
0.1825, 0.3143
0.1825, 0.3143
0.1825, 0.3143
0.1825, 0.3143
0.1825, 0.3143
0.1825, 0.3143
0.1825, 0.3143
0.1825, 0.3143
0.1867, 0.3143
0.1867, 0.3143
0.1867, 0.3143
0.1867, 0.3143
0.1867, 0.3143
0.1867, 0.3117
0.1867, 0.3117
0.1867, 0.3117
0.1867, 0.3117
0.1867, 0.3117
0.1867, 0.3117
0.1867, 0.3117
0.1867, 0.3117
0.1909, 0.3117
0.1909, 0.3117
0.1909, 0.3117
0.1909, 0.3117
0.1909, 0.3091
0.1909, 0.3091
0.1909, 0.3091
0.1909, 0.3091
0.1951, 0.3091
0.1951, 0.3091
0.1951, 0.3091
0.1951, 0.3091
0.1951, 0.3065
0.1951, 0.3065
0.1951, 0.3065
0.1951, 0.3065
0.1993, 0.3065
0.1993, 0.3065
0.1993, 0.3065
0.1993, 0.3065
0.1993, 0.3065
0.2035, 0.3065
0.2035, 0.3065
0.2035, 0.3065
0.2035, 0.3065
0.2077, 0.3039
0.2077, 0.3039
0.2077, 0.3039
0.2077, 0.3039
0.2077, 0.3013
0.2077, 0.3013
0.2077, 0.3013
0.2077, 0.3013
0.2077, 0.3013
0.2077, 0.3013
0.2077, 0.3013
0.2077, 0.3013
0.2119, 0.3013
0.2119, 0.3013
0.2119, 0.3013
0.2119, 0.3013
0.2162, 0.3013
0.2162, 0.3013
0.2162, 0.3013
0.2162, 0.3013
0.2162, 0.2987
0.2162, 0.2987
0.2162, 0.2987
0.2162, 0.2987
0.2162, 0.2987
0.2162, 0.2987
0.2162, 0.2987
0.2162, 0.2987
0.2162, 0.2987
0.2204, 0.2987
0.2204, 0.2987
0.2204, 0.2987
0.2204, 0.2987
0.2204, 0.2987
0.2204, 0.2987
0.2204, 0.2987
0.2204, 0.2987
0.2204, 0.2987
0.2204, 0.2987
0.2204, 0.2987
0.2204, 0.2987
0.2204, 0.2987
0.2204, 0.2987
0.2204, 0.2987
0.2204, 0.2987
0.2204, 0.2987
0.2204, 0.2961
0.2204, 0.2961
0.2204, 0.2961
0.2204, 0.2961
0.2204, 0.2961
0.2204, 0.2961
0.2204, 0.2961
0.2204, 0.2961
0.2204, 0.2961
0.2204, 0.2961
0.2204, 0.2961
0.2204, 0.2961
0.2204, 0.2961
0.2245, 0.2961
0.2245, 0.2961
0.2245, 0.2961
0.2245, 0.2961
0.2245, 0.2961
0.2245, 0.2961
0.2245, 0.2961
0.2245, 0.2961
0.2245, 0.2961
0.2245, 0.2935
0.2245, 0.2935
0.2245, 0.2935
0.2245, 0.2935
0.2245, 0.2935
0.2245, 0.2935
0.2245, 0.2935
0.2245, 0.2935
0.2287, 0.2935
0.2287, 0.2935
0.2287, 0.2935
0.2287, 0.2935
0.2287, 0.2935
0.2287, 0.2935
0.2287, 0.2935
0.2287, 0.2935
0.2287, 0.2935
0.2330, 0.2935
0.2330, 0.2935
0.2330, 0.2935
0.2330, 0.2935
0.2330, 0.2935
0.2330, 0.2935
0.2330, 0.2935
0.2330, 0.2935
0.2372, 0.2909
0.2372, 0.2909
0.2372, 0.2909
0.2372, 0.2909
0.2372, 0.2909
0.2372, 0.2909
0.2372, 0.2909
0.2372, 0.2909
0.2372, 0.2909
0.2372, 0.2909
0.2372, 0.2909
0.2372, 0.2909
0.2372, 0.2909
0.2372, 0.2909
0.2372, 0.2909
0.2372, 0.2909
0.2372, 0.2909
0.2414, 0.2883
0.2414, 0.2883
0.2414, 0.2883
0.2414, 0.2883
0.2414, 0.2883
0.2414, 0.2883
0.2414, 0.2883
0.2414, 0.2883
0.2455, 0.2883
0.2455, 0.2883
0.2455, 0.2883
0.2455, 0.2883
0.2455, 0.2883
0.2455, 0.2883
0.2455, 0.2883
0.2455, 0.2883
0.2455, 0.2883
0.2455, 0.2883
0.2455, 0.2883
0.2455, 0.2883
0.2455, 0.2883
0.2455, 0.2883
0.2455, 0.2883
0.2455, 0.2883
0.2455, 0.2883
0.2455, 0.2883
0.2455, 0.2883
0.2455, 0.2883
0.2455, 0.2883
0.2455, 0.2883
0.2455, 0.2883
0.2455, 0.2883
0.2455, 0.2883
0.2455, 0.2883
0.2455, 0.2883
0.2455, 0.2883
0.2455, 0.2883
0.2455, 0.2883
0.2498, 0.2883
0.2498, 0.2883
0.2498, 0.2883
0.2498, 0.2883
0.2498, 0.2883
0.2498, 0.2883
0.2498, 0.2883
0.2498, 0.2883
0.2540, 0.2883
0.2540, 0.2883
0.2540, 0.2883
0.2540, 0.2883
0.2540, 0.2883
0.2540, 0.2883
0.2540, 0.2883
0.2540, 0.2883
0.2582, 0.2883
0.2582, 0.2883
0.2582, 0.2883
0.2582, 0.2883
0.2582, 0.2857
0.2582, 0.2857
0.2582, 0.2857
0.2582, 0.2857
0.2624, 0.2857
0.2624, 0.2857
0.2624, 0.2857
0.2624, 0.2857
0.2624, 0.2857
0.2624, 0.2857
0.2624, 0.2857
0.2624, 0.2857
0.2666, 0.2857
0.2666, 0.2857
0.2666, 0.2857
0.2666, 0.2857
0.2666, 0.2857
0.2666, 0.2857
0.2666, 0.2857
0.2666, 0.2857
0.2666, 0.2857
0.2666, 0.2857
0.2666, 0.2857
0.2708, 0.2857
0.2708, 0.2857
0.2708, 0.2857
0.2708, 0.2857
0.2708, 0.2857
0.2708, 0.2857
0.2708, 0.2857
0.2708, 0.2857
0.2708, 0.2857
0.2750, 0.2857
0.2750, 0.2857
0.2750, 0.2857
0.2750, 0.2857
0.2750, 0.2857
0.2750, 0.2857
0.2750, 0.2857
0.2750, 0.2857
0.2792, 0.2857
0.2792, 0.2857
0.2792, 0.2857
0.2792, 0.2857
0.2792, 0.2857
0.2792, 0.2857
0.2792, 0.2857
0.2792, 0.2857
0.2792, 0.2857
0.2792, 0.2857
0.2792, 0.2857
0.2792, 0.2857
0.2792, 0.2857
0.2792, 0.2857
0.2792, 0.2857
0.2835, 0.2831
0.2835, 0.2831
0.2835, 0.2831
0.2835, 0.2831
0.2835, 0.2831
0.2835, 0.2831
0.2835, 0.2831
0.2835, 0.2831
0.2835, 0.2831
0.2835, 0.2831
0.2835, 0.2831
0.2835, 0.2831
0.2876, 0.2831
0.2876, 0.2831
0.2876, 0.2831
0.2876, 0.2831
0.2876, 0.2831
0.2876, 0.2831
0.2876, 0.2831
0.2876, 0.2831
0.2876, 0.2831
0.2876, 0.2831
0.2876, 0.2831
0.2876, 0.2831
0.2876, 0.2831
0.2876, 0.2831
0.2876, 0.2831
0.2876, 0.2831
0.2918, 0.2831
0.2918, 0.2831
0.2918, 0.2831
0.2918, 0.2831
0.2918, 0.2831
0.2918, 0.2831
0.2918, 0.2831
0.2918, 0.2831
0.2960, 0.2831
0.2960, 0.2831
0.2960, 0.2831
0.2960, 0.2831
0.2960, 0.2831
0.2960, 0.2831
0.2960, 0.2831
0.2960, 0.2831
0.3003, 0.2831
0.3003, 0.2831
0.3003, 0.2831
0.3003, 0.2831
0.3003, 0.2831
0.3003, 0.2831
0.3003, 0.2831
0.3003, 0.2831
0.3003, 0.2831
0.3003, 0.2831
0.3003, 0.2831
0.3003, 0.2831
0.3003, 0.2805
0.3003, 0.2805
0.3003, 0.2805
0.3045, 0.2805
0.3045, 0.2805
0.3045, 0.2805
0.3045, 0.2805
0.3045, 0.2805
0.3045, 0.2805
0.3045, 0.2805
0.3045, 0.2805
0.3086, 0.2805
0.3086, 0.2805
0.3086, 0.2805
0.3086, 0.2805
0.3086, 0.2805
0.3086, 0.2805
0.3086, 0.2805
0.3086, 0.2805
0.3086, 0.2805
0.3086, 0.2805
0.3086, 0.2805
0.3086, 0.2805
0.3086, 0.2805
0.3086, 0.2805
0.3086, 0.2805
0.3086, 0.2805
0.3086, 0.2805
0.3086, 0.2805
0.3086, 0.2805
0.3086, 0.2805
0.3128, 0.2805
0.3128, 0.2805
0.3128, 0.2805
0.3171, 0.2805
0.3171, 0.2805
0.3171, 0.2805
0.3171, 0.2805
0.3171, 0.2805
0.3171, 0.2805
0.3171, 0.2805
0.3213, 0.2805
0.3213, 0.2805
0.3213, 0.2805
0.3213, 0.2805
0.3213, 0.2805
0.3213, 0.2805
0.3213, 0.2805
0.3213, 0.2805
0.3213, 0.2805
0.3213, 0.2805
0.3213, 0.2805
0.3213, 0.2805
0.3255, 0.2805
0.3255, 0.2805
0.3255, 0.2805
0.3296, 0.2805
0.3296, 0.2805
0.3296, 0.2805
0.3296, 0.2805
0.3296, 0.2805
0.3296, 0.2805
0.3296, 0.2805
0.3296, 0.2805
0.3296, 0.2805
0.3296, 0.2805
0.3296, 0.2805
0.3296, 0.2805
0.3296, 0.2805
0.3296, 0.2805
0.3296, 0.2805
0.3296, 0.2805
0.3339, 0.2805
0.3339, 0.2805
0.3339, 0.2805
0.3339, 0.2805
0.3339, 0.2805
0.3339, 0.2805
0.3339, 0.2805
0.3339, 0.2805
0.3339, 0.2805
0.3339, 0.2805
0.3339, 0.2805
0.3339, 0.2805
0.3381, 0.2805
0.3381, 0.2805
0.3381, 0.2805
0.3381, 0.2805
0.3381, 0.2805
0.3381, 0.2805
0.3381, 0.2805
0.3381, 0.2805
0.3423, 0.2805
0.3423, 0.2805
0.3423, 0.2805
0.3423, 0.2805
0.3423, 0.2805
0.3423, 0.2805
0.3423, 0.2805
0.3423, 0.2805
0.3423, 0.2805
0.3423, 0.2805
0.3423, 0.2805
0.3423, 0.2805
0.3465, 0.2805
0.3465, 0.2805
0.3465, 0.2805
0.3465, 0.2805
0.3465, 0.2805
0.3465, 0.2805
0.3465, 0.2805
0.3507, 0.2805
0.3507, 0.2805
0.3507, 0.2805
0.3507, 0.2805
0.3507, 0.2805
0.3507, 0.2805
0.3507, 0.2805
0.3507, 0.2805
0.3549, 0.2805
0.3549, 0.2805
0.3549, 0.2805
0.3549, 0.2805
0.3549, 0.2805
0.3549, 0.2805
0.3549, 0.2805
0.3549, 0.2805
0.3591, 0.2805
0.3591, 0.2805
0.3591, 0.2805
0.3591, 0.2805
0.3591, 0.2805
0.3591, 0.2805
0.3591, 0.2805
0.3591, 0.2805
0.3591, 0.2805
0.3591, 0.2805
0.3591, 0.2805
0.3591, 0.2805
0.3591, 0.2805
0.3591, 0.2805
0.3591, 0.2805
0.3633, 0.2805
0.3633, 0.2805
0.3633, 0.2805
0.3633, 0.2805
0.3633, 0.2805
0.3633, 0.2805
0.3633, 0.2805
0.3633, 0.2805
0.3676, 0.2805
0.3676, 0.2805
0.3676, 0.2805
0.3676, 0.2805
0.3676, 0.2805
0.3676, 0.2805
0.3676, 0.2805
0.3717, 0.2831
0.3717, 0.2831
0.3717, 0.2831
0.3717, 0.2831
0.3717, 0.2831
0.3717, 0.2831
0.3717, 0.2831
0.3717, 0.2831
0.3717, 0.2831
0.3717, 0.2831
0.3717, 0.2831
0.3759, 0.2831
0.3759, 0.2831
0.3759, 0.2831
0.3759, 0.2831
0.3759, 0.2831
0.3759, 0.2831
0.3759, 0.2831
0.3759, 0.2831
0.3801, 0.2831
0.3801, 0.2831
0.3801, 0.2831
0.3801, 0.2831
0.3801, 0.2831
0.3801, 0.2831
0.3801, 0.2831
0.3801, 0.2857
0.3801, 0.2857
0.3801, 0.2857
0.3844, 0.2857
0.3844, 0.2857
0.3844, 0.2857
0.3844, 0.2857
0.3844, 0.2857
0.3844, 0.2857
0.3844, 0.2857
0.3886, 0.2857
0.3886, 0.2857
0.3886, 0.2857
0.3928, 0.2857
0.3928, 0.2857
0.3928, 0.2857
0.3928, 0.2857
0.3928, 0.2857
0.3928, 0.2857
0.3928, 0.2857
0.3928, 0.2857
0.3928, 0.2857
0.3928, 0.2857
0.3928, 0.2857
0.3969, 0.2857
0.3969, 0.2857
0.3969, 0.2857
0.3969, 0.2857
0.4012, 0.2857
0.4012, 0.2857
0.4012, 0.2857
0.4012, 0.2857
0.4012, 0.2857
0.4012, 0.2857
0.4012, 0.2857
0.4012, 0.2883
0.4012, 0.2883
0.4012, 0.2883
0.4012, 0.2883
0.4054, 0.2883
0.4054, 0.2883
0.4054, 0.2883
0.4096, 0.2883
0.4096, 0.2883
0.4096, 0.2883
0.4096, 0.2883
0.4096, 0.2909
0.4096, 0.2909
0.4096, 0.2909
0.4096, 0.2909
0.4138, 0.2909
0.4138, 0.2909
0.4138, 0.2909
0.4138, 0.2909
0.4138, 0.2909
0.4138, 0.2909
0.4138, 0.2909
0.4138, 0.2909
0.4138, 0.2909
0.4138, 0.2909
0.4138, 0.2909
0.4138, 0.2909
0.4138, 0.2909
0.4138, 0.2909
0.4138, 0.2909
0.4180, 0.2909
0.4180, 0.2909
0.4180, 0.2909
0.4222, 0.2909
0.4222, 0.2909
0.4222, 0.2909
0.4222, 0.2909
0.4222, 0.2909
0.4222, 0.2909
0.4222, 0.2909
0.4222, 0.2909
0.4222, 0.2909
0.4222, 0.2909
0.4222, 0.2909
0.4222, 0.2909
0.4264, 0.2909
0.4264, 0.2909
0.4264, 0.2909
0.4306, 0.2909
0.4306, 0.2909
0.4306, 0.2909
0.4306, 0.2909
0.4306, 0.2909
0.4306, 0.2909
0.4306, 0.2909
0.4349, 0.2935
0.4349, 0.2935
0.4349, 0.2935
0.4349, 0.2935
0.4349, 0.2935
0.4349, 0.2935
0.4349, 0.2935
0.4349, 0.2935
0.4349, 0.2935
0.4349, 0.2935
0.4349, 0.2935
0.4349, 0.2935
0.4349, 0.2935
0.4349, 0.2935
0.4349, 0.2935
0.4349, 0.2935
0.4390, 0.2935
0.4390, 0.2935
0.4390, 0.2935
0.4432, 0.2935
0.4432, 0.2935
0.4432, 0.2935
0.4432, 0.2935
0.4432, 0.2935
0.4432, 0.2935
0.4432, 0.2935
0.4432, 0.2935
0.4432, 0.2935
0.4432, 0.2935
0.4432, 0.2935
0.4474, 0.2935
0.4474, 0.2935
0.4474, 0.2935
0.4517, 0.2961
0.4517, 0.2961
0.4517, 0.2961
0.4517, 0.2961
0.4517, 0.2961
0.4517, 0.2961
0.4517, 0.2961
0.4517, 0.2961
0.4559, 0.2961
0.4559, 0.2961
0.4559, 0.2961
0.4559, 0.2961
0.4559, 0.2961
0.4559, 0.2961
0.4559, 0.2961
0.4559, 0.2987
0.4559, 0.2987
0.4559, 0.2987
0.4600, 0.2987
0.4600, 0.2987
0.4600, 0.2987
0.4600, 0.2987
0.4642, 0.2987
0.4642, 0.2987
0.4642, 0.2987
0.4642, 0.2987
0.4642, 0.2987
0.4642, 0.2987
0.4642, 0.2987
0.4642, 0.2987
0.4642, 0.2987
0.4642, 0.2987
0.4642, 0.2987
0.4642, 0.2987
0.4642, 0.2987
0.4642, 0.2987
0.4642, 0.2987
0.4685, 0.2987
0.4685, 0.2987
0.4685, 0.2987
0.4685, 0.2987
0.4685, 0.2987
0.4685, 0.2987
0.4685, 0.2987
0.4727, 0.2987
0.4727, 0.2987
0.4727, 0.2987
0.4727, 0.2987
0.4727, 0.2987
0.4727, 0.2987
0.4727, 0.2987
0.4769, 0.3013
0.4769, 0.3013
0.4769, 0.3013
0.4769, 0.3013
0.4769, 0.3013
0.4769, 0.3013
0.4769, 0.3013
0.4769, 0.3013
0.4769, 0.3013
0.4769, 0.3013
0.4810, 0.3039
0.4810, 0.3039
0.4810, 0.3039
0.4810, 0.3039
0.4810, 0.3039
0.4810, 0.3039
0.4810, 0.3039
0.4810, 0.3039
0.4810, 0.3039
0.4810, 0.3039
0.4810, 0.3039
0.4853, 0.3039
0.4853, 0.3039
0.4853, 0.3039
0.4853, 0.3039
0.4853, 0.3039
0.4853, 0.3039
0.4853, 0.3039
0.4853, 0.3039
0.4853, 0.3039
0.4853, 0.3039
0.4895, 0.3039
0.4895, 0.3039
0.4895, 0.3039
0.4895, 0.3039
0.4895, 0.3039
0.4895, 0.3039
0.4937, 0.3065
0.4937, 0.3065
0.4937, 0.3065
0.4937, 0.3065
0.4937, 0.3065
0.4937, 0.3065
0.4937, 0.3065
0.4937, 0.3065
0.4937, 0.3065
0.4937, 0.3065
0.4937, 0.3065
0.4979, 0.3091
0.4979, 0.3091
0.4979, 0.3091
0.4979, 0.3091
0.5021, 0.3091
0.5021, 0.3091
0.5021, 0.3091
0.5021, 0.3117
0.5021, 0.3117
0.5021, 0.3117
0.5063, 0.3117
0.5063, 0.3117
0.5063, 0.3117
0.5063, 0.3117
0.5063, 0.3117
0.5063, 0.3117
0.5063, 0.3117
0.5063, 0.3117
0.5063, 0.3117
0.5063, 0.3117
0.5063, 0.3117
0.5063, 0.3117
0.5063, 0.3117
0.5063, 0.3117
0.5063, 0.3117
0.5105, 0.3117
0.5105, 0.3117
0.5105, 0.3117
0.5105, 0.3117
0.5105, 0.3117
0.5105, 0.3117
0.5105, 0.3117
0.5105, 0.3117
0.5105, 0.3117
0.5105, 0.3117
0.5105, 0.3117
0.5147, 0.3143
0.5147, 0.3143
0.5147, 0.3143
0.5147, 0.3143
0.5147, 0.3143
0.5147, 0.3143
0.5147, 0.3143
0.5147, 0.3143
0.5147, 0.3143
0.5147, 0.3143
0.5147, 0.3143
0.5147, 0.3169
0.5147, 0.3169
0.5147, 0.3169
0.5147, 0.3169
0.5190, 0.3169
0.5190, 0.3169
0.5190, 0.3169
0.5231, 0.3169
0.5231, 0.3169
0.5231, 0.3169
0.5231, 0.3169
0.5231, 0.3169
0.5231, 0.3169
0.5231, 0.3169
0.5273, 0.3169
0.5273, 0.3169
0.5273, 0.3169
0.5273, 0.3169
0.5273, 0.3169
0.5273, 0.3169
0.5273, 0.3169
0.5273, 0.3195
0.5273, 0.3195
0.5273, 0.3195
0.5273, 0.3195
0.5273, 0.3195
0.5273, 0.3195
0.5273, 0.3195
0.5315, 0.3195
0.5315, 0.3195
0.5315, 0.3195
0.5315, 0.3221
0.5315, 0.3221
0.5315, 0.3221
0.5315, 0.3221
0.5358, 0.3221
0.5358, 0.3221
0.5358, 0.3221
0.5358, 0.3221
0.5358, 0.3221
0.5358, 0.3221
0.5358, 0.3221
0.5358, 0.3221
0.5358, 0.3221
0.5358, 0.3221
0.5358, 0.3221
0.5358, 0.3221
0.5358, 0.3221
0.5358, 0.3221
0.5400, 0.3247
0.5400, 0.3247
0.5400, 0.3247
0.5441, 0.3247
0.5441, 0.3247
0.5441, 0.3247
0.5441, 0.3247
0.5441, 0.3247
0.5441, 0.3247
0.5441, 0.3247
0.5441, 0.3247
0.5441, 0.3247
0.5441, 0.3247
0.5441, 0.3247
0.5483, 0.3273
0.5483, 0.3273
0.5483, 0.3273
0.5483, 0.3273
0.5483, 0.3273
0.5483, 0.3273
0.5483, 0.3273
0.5483, 0.3273
0.5483, 0.3273
0.5483, 0.3273
0.5483, 0.3299
0.5483, 0.3299
0.5483, 0.3299
0.5483, 0.3299
0.5526, 0.3299
0.5526, 0.3299
0.5526, 0.3299
0.5526, 0.3299
0.5526, 0.3299
0.5526, 0.3299
0.5526, 0.3299
0.5568, 0.3299
0.5568, 0.3299
0.5568, 0.3299
0.5568, 0.3299
0.5568, 0.3299
0.5568, 0.3299
0.5568, 0.3299
0.5568, 0.3325
0.5568, 0.3325
0.5568, 0.3325
0.5610, 0.3325
0.5610, 0.3325
0.5610, 0.3325
0.5610, 0.3325
0.5610, 0.3325
0.5610, 0.3325
0.5610, 0.3325
0.5651, 0.3351
0.5651, 0.3351
0.5651, 0.3351
0.5651, 0.3351
0.5694, 0.3351
0.5694, 0.3351
0.5694, 0.3351
0.5694, 0.3351
0.5694, 0.3351
0.5694, 0.3351
0.5694, 0.3351
0.5694, 0.3351
0.5694, 0.3351
0.5694, 0.3351
0.5694, 0.3351
0.5694, 0.3351
0.5694, 0.3351
0.5694, 0.3351
0.5694, 0.3351
0.5694, 0.3351
0.5694, 0.3351
0.5694, 0.3351
0.5736, 0.3351
0.5736, 0.3351
0.5736, 0.3351
0.5736, 0.3351
0.5736, 0.3351
0.5736, 0.3351
0.5736, 0.3351
0.5736, 0.3377
0.5736, 0.3377
0.5736, 0.3377
0.5778, 0.3377
0.5778, 0.3377
0.5778, 0.3377
0.5778, 0.3377
0.5778, 0.3377
0.5778, 0.3377
0.5778, 0.3377
0.5778, 0.3403
0.5778, 0.3403
0.5778, 0.3403
0.5820, 0.3403
0.5820, 0.3403
0.5820, 0.3403
0.5820, 0.3403
0.5820, 0.3403
0.5820, 0.3403
0.5820, 0.3403
0.5862, 0.3429
0.5862, 0.3429
0.5862, 0.3429
0.5904, 0.3429
0.5904, 0.3429
0.5904, 0.3429
0.5904, 0.3429
0.5904, 0.3429
0.5904, 0.3429
0.5904, 0.3429
0.5904, 0.3429
0.5904, 0.3429
0.5904, 0.3429
0.5904, 0.3429
0.5904, 0.3429
0.5904, 0.3429
0.5904, 0.3429
0.5904, 0.3429
0.5904, 0.3429
0.5904, 0.3429
0.5904, 0.3429
0.5946, 0.3429
0.5946, 0.3429
0.5946, 0.3429
0.5946, 0.3455
0.5946, 0.3455
0.5946, 0.3455
0.5988, 0.3455
0.5988, 0.3455
0.5988, 0.3455
0.5988, 0.3455
0.5988, 0.3455
0.5988, 0.3455
0.5988, 0.3455
0.5988, 0.3455
0.5988, 0.3455
0.5988, 0.3455
0.6031, 0.3481
0.6031, 0.3481
0.6031, 0.3481
0.6031, 0.3481
0.6031, 0.3481
0.6031, 0.3481
0.6031, 0.3481
0.6072, 0.3481
0.6072, 0.3481
0.6072, 0.3481
0.6072, 0.3481
0.6114, 0.3481
0.6114, 0.3481
0.6114, 0.3481
0.6114, 0.3481
0.6114, 0.3481
0.6114, 0.3481
0.6114, 0.3481
0.6114, 0.3481
0.6114, 0.3481
0.6114, 0.3506
0.6114, 0.3506
0.6114, 0.3506
0.6114, 0.3506
0.6156, 0.3506
0.6156, 0.3506
0.6156, 0.3506
0.6156, 0.3506
0.6156, 0.3506
0.6156, 0.3506
0.6156, 0.3506
0.6156, 0.3506
0.6156, 0.3506
0.6156, 0.3506
0.6199, 0.3506
0.6199, 0.3506
0.6199, 0.3506
0.6199, 0.3506
0.6199, 0.3506
0.6199, 0.3506
0.6199, 0.3506
0.6199, 0.3532
0.6199, 0.3532
0.6199, 0.3532
0.6241, 0.3532
0.6241, 0.3532
0.6241, 0.3532
0.6241, 0.3532
0.6241, 0.3532
0.6241, 0.3532
0.6241, 0.3532
0.6283, 0.3532
0.6283, 0.3532
0.6283, 0.3532
0.6283, 0.3558
0.6283, 0.3558
0.6283, 0.3558
0.6283, 0.3558
0.6283, 0.3558
0.6283, 0.3558
0.6283, 0.3558
0.6324, 0.3558
0.6324, 0.3558
0.6324, 0.3558
0.6367, 0.3558
0.6367, 0.3558
0.6367, 0.3558
0.6367, 0.3558
0.6367, 0.3558
0.6367, 0.3558
0.6367, 0.3558
0.6409, 0.3558
0.6409, 0.3558
0.6409, 0.3558
0.6409, 0.3558
0.6409, 0.3558
0.6409, 0.3558
0.6409, 0.3558
0.6409, 0.3558
0.6409, 0.3558
0.6409, 0.3558
0.6409, 0.3558
0.6409, 0.3558
0.6409, 0.3558
0.6409, 0.3558
0.6409, 0.3558
0.6409, 0.3558
0.6409, 0.3558
0.6451, 0.3558
0.6451, 0.3558
0.6451, 0.3558
0.6451, 0.3558
0.6451, 0.3558
0.6451, 0.3558
0.6451, 0.3558
0.6493, 0.3558
0.6493, 0.3558
0.6493, 0.3558
0.6493, 0.3558
0.6493, 0.3558
0.6493, 0.3558
0.6493, 0.3558
0.6493, 0.3584
0.6493, 0.3584
0.6535, 0.3584
0.6535, 0.3584
0.6535, 0.3584
0.6535, 0.3584
0.6535, 0.3584
0.6535, 0.3584
0.6535, 0.3584
0.6577, 0.3584
0.6577, 0.3584
0.6577, 0.3584
0.6577, 0.3584
0.6577, 0.3584
0.6577, 0.3584
0.6577, 0.3584
0.6577, 0.3584
0.6577, 0.3584
0.6577, 0.3584
0.6619, 0.3584
0.6619, 0.3584
0.6619, 0.3584
0.6619, 0.3584
0.6619, 0.3584
0.6619, 0.3584
0.6619, 0.3584
0.6619, 0.3584
0.6619, 0.3584
0.6619, 0.3584
0.6619, 0.3584
0.6619, 0.3610
0.6619, 0.3610
0.6619, 0.3610
0.6619, 0.3610
0.6619, 0.3610
0.6619, 0.3610
0.6661, 0.3610
0.6661, 0.3610
0.6661, 0.3610
0.6661, 0.3610
0.6661, 0.3610
0.6661, 0.3610
0.6661, 0.3610
0.6704, 0.3610
0.6704, 0.3610
0.6704, 0.3610
0.6704, 0.3610
0.6704, 0.3610
0.6704, 0.3610
0.6704, 0.3610
0.6704, 0.3610
0.6704, 0.3610
0.6704, 0.3610
0.6745, 0.3610
0.6745, 0.3610
0.6745, 0.3610
0.6787, 0.3610
0.6787, 0.3610
0.6787, 0.3610
0.6787, 0.3610
0.6787, 0.3610
0.6787, 0.3610
0.6787, 0.3610
0.6829, 0.3610
0.6829, 0.3610
0.6829, 0.3610
0.6829, 0.3636
0.6829, 0.3636
0.6829, 0.3636
0.6829, 0.3636
0.6829, 0.3636
0.6829, 0.3636
0.6829, 0.3636
0.6829, 0.3636
0.6829, 0.3636
0.6872, 0.3636
0.6872, 0.3636
0.6872, 0.3636
0.6872, 0.3636
0.6872, 0.3636
0.6872, 0.3636
0.6914, 0.3636
0.6914, 0.3636
0.6914, 0.3636
0.6914, 0.3636
0.6914, 0.3636
0.6914, 0.3636
0.6914, 0.3636
0.6914, 0.3636
0.6914, 0.3636
0.6914, 0.3636
0.6955, 0.3662
0.6955, 0.3662
0.6955, 0.3662
0.6997, 0.3662
0.6997, 0.3662
0.6997, 0.3662
0.6997, 0.3662
0.6997, 0.3662
0.6997, 0.3662
0.6997, 0.3662
0.7040, 0.3662
0.7040, 0.3662
0.7040, 0.3662
0.7040, 0.3662
0.7040, 0.3662
0.7040, 0.3662
0.7040, 0.3662
0.7040, 0.3662
0.7040, 0.3662
0.7040, 0.3662
0.7082, 0.3662
0.7082, 0.3662
0.7082, 0.3662
0.7082, 0.3662
0.7082, 0.3662
0.7082, 0.3662
0.7124, 0.3662
0.7124, 0.3662
0.7124, 0.3662
0.7124, 0.3662
0.7124, 0.3662
0.7124, 0.3662
0.7124, 0.3662
0.7124, 0.3662
0.7124, 0.3662
0.7124, 0.3662
0.7124, 0.3662
0.7124, 0.3662
0.7124, 0.3662
0.7165, 0.3662
0.7165, 0.3662
0.7165, 0.3662
0.7165, 0.3662
0.7208, 0.3662
0.7208, 0.3662
0.7208, 0.3662
0.7208, 0.3662
0.7208, 0.3662
0.7208, 0.3662
0.7250, 0.3688
0.7250, 0.3688
0.7250, 0.3688
0.7250, 0.3688
0.7250, 0.3688
0.7250, 0.3688
0.7250, 0.3688
0.7292, 0.3688
0.7292, 0.3688
0.7292, 0.3688
0.7334, 0.3688
0.7334, 0.3688
0.7334, 0.3688
0.7334, 0.3688
0.7334, 0.3688
0.7334, 0.3688
0.7334, 0.3688
0.7334, 0.3688
0.7334, 0.3688
0.7376, 0.3688
0.7376, 0.3688
0.7376, 0.3688
0.7376, 0.3688
0.7376, 0.3688
0.7376, 0.3688
0.7376, 0.3688
0.7418, 0.3688
0.7418, 0.3688
0.7418, 0.3688
0.7418, 0.3688
0.7418, 0.3688
0.7418, 0.3688
0.7460, 0.3688
0.7460, 0.3688
0.7460, 0.3688
0.7460, 0.3688
0.7460, 0.3688
0.7460, 0.3688
0.7460, 0.3688
0.7460, 0.3688
0.7460, 0.3688
0.7502, 0.3688
0.7502, 0.3688
0.7502, 0.3688
0.7545, 0.3688
0.7545, 0.3688
0.7545, 0.3688
0.7545, 0.3688
0.7545, 0.3688
0.7545, 0.3688
0.7545, 0.3688
0.7545, 0.3688
0.7545, 0.3688
0.7545, 0.3688
0.7586, 0.3688
0.7586, 0.3688
0.7586, 0.3688
0.7586, 0.3688
0.7586, 0.3688
0.7586, 0.3688
0.7586, 0.3688
0.7628, 0.3688
0.7628, 0.3688
0.7628, 0.3688
0.7628, 0.3688
0.7628, 0.3688
0.7628, 0.3688
0.7628, 0.3688
0.7628, 0.3688
0.7628, 0.3688
0.7628, 0.3688
0.7628, 0.3688
0.7628, 0.3688
0.7628, 0.3688
0.7670, 0.3688
0.7670, 0.3688
0.7670, 0.3688
0.7713, 0.3688
0.7713, 0.3688
0.7713, 0.3688
0.7713, 0.3688
0.7713, 0.3688
0.7713, 0.3688
0.7755, 0.3688
0.7755, 0.3688
0.7755, 0.3688
0.7755, 0.3688
0.7755, 0.3688
0.7755, 0.3688
0.7755, 0.3688
0.7796, 0.3688
0.7796, 0.3688
0.7796, 0.3688
0.7796, 0.3688
0.7796, 0.3688
0.7796, 0.3688
0.7838, 0.3688
0.7838, 0.3688
0.7838, 0.3688
0.7838, 0.3688
0.7838, 0.3688
0.7838, 0.3688
0.7881, 0.3688
0.7881, 0.3688
0.7881, 0.3688
0.7881, 0.3688
0.7881, 0.3688
0.7881, 0.3688
0.7881, 0.3688
0.7923, 0.3688
0.7923, 0.3688
0.7923, 0.3688
0.7923, 0.3688
0.7923, 0.3688
0.7923, 0.3688
0.7965, 0.3688
0.7965, 0.3688
0.7965, 0.3688
0.7965, 0.3688
0.7965, 0.3688
0.7965, 0.3688
0.7965, 0.3688
0.7965, 0.3688
0.7965, 0.3688
0.7965, 0.3688
0.8007, 0.3688
0.8007, 0.3688
0.8007, 0.3688
0.8007, 0.3688
0.8007, 0.3688
0.8007, 0.3688
0.8049, 0.3688
0.8049, 0.3688
0.8049, 0.3688
0.8049, 0.3688
0.8049, 0.3688
0.8049, 0.3688
0.8049, 0.3688
0.8091, 0.3688
0.8091, 0.3688
0.8091, 0.3688
0.8133, 0.3688
0.8133, 0.3688
0.8133, 0.3688
0.8133, 0.3688
0.8133, 0.3688
0.8133, 0.3688
0.8175, 0.3688
0.8175, 0.3688
0.8175, 0.3688
0.8175, 0.3688
0.8175, 0.3688
0.8175, 0.3688
0.8175, 0.3688
0.8175, 0.3688
0.8175, 0.3688
0.8175, 0.3688
0.8217, 0.3688
0.8217, 0.3688
0.8217, 0.3688
0.8259, 0.3688
0.8259, 0.3688
0.8259, 0.3688
0.8259, 0.3688
0.8259, 0.3688
0.8259, 0.3688
0.8259, 0.3688
0.8259, 0.3688
0.8259, 0.3688
0.8259, 0.3688
0.8259, 0.3688
0.8259, 0.3688
0.8259, 0.3688
0.8301, 0.3688
0.8301, 0.3688
0.8301, 0.3688
0.8343, 0.3688
0.8343, 0.3688
0.8343, 0.3688
0.8386, 0.3688
0.8386, 0.3688
0.8386, 0.3688
0.8386, 0.3688
0.8386, 0.3688
0.8386, 0.3688
0.8428, 0.3688
0.8428, 0.3688
0.8428, 0.3688
0.8469, 0.3688
0.8469, 0.3688
0.8469, 0.3688
0.8469, 0.3688
0.8469, 0.3688
0.8469, 0.3688
0.8469, 0.3688
0.8511, 0.3688
0.8511, 0.3688
0.8511, 0.3688
0.8554, 0.3688
0.8554, 0.3688
0.8596, 0.3688
0.8596, 0.3688
0.8596, 0.3688
0.8596, 0.3688
0.8596, 0.3688
0.8596, 0.3688
0.8596, 0.3688
0.8638, 0.3688
0.8638, 0.3688
0.8638, 0.3688
0.8638, 0.3688
0.8638, 0.3688
0.8638, 0.3688
0.8679, 0.3688
0.8679, 0.3688
0.8679, 0.3688
0.8679, 0.3688
0.8679, 0.3688
0.8679, 0.3688
0.8679, 0.3688
0.8679, 0.3662
0.8679, 0.3662
0.8722, 0.3662
0.8722, 0.3662
0.8722, 0.3662
0.8764, 0.3662
0.8764, 0.3662
0.8764, 0.3662
0.8764, 0.3662
0.8764, 0.3662
0.8764, 0.3662
0.8764, 0.3662
0.8806, 0.3636
0.8806, 0.3636
0.8806, 0.3636
0.8806, 0.3636
0.8806, 0.3636
0.8806, 0.3636
0.8848, 0.3636
0.8848, 0.3636
0.8848, 0.3636
0.8890, 0.3636
0.8890, 0.3636
0.8890, 0.3636
0.8890, 0.3636
0.8890, 0.3636
0.8890, 0.3636
0.8932, 0.3636
0.8932, 0.3636
0.8932, 0.3636
0.8974, 0.3636
0.8974, 0.3636
0.8974, 0.3636
0.8974, 0.3636
0.8974, 0.3636
0.8974, 0.3636
0.9016, 0.3610
0.9016, 0.3610
0.9016, 0.3610
0.9059, 0.3610
0.9059, 0.3610
0.9059, 0.3610
0.9100, 0.3610
0.9100, 0.3610
0.9100, 0.3610
0.9100, 0.3610
0.9100, 0.3610
0.9100, 0.3610
0.9100, 0.3610
0.9100, 0.3610
0.9100, 0.3610
0.9142, 0.3584
0.9142, 0.3584
0.9142, 0.3584
0.9184, 0.3584
0.9184, 0.3584
0.9184, 0.3584
0.9184, 0.3584
0.9184, 0.3584
0.9184, 0.3584
0.9184, 0.3584
0.9227, 0.3584
0.9227, 0.3584
0.9227, 0.3584
0.9227, 0.3584
0.9227, 0.3584
0.9227, 0.3584
0.9269, 0.3584
0.9269, 0.3584
0.9269, 0.3584
0.9310, 0.3584
0.9310, 0.3584
0.9310, 0.3584
0.9310, 0.3584
0.9310, 0.3584
0.9310, 0.3584
0.9395, 0.3558
0.9395, 0.3558
0.9395, 0.3558
0.9437, 0.3558
0.9437, 0.3558
0.9437, 0.3558
0.9479, 0.3558
0.9479, 0.3558
0.9520, 0.3532
0.9520, 0.3532
0.9563, 0.3532
0.9605, 0.3532
0.9605, 0.3506
0.9605, 0.3506
0.9647, 0.3506
0.9647, 0.3506
0.9647, 0.3506
0.9647, 0.3506
0.9647, 0.3506
0.9647, 0.3506
0.9647, 0.3506
0.9647, 0.3506
0.9647, 0.3506
0.9647, 0.3506
0.9647, 0.3506
0.9647, 0.3506
0.9647, 0.3506
0.9647, 0.3506
0.9647, 0.3506
0.9647, 0.3506

0.6114, 0.3481
0.6114, 0.3481
0.6114, 0.3481
0.6114, 0.3481
0.6114, 0.3481
0.6114, 0.3481
0.6114, 0.3481
0.6114, 0.3481
0.6114, 0.3481
0.6114, 0.3481
0.6114, 0.3481
0.6114, 0.3481
0.6114, 0.3481
0.6114, 0.3481
0.6114, 0.3481
0.6114, 0.3481
0.6114, 0.3481
0.6114, 0.3481
0.6114, 0.3481
0.6114, 0.3481
0.6114, 0.3481
0.6114, 0.3481
0.6114, 0.3481
0.6114, 0.3481
0.6114, 0.3481
0.6114, 0.3481
0.6114, 0.3481
0.6114, 0.3481
0.6114, 0.3481
0.6114, 0.3481
0.6114, 0.3481
0.6114, 0.3481
0.6114, 0.3481
0.6114, 0.3481
0.6114, 0.3481
0.6114, 0.3481
0.6114, 0.3481
0.6114, 0.3481
0.6114, 0.3481
0.6114, 0.3481
0.6114, 0.3481
0.6114, 0.3481
0.6114, 0.3481
0.6114, 0.3481
0.6114, 0.3481
0.6114, 0.3481
0.6114, 0.3481
0.6114, 0.3481
0.6114, 0.3481
0.6114, 0.3481
0.6114, 0.3481
0.6114, 0.3481
0.6114, 0.3481
0.6114, 0.3481
0.6114, 0.3481
0.6114, 0.3481
0.6114, 0.3481
0.6114, 0.3481
0.6114, 0.3481
0.6114, 0.3481
0.6114, 0.3481
0.6114, 0.3481
0.6114, 0.3481
0.6114, 0.3481
0.6114, 0.3481
0.6114, 0.3481
0.6114, 0.3481
0.6114, 0.3481
0.6072, 0.3481
0.6072, 0.3481
0.6072, 0.3481
0.6072, 0.3481
0.6072, 0.3481
0.6072, 0.3481
0.6072, 0.3481
0.6072, 0.3481
0.6072, 0.3481
0.6072, 0.3455
0.6072, 0.3455
0.6072, 0.3455
0.6072, 0.3455
0.6072, 0.3455
0.6072, 0.3455
0.6072, 0.3455
0.6072, 0.3455
0.6072, 0.3455
0.6072, 0.3455
0.6072, 0.3455
0.6072, 0.3455
0.6072, 0.3455
0.6072, 0.3429
0.6072, 0.3429
0.6072, 0.3429
0.6072, 0.3429
0.6072, 0.3429
0.6072, 0.3429
0.6072, 0.3429
0.6072, 0.3429
0.6072, 0.3429
0.6072, 0.3429
0.6072, 0.3429
0.6072, 0.3429
0.6072, 0.3429
0.6031, 0.3403
0.6031, 0.3403
0.6031, 0.3403
0.6031, 0.3403
0.6031, 0.3403
0.6031, 0.3403
0.6031, 0.3403
0.6031, 0.3403
0.6031, 0.3403
0.6031, 0.3403
0.6031, 0.3403
0.6031, 0.3403
0.6031, 0.3403
0.6031, 0.3403
0.6031, 0.3403
0.6031, 0.3403
0.6031, 0.3403
0.6031, 0.3403
0.5988, 0.3403
0.5988, 0.3403
0.5988, 0.3403
0.5988, 0.3403
0.5988, 0.3377
0.5988, 0.3377
0.5988, 0.3377
0.5988, 0.3377
0.5988, 0.3377
0.5988, 0.3377
0.5988, 0.3377
0.5988, 0.3377
0.5988, 0.3351
0.5988, 0.3351
0.5988, 0.3351
0.5988, 0.3351
0.5988, 0.3351
0.5988, 0.3351
0.5988, 0.3351
0.5988, 0.3351
0.5988, 0.3351
0.5946, 0.3351
0.5946, 0.3351
0.5946, 0.3351
0.5946, 0.3351
0.5946, 0.3351
0.5946, 0.3351
0.5946, 0.3351
0.5946, 0.3351
0.5946, 0.3351
0.5946, 0.3351
0.5946, 0.3351
0.5946, 0.3351
0.5946, 0.3351
0.5946, 0.3325
0.5946, 0.3325
0.5946, 0.3325
0.5946, 0.3325
0.5946, 0.3325
0.5946, 0.3325
0.5946, 0.3325
0.5946, 0.3325
0.5946, 0.3325
0.5946, 0.3325
0.5946, 0.3325
0.5946, 0.3325
0.5946, 0.3325
0.5946, 0.3299
0.5946, 0.3299
0.5946, 0.3299
0.5946, 0.3299
0.5946, 0.3299
0.5946, 0.3299
0.5946, 0.3299
0.5946, 0.3299
0.5946, 0.3299
0.5946, 0.3299
0.5946, 0.3299
0.5946, 0.3299
0.5946, 0.3273
0.5946, 0.3273
0.5946, 0.3273
0.5946, 0.3273
0.5946, 0.3273
0.5946, 0.3273
0.5946, 0.3273
0.5946, 0.3273
0.5946, 0.3273
0.5946, 0.3273
0.5946, 0.3273
0.5946, 0.3273
0.5946, 0.3273
0.5946, 0.3273
0.5946, 0.3273
0.5946, 0.3273
0.5946, 0.3273
0.5946, 0.3247
0.5946, 0.3247
0.5946, 0.3247
0.5946, 0.3247
0.5904, 0.3247
0.5904, 0.3247
0.5904, 0.3247
0.5904, 0.3221
0.5904, 0.3221
0.5904, 0.3221
0.5904, 0.3221
0.5904, 0.3221
0.5904, 0.3221
0.5904, 0.3221
0.5904, 0.3221
0.5904, 0.3221
0.5904, 0.3221
0.5904, 0.3221
0.5904, 0.3221
0.5904, 0.3221
0.5904, 0.3221
0.5904, 0.3221
0.5904, 0.3221
0.5904, 0.3221
0.5904, 0.3221
0.5904, 0.3221
0.5904, 0.3221
0.5904, 0.3221
0.5862, 0.3195
0.5862, 0.3195
0.5862, 0.3195
0.5862, 0.3195
0.5862, 0.3195
0.5862, 0.3195
0.5862, 0.3195
0.5862, 0.3195
0.5862, 0.3195
0.5862, 0.3195
0.5862, 0.3195
0.5862, 0.3195
0.5862, 0.3195
0.5862, 0.3169
0.5862, 0.3169
0.5862, 0.3169
0.5862, 0.3169
0.5862, 0.3169
0.5862, 0.3169
0.5862, 0.3169
0.5862, 0.3169
0.5862, 0.3169
0.5862, 0.3169
0.5862, 0.3169
0.5862, 0.3169
0.5862, 0.3169
0.5862, 0.3169
0.5862, 0.3143
0.5862, 0.3143
0.5862, 0.3143
0.5862, 0.3143
0.5862, 0.3143
0.5862, 0.3143
0.5862, 0.3143
0.5862, 0.3143
0.5862, 0.3143
0.5862, 0.3143
0.5862, 0.3143
0.5862, 0.3143
0.5862, 0.3143
0.5862, 0.3143
0.5862, 0.3143
0.5862, 0.3143
0.5862, 0.3143
0.5862, 0.3143
0.5862, 0.3143
0.5862, 0.3143
0.5862, 0.3117
0.5862, 0.3117
0.5862, 0.3117
0.5862, 0.3117
0.5820, 0.3117
0.5820, 0.3117
0.5820, 0.3117
0.5820, 0.3117
0.5820, 0.3091
0.5820, 0.3091
0.5820, 0.3091
0.5820, 0.3091
0.5820, 0.3091
0.5820, 0.3091
0.5820, 0.3091
0.5820, 0.3091
0.5820, 0.3091
0.5820, 0.3091
0.5820, 0.3091
0.5820, 0.3091
0.5820, 0.3091
0.5778, 0.3091
0.5778, 0.3091
0.5778, 0.3091
0.5778, 0.3091
0.5778, 0.3091
0.5778, 0.3091
0.5778, 0.3091
0.5778, 0.3091
0.5778, 0.3065
0.5778, 0.3065
0.5778, 0.3065
0.5778, 0.3065
0.5736, 0.3065
0.5736, 0.3065
0.5736, 0.3065
0.5736, 0.3065
0.5736, 0.3039
0.5736, 0.3039
0.5736, 0.3039
0.5736, 0.3039
0.5736, 0.3039
0.5736, 0.3039
0.5736, 0.3039
0.5736, 0.3039
0.5736, 0.3039
0.5736, 0.3039
0.5736, 0.3039
0.5736, 0.3039
0.5736, 0.3039
0.5736, 0.3039
0.5736, 0.3039
0.5736, 0.3039
0.5736, 0.3013
0.5736, 0.3013
0.5736, 0.3013
0.5736, 0.3013
0.5736, 0.3013
0.5736, 0.3013
0.5736, 0.3013
0.5736, 0.3013
0.5736, 0.2987
0.5736, 0.2987
0.5736, 0.2987
0.5736, 0.2987
0.5694, 0.2987
0.5694, 0.2987
0.5694, 0.2987
0.5694, 0.2987
0.5694, 0.2987
0.5694, 0.2987
0.5694, 0.2987
0.5694, 0.2987
0.5694, 0.2961
0.5694, 0.2961
0.5694, 0.2961
0.5694, 0.2961
0.5694, 0.2961
0.5694, 0.2961
0.5694, 0.2961
0.5694, 0.2961
0.5694, 0.2961
0.5651, 0.2961
0.5651, 0.2961
0.5651, 0.2961
0.5651, 0.2961
0.5651, 0.2961
0.5651, 0.2961
0.5651, 0.2961
0.5651, 0.2961
0.5651, 0.2961
0.5651, 0.2961
0.5651, 0.2961
0.5651, 0.2961
0.5651, 0.2935
0.5651, 0.2935
0.5651, 0.2935
0.5651, 0.2935
0.5651, 0.2935
0.5651, 0.2935
0.5651, 0.2935
0.5651, 0.2935
0.5651, 0.2935
0.5651, 0.2935
0.5651, 0.2935
0.5651, 0.2935
0.5651, 0.2909
0.5651, 0.2909
0.5651, 0.2909
0.5651, 0.2909
0.5651, 0.2909
0.5651, 0.2909
0.5651, 0.2909
0.5651, 0.2909
0.5651, 0.2909
0.5651, 0.2909
0.5651, 0.2909
0.5651, 0.2909
0.5651, 0.2909
0.5651, 0.2909
0.5651, 0.2909
0.5651, 0.2909
0.5651, 0.2909
0.5610, 0.2909
0.5610, 0.2909
0.5610, 0.2909
0.5610, 0.2909
0.5610, 0.2883
0.5610, 0.2883
0.5610, 0.2883
0.5610, 0.2883
0.5610, 0.2883
0.5610, 0.2883
0.5610, 0.2883
0.5610, 0.2883
0.5610, 0.2883
0.5610, 0.2883
0.5610, 0.2883
0.5610, 0.2883
0.5568, 0.2857
0.5568, 0.2857
0.5568, 0.2857
0.5568, 0.2857
0.5568, 0.2857
0.5568, 0.2857
0.5568, 0.2857
0.5568, 0.2831
0.5568, 0.2831
0.5568, 0.2831
0.5568, 0.2831
0.5568, 0.2831
0.5568, 0.2831
0.5568, 0.2831
0.5568, 0.2831
0.5568, 0.2831
0.5568, 0.2831
0.5568, 0.2831
0.5568, 0.2831
0.5568, 0.2831
0.5526, 0.2831
0.5526, 0.2831
0.5526, 0.2831
0.5526, 0.2805
0.5526, 0.2805
0.5526, 0.2805
0.5526, 0.2805
0.5526, 0.2805
0.5526, 0.2805
0.5526, 0.2805
0.5526, 0.2805
0.5526, 0.2779
0.5526, 0.2779
0.5526, 0.2779
0.5526, 0.2779
0.5526, 0.2779
0.5526, 0.2779
0.5526, 0.2779
0.5526, 0.2779
0.5526, 0.2779
0.5526, 0.2779
0.5526, 0.2779
0.5526, 0.2779
0.5526, 0.2779
0.5526, 0.2779
0.5526, 0.2779
0.5526, 0.2779
0.5526, 0.2779
0.5526, 0.2779
0.5526, 0.2779
0.5526, 0.2779
0.5526, 0.2753
0.5526, 0.2753
0.5526, 0.2753
0.5526, 0.2753
0.5526, 0.2753
0.5526, 0.2753
0.5526, 0.2753
0.5526, 0.2753
0.5526, 0.2753
0.5526, 0.2753
0.5526, 0.2753
0.5526, 0.2753
0.5483, 0.2727
0.5483, 0.2727
0.5483, 0.2727
0.5483, 0.2727
0.5483, 0.2727
0.5483, 0.2727
0.5483, 0.2727
0.5483, 0.2727
0.5483, 0.2701
0.5483, 0.2701
0.5483, 0.2701
0.5483, 0.2701
0.5483, 0.2701
0.5483, 0.2701
0.5483, 0.2701
0.5483, 0.2701
0.5483, 0.2701
0.5483, 0.2701
0.5483, 0.2701
0.5483, 0.2701
0.5483, 0.2701
0.5483, 0.2701
0.5483, 0.2701
0.5483, 0.2701
0.5483, 0.2675
0.5483, 0.2675
0.5483, 0.2675
0.5483, 0.2675
0.5483, 0.2675
0.5483, 0.2675
0.5483, 0.2675
0.5483, 0.2675
0.5483, 0.2649
0.5483, 0.2649
0.5483, 0.2649
0.5483, 0.2649
0.5483, 0.2649
0.5483, 0.2649
0.5483, 0.2649
0.5483, 0.2649
0.5483, 0.2649
0.5483, 0.2649
0.5483, 0.2649
0.5483, 0.2649
0.5483, 0.2649
0.5483, 0.2649
0.5483, 0.2649
0.5483, 0.2649
0.5483, 0.2649
0.5483, 0.2649
0.5483, 0.2649
0.5483, 0.2649
0.5483, 0.2623
0.5483, 0.2623
0.5483, 0.2623
0.5483, 0.2623
0.5483, 0.2623
0.5483, 0.2623
0.5483, 0.2623
0.5483, 0.2623
0.5483, 0.2623
0.5483, 0.2623
0.5483, 0.2623
0.5483, 0.2623
0.5483, 0.2597
0.5483, 0.2597
0.5483, 0.2597
0.5483, 0.2597
0.5483, 0.2597
0.5483, 0.2597
0.5483, 0.2597
0.5483, 0.2597
0.5483, 0.2571
0.5483, 0.2571
0.5483, 0.2571
0.5483, 0.2571
0.5483, 0.2571
0.5483, 0.2571
0.5483, 0.2571
0.5483, 0.2571
0.5483, 0.2571
0.5483, 0.2571
0.5483, 0.2571
0.5483, 0.2571
0.5483, 0.2571
0.5483, 0.2571
0.5483, 0.2571
0.5483, 0.2571
0.5483, 0.2545
0.5483, 0.2545
0.5483, 0.2545
0.5483, 0.2545
0.5483, 0.2545
0.5483, 0.2545
0.5483, 0.2545
0.5483, 0.2545
0.5483, 0.2545
0.5483, 0.2545
0.5483, 0.2545
0.5483, 0.2519
0.5483, 0.2519
0.5483, 0.2519
0.5483, 0.2519
0.5483, 0.2519
0.5483, 0.2519
0.5483, 0.2519
0.5483, 0.2519
0.5483, 0.2519
0.5483, 0.2519
0.5483, 0.2519
0.5483, 0.2519
0.5483, 0.2519
0.5483, 0.2519
0.5483, 0.2519
0.5483, 0.2519
0.5483, 0.2519
0.5483, 0.2519
0.5483, 0.2519
0.5483, 0.2494
0.5483, 0.2494
0.5483, 0.2494
0.5483, 0.2494
0.5483, 0.2494
0.5483, 0.2494
0.5483, 0.2494
0.5483, 0.2494
0.5483, 0.2494
0.5483, 0.2494
0.5483, 0.2494
0.5441, 0.2468
0.5441, 0.2468
0.5441, 0.2468
0.5441, 0.2468
0.5441, 0.2468
0.5441, 0.2468
0.5441, 0.2468
0.5441, 0.2468
0.5441, 0.2468
0.5441, 0.2468
0.5441, 0.2468
0.5441, 0.2468
0.5441, 0.2442
0.5441, 0.2442
0.5441, 0.2442
0.5441, 0.2442
0.5441, 0.2442
0.5441, 0.2442
0.5441, 0.2442
0.5441, 0.2442
0.5441, 0.2442
0.5441, 0.2442
0.5441, 0.2442
0.5441, 0.2442
0.5441, 0.2442
0.5441, 0.2442
0.5441, 0.2442
0.5441, 0.2442
0.5441, 0.2442
0.5441, 0.2442
0.5441, 0.2442
0.5441, 0.2442
0.5441, 0.2442
0.5441, 0.2442
0.5441, 0.2442
0.5441, 0.2442
0.5441, 0.2442
0.5441, 0.2442
0.5441, 0.2442
0.5441, 0.2442
0.5441, 0.2442
0.5441, 0.2442
0.5441, 0.2442
0.5441, 0.2442
0.5441, 0.2442
0.5441, 0.2442
0.5441, 0.2442
0.5441, 0.2442
0.5441, 0.2416
0.5441, 0.2416
0.5441, 0.2416
0.5441, 0.2416
0.5441, 0.2416
0.5441, 0.2416
0.5441, 0.2416
0.5441, 0.2416
0.5441, 0.2416
0.5441, 0.2416
0.5441, 0.2416
0.5441, 0.2416
0.5441, 0.2416
0.5441, 0.2416
0.5441, 0.2416
0.5441, 0.2390
0.5441, 0.2390
0.5441, 0.2390
0.5441, 0.2390
0.5441, 0.2390
0.5441, 0.2390
0.5441, 0.2390
0.5441, 0.2390
0.5441, 0.2390
0.5441, 0.2390
0.5441, 0.2390
0.5441, 0.2390
0.5441, 0.2390
0.5441, 0.2390
0.5441, 0.2390
0.5441, 0.2390
0.5441, 0.2390
0.5441, 0.2390
0.5441, 0.2390
0.5441, 0.2390
0.5441, 0.2390
0.5441, 0.2390
0.5441, 0.2390
0.5441, 0.2390
0.5441, 0.2390
0.5441, 0.2364
0.5441, 0.2364
0.5441, 0.2364
0.5441, 0.2364
0.5441, 0.2364
0.5441, 0.2364
0.5441, 0.2364
0.5441, 0.2364
0.5441, 0.2364
0.5441, 0.2364
0.5441, 0.2364
0.5441, 0.2364
0.5441, 0.2364
0.5441, 0.2364
0.5441, 0.2338
0.5441, 0.2338
0.5441, 0.2338
0.5441, 0.2338
0.5441, 0.2338
0.5441, 0.2338
0.5441, 0.2338
0.5441, 0.2338
0.5441, 0.2338
0.5441, 0.2338
0.5441, 0.2338
0.5441, 0.2312
0.5441, 0.2312
0.5441, 0.2312
0.5441, 0.2312
0.5441, 0.2312
0.5441, 0.2312
0.5441, 0.2312
0.5441, 0.2312
0.5441, 0.2312
0.5441, 0.2312
0.5441, 0.2312
0.5441, 0.2312
0.5441, 0.2312
0.5441, 0.2312
0.5441, 0.2312
0.5441, 0.2312
0.5441, 0.2312
0.5441, 0.2312
0.5441, 0.2312
0.5441, 0.2312
0.5441, 0.2312
0.5441, 0.2312
0.5441, 0.2286
0.5441, 0.2286
0.5441, 0.2286
0.5441, 0.2286
0.5441, 0.2286
0.5441, 0.2286
0.5441, 0.2260
0.5441, 0.2260
0.5441, 0.2260
0.5441, 0.2260
0.5441, 0.2260
0.5441, 0.2260
0.5441, 0.2260
0.5441, 0.2260
0.5441, 0.2260
0.5441, 0.2260
0.5441, 0.2260
0.5441, 0.2234
0.5441, 0.2234
0.5441, 0.2234
0.5441, 0.2234
0.5441, 0.2234
0.5441, 0.2234
0.5483, 0.2208
0.5483, 0.2208
0.5483, 0.2208
0.5483, 0.2208
0.5483, 0.2208
0.5483, 0.2208
0.5483, 0.2208
0.5483, 0.2208
0.5483, 0.2208
0.5483, 0.2208
0.5483, 0.2208
0.5483, 0.2182
0.5483, 0.2182
0.5526, 0.2182
0.5526, 0.2182
0.5526, 0.2182
0.5526, 0.2182
0.5526, 0.2182
0.5526, 0.2182
0.5526, 0.2156
0.5526, 0.2156
0.5526, 0.2156
0.5568, 0.2156
0.5568, 0.2156
0.5568, 0.2130
0.5568, 0.2130
0.5568, 0.2130
0.5568, 0.2130
0.5568, 0.2130
0.5568, 0.2130
0.5610, 0.2130
0.5610, 0.2130
0.5610, 0.2130
0.5610, 0.2130
0.5610, 0.2130
0.5610, 0.2130
0.5610, 0.2130
0.5610, 0.2130
0.5610, 0.2130
0.5610, 0.2130
0.5610, 0.2130
0.5651, 0.2104
0.5651, 0.2104
0.5651, 0.2104
0.5651, 0.2104
0.5651, 0.2104
0.5651, 0.2104
0.5694, 0.2104
0.5694, 0.2104
0.5694, 0.2078
0.5694, 0.2078
0.5694, 0.2078
0.5694, 0.2078
0.5694, 0.2078
0.5694, 0.2078
0.5694, 0.2078
0.5694, 0.2078
0.5694, 0.2078
0.5694, 0.2078
0.5694, 0.2078
0.5694, 0.2078
0.5736, 0.2078
0.5736, 0.2078
0.5736, 0.2078
0.5736, 0.2078
0.5736, 0.2078
0.5736, 0.2078
0.5736, 0.2078
0.5736, 0.2078
0.5778, 0.2078
0.5778, 0.2078
0.5778, 0.2078
0.5778, 0.2078
0.5778, 0.2078
0.5778, 0.2078
0.5778, 0.2078
0.5778, 0.2078
0.5778, 0.2078
0.5820, 0.2052
0.5820, 0.2052
0.5820, 0.2052
0.5820, 0.2052
0.5820, 0.2052
0.5820, 0.2052
0.5820, 0.2052
0.5820, 0.2052
0.5820, 0.2052
0.5820, 0.2052
0.5820, 0.2052
0.5820, 0.2026
0.5820, 0.2026
0.5820, 0.2026
0.5862, 0.2026
0.5862, 0.2026
0.5862, 0.2026
0.5862, 0.2026
0.5862, 0.2026
0.5862, 0.2026
0.5862, 0.2026
0.5862, 0.2026
0.5862, 0.2026
0.5862, 0.2026
0.5862, 0.2026
0.5862, 0.2026
0.5862, 0.2026
0.5862, 0.2026
0.5862, 0.2026
0.5862, 0.2026
0.5862, 0.2026
0.5904, 0.2026
0.5904, 0.2026
0.5904, 0.2026
0.5904, 0.2026
0.5904, 0.2026
0.5904, 0.2026
0.5904, 0.2026
0.5904, 0.2026
0.5904, 0.2026
0.5904, 0.2026
0.5904, 0.2026
0.5904, 0.2026
0.5904, 0.2026
0.5904, 0.2026
0.5946, 0.2026
0.5946, 0.2026
0.5946, 0.2026
0.5946, 0.2026
0.5946, 0.2026
0.5946, 0.2026
0.5946, 0.2026
0.5946, 0.2026
0.5946, 0.2026
0.5946, 0.2026
0.5946, 0.2026
0.5946, 0.2026
0.5946, 0.2026
0.5946, 0.2026
0.5946, 0.2026
0.5946, 0.2026
0.5946, 0.2026
0.5946, 0.2026
0.5946, 0.2026
0.5946, 0.2026
0.5988, 0.2026
0.5988, 0.2026
0.5988, 0.2026
0.5988, 0.2026
0.5988, 0.2026
0.5988, 0.2026
0.5988, 0.2026
0.5988, 0.2026
0.5988, 0.2026
0.5988, 0.2026
0.5988, 0.2026
0.6031, 0.2000
0.6031, 0.2000
0.6031, 0.2000
0.6031, 0.2000
0.6031, 0.2000
0.6031, 0.2000
0.6031, 0.2000
0.6031, 0.2000
0.6031, 0.2000
0.6031, 0.2000
0.6031, 0.2000
0.6031, 0.2000
0.6031, 0.2000
0.6031, 0.2000
0.6072, 0.2000
0.6072, 0.2000
0.6072, 0.2000
0.6072, 0.2000
0.6072, 0.2000
0.6072, 0.2000
0.6072, 0.2000
0.6072, 0.2000
0.6072, 0.2000
0.6114, 0.2000
0.6114, 0.2000
0.6114, 0.2000
0.6114, 0.2000
0.6114, 0.2000
0.6114, 0.2000
0.6114, 0.2000
0.6114, 0.2000
0.6114, 0.2000
0.6114, 0.2000
0.6114, 0.2000
0.6156, 0.2000
0.6156, 0.2000
0.6156, 0.2000
0.6156, 0.2000
0.6156, 0.2000
0.6199, 0.2000
0.6199, 0.2000
0.6199, 0.2000
0.6199, 0.1974
0.6199, 0.1974
0.6199, 0.1974
0.6199, 0.1974
0.6199, 0.1974
0.6241, 0.1974
0.6241, 0.1974
0.6241, 0.1974
0.6241, 0.1974
0.6241, 0.1974
0.6241, 0.1974
0.6241, 0.1974
0.6241, 0.1974
0.6241, 0.1974
0.6241, 0.1974
0.6241, 0.1974
0.6241, 0.1974
0.6241, 0.1974
0.6241, 0.1974
0.6241, 0.1974
0.6241, 0.1974
0.6241, 0.1974
0.6241, 0.1974
0.6241, 0.1974
0.6241, 0.1974
0.6241, 0.1948
0.6241, 0.1948
0.6241, 0.1948
0.6241, 0.1948
0.6241, 0.1948
0.6241, 0.1948
0.6241, 0.1948
0.6241, 0.1948
0.6283, 0.1948
0.6283, 0.1948
0.6283, 0.1948
0.6283, 0.1948
0.6283, 0.1948
0.6283, 0.1948
0.6283, 0.1948
0.6283, 0.1948
0.6283, 0.1948
0.6283, 0.1948
0.6283, 0.1948
0.6283, 0.1948
0.6283, 0.1948
0.6283, 0.1948
0.6283, 0.1948
0.6283, 0.1948
0.6283, 0.1948
0.6283, 0.1948
0.6283, 0.1948
0.6283, 0.1948
0.6324, 0.1948
0.6324, 0.1948
0.6324, 0.1948
0.6324, 0.1948
0.6324, 0.1948
0.6324, 0.1948
0.6324, 0.1948
0.6324, 0.1948
0.6324, 0.1948
0.6324, 0.1948
0.6324, 0.1948
0.6324, 0.1948
0.6324, 0.1948
0.6324, 0.1948
0.6324, 0.1922
0.6324, 0.1922
0.6324, 0.1922
0.6324, 0.1922
0.6324, 0.1922
0.6324, 0.1922
0.6324, 0.1922
0.6324, 0.1922
0.6324, 0.1922
0.6324, 0.1922
0.6324, 0.1922
0.6324, 0.1896
0.6324, 0.1896
0.6324, 0.1896
0.6324, 0.1896
0.6324, 0.1896
0.6324, 0.1870
0.6324, 0.1870
0.6324, 0.1870
0.6324, 0.1870
0.6324, 0.1870
0.6324, 0.1870
0.6324, 0.1870
0.6324, 0.1870
0.6324, 0.1870
0.6324, 0.1870
0.6324, 0.1870
0.6324, 0.1870
0.6324, 0.1870
0.6324, 0.1870
0.6324, 0.1870
0.6324, 0.1870
0.6324, 0.1870
0.6324, 0.1870
0.6324, 0.1870
0.6324, 0.1844
0.6324, 0.1844
0.6324, 0.1844
0.6324, 0.1844
0.6324, 0.1844
0.6324, 0.1818
0.6324, 0.1818
0.6324, 0.1818
0.6324, 0.1818
0.6324, 0.1818
0.6324, 0.1818
0.6324, 0.1818
0.6324, 0.1818
0.6324, 0.1818
0.6324, 0.1818
0.6324, 0.1818
0.6324, 0.1818
0.6324, 0.1818
0.6324, 0.1818
0.6324, 0.1792
0.6324, 0.1792
0.6324, 0.1792
0.6324, 0.1792
0.6324, 0.1792
0.6324, 0.1792
0.6324, 0.1792
0.6324, 0.1792
0.6324, 0.1766
0.6324, 0.1766
0.6324, 0.1766
0.6283, 0.1766
0.6283, 0.1766
0.6283, 0.1766
0.6283, 0.1766
0.6283, 0.1766
0.6283, 0.1766
0.6283, 0.1766
0.6283, 0.1766
0.6283, 0.1766
0.6283, 0.1766
0.6283, 0.1766
0.6283, 0.1766
0.6283, 0.1766
0.6283, 0.1766
0.6283, 0.1766
0.6283, 0.1766
0.6283, 0.1740
0.6283, 0.1740
0.6283, 0.1740
0.6283, 0.1740
0.6283, 0.1740
0.6283, 0.1740
0.6283, 0.1740
0.6283, 0.1740
0.6241, 0.1740
0.6241, 0.1740
0.6241, 0.1740
0.6241, 0.1740
0.6241, 0.1740
0.6199, 0.1740
0.6199, 0.1740
0.6199, 0.1740
0.6199, 0.1740
0.6199, 0.1740
0.6199, 0.1740
0.6156, 0.1740
0.6156, 0.1740
0.6156, 0.1714
0.6156, 0.1714
0.6156, 0.1714
0.6156, 0.1714
0.6156, 0.1714
0.6156, 0.1714
0.6156, 0.1714
0.6156, 0.1714
0.6114, 0.1714
0.6114, 0.1714
0.6114, 0.1714
0.6114, 0.1688
0.6114, 0.1688
0.6072, 0.1688
0.6072, 0.1688
0.6072, 0.1688
0.6072, 0.1688
0.6072, 0.1688
0.6072, 0.1688
0.6072, 0.1688
0.6072, 0.1688
0.6072, 0.1688
0.6072, 0.1688
0.6072, 0.1688
0.6031, 0.1688
0.6031, 0.1688
0.6031, 0.1688
0.6031, 0.1688
0.6031, 0.1688
0.6031, 0.1688
0.6031, 0.1688
0.6031, 0.1688
0.5988, 0.1688
0.5988, 0.1688
0.5988, 0.1688
0.5988, 0.1688
0.5988, 0.1688
0.5946, 0.1688
0.5946, 0.1688
0.5946, 0.1688
0.5946, 0.1662
0.5946, 0.1662
0.5946, 0.1662
0.5946, 0.1662
0.5946, 0.1662
0.5946, 0.1662
0.5946, 0.1662
0.5946, 0.1662
0.5946, 0.1662
0.5946, 0.1662
0.5946, 0.1662
0.5946, 0.1662
0.5946, 0.1662
0.5904, 0.1662
0.5904, 0.1662
0.5904, 0.1662
0.5904, 0.1636
0.5904, 0.1636
0.5862, 0.1636
0.5862, 0.1636
0.5862, 0.1636
0.5862, 0.1636
0.5862, 0.1636
0.5862, 0.1636
0.5862, 0.1636
0.5862, 0.1636
0.5862, 0.1636
0.5862, 0.1636
0.5862, 0.1636
0.5862, 0.1610
0.5862, 0.1610
0.5862, 0.1610
0.5862, 0.1610
0.5862, 0.1610
0.5862, 0.1610
0.5820, 0.1610
0.5820, 0.1610
0.5820, 0.1610
0.5820, 0.1610
0.5820, 0.1610
0.5778, 0.1610
0.5778, 0.1610
0.5778, 0.1610
0.5778, 0.1610
0.5778, 0.1610
0.5736, 0.1610
0.5736, 0.1610
0.5736, 0.1584
0.5736, 0.1584
0.5736, 0.1584
0.5736, 0.1584
0.5736, 0.1584
0.5736, 0.1584
0.5736, 0.1584
0.5736, 0.1584
0.5694, 0.1584
0.5694, 0.1584
0.5694, 0.1584
0.5694, 0.1558
0.5694, 0.1558
0.5694, 0.1558
0.5694, 0.1558
0.5694, 0.1558
0.5651, 0.1558
0.5651, 0.1558
0.5651, 0.1558
0.5651, 0.1558
0.5651, 0.1558
0.5651, 0.1558
0.5651, 0.1558
0.5651, 0.1558
0.5651, 0.1558
0.5651, 0.1558
0.5651, 0.1558
0.5651, 0.1558
0.5651, 0.1558
0.5651, 0.1558
0.5651, 0.1558
0.5651, 0.1558
0.5610, 0.1532
0.5610, 0.1532
0.5610, 0.1532
0.5610, 0.1532
0.5610, 0.1532
0.5568, 0.1532
0.5568, 0.1532
0.5568, 0.1506
0.5568, 0.1506
0.5568, 0.1506
0.5568, 0.1506
0.5568, 0.1506
0.5526, 0.1506
0.5526, 0.1506
0.5526, 0.1506
0.5526, 0.1481
0.5526, 0.1481
0.5526, 0.1481
0.5526, 0.1481
0.5526, 0.1481
0.5526, 0.1481
0.5526, 0.1481
0.5526, 0.1481
0.5526, 0.1481
0.5526, 0.1481
0.5526, 0.1481
0.5526, 0.1481
0.5526, 0.1481
0.5483, 0.1481
0.5483, 0.1481
0.5483, 0.1481
0.5483, 0.1481
0.5483, 0.1481
0.5483, 0.1455
0.5483, 0.1455
0.5483, 0.1455
0.5483, 0.1455
0.5483, 0.1455
0.5483, 0.1455
0.5441, 0.1455
0.5441, 0.1455
0.5441, 0.1429
0.5441, 0.1429
0.5441, 0.1429
0.5441, 0.1429
0.5441, 0.1429
0.5441, 0.1429
0.5441, 0.1429
0.5441, 0.1429
0.5441, 0.1429
0.5441, 0.1429
0.5441, 0.1429
0.5441, 0.1429
0.5441, 0.1429
0.5400, 0.1429
0.5400, 0.1429
0.5400, 0.1429
0.5400, 0.1429
0.5400, 0.1429
0.5400, 0.1429
0.5400, 0.1429
0.5400, 0.1429
0.5400, 0.1403
0.5400, 0.1403
0.5358, 0.1403
0.5358, 0.1403
0.5358, 0.1403
0.5358, 0.1403
0.5358, 0.1403
0.5358, 0.1377
0.5358, 0.1377
0.5358, 0.1377
0.5358, 0.1377
0.5358, 0.1377
0.5358, 0.1377
0.5358, 0.1377
0.5358, 0.1377
0.5358, 0.1377
0.5358, 0.1377
0.5358, 0.1377
0.5358, 0.1377
0.5358, 0.1377
0.5358, 0.1377
0.5358, 0.1377
0.5358, 0.1377
0.5358, 0.1377
0.5315, 0.1377
0.5315, 0.1377
0.5315, 0.1377
0.5315, 0.1377
0.5315, 0.1351
0.5315, 0.1351
0.5315, 0.1351
0.5315, 0.1351
0.5315, 0.1351
0.5315, 0.1351
0.5315, 0.1351
0.5315, 0.1351
0.5315, 0.1351
0.5315, 0.1351
0.5315, 0.1351
0.5315, 0.1325
0.5315, 0.1325
0.5315, 0.1325
0.5315, 0.1325
0.5315, 0.1325
0.5315, 0.1325
0.5315, 0.1325
0.5315, 0.1325
0.5315, 0.1299
0.5315, 0.1299
0.5315, 0.1299
0.5315, 0.1299
0.5315, 0.1299
0.5315, 0.1299
0.5315, 0.1299
0.5315, 0.1299
0.5315, 0.1299
0.5315, 0.1299
0.5315, 0.1273
0.5315, 0.1273
0.5315, 0.1273
0.5315, 0.1273
0.5315, 0.1247
0.5315, 0.1247
0.5315, 0.1247
0.5358, 0.1247
0.5358, 0.1247
0.5358, 0.1247
0.5358, 0.1247
0.5400, 0.1247
0.5400, 0.1247
0.5400, 0.1247
0.5400, 0.1221
0.5400, 0.1221
0.5400, 0.1221
0.5400, 0.1221
0.5400, 0.1221
0.5400, 0.1221
0.5400, 0.1221
0.5400, 0.1221
0.5400, 0.1195
0.5400, 0.1195
0.5441, 0.1195
0.5441, 0.1195
0.5441, 0.1195
0.5441, 0.1195
0.5441, 0.1195
0.5483, 0.1195
0.5483, 0.1195
0.5483, 0.1195
0.5483, 0.1195
0.5483, 0.1169
0.5483, 0.1169
0.5483, 0.1169
0.5483, 0.1169
0.5483, 0.1169
0.5526, 0.1169
0.5526, 0.1169
0.5526, 0.1169
0.5568, 0.1169
0.5568, 0.1169
0.5568, 0.1169
0.5568, 0.1169
0.5568, 0.1169
0.5610, 0.1169
0.5610, 0.1169
0.5610, 0.1169
0.5610, 0.1169
0.5610, 0.1169
0.5651, 0.1143
0.5651, 0.1143
0.5651, 0.1143
0.5694, 0.1143
0.5694, 0.1143
0.5694, 0.1143
0.5694, 0.1143
0.5694, 0.1143
0.5736, 0.1117
0.5736, 0.1117
0.5778, 0.1117
0.5778, 0.1117
0.5778, 0.1117
0.5778, 0.1117
0.5778, 0.1117
0.5820, 0.1117
0.5820, 0.1117
0.5820, 0.1117
0.5820, 0.1117
0.5820, 0.1117
0.5820, 0.1117
0.5820, 0.1117
0.5820, 0.1117
0.5820, 0.1117
0.5820, 0.1117
0.5820, 0.1117
0.5820, 0.1117
0.5820, 0.1117
0.5820, 0.1117
0.5820, 0.1117
0.5862, 0.1117
0.5862, 0.1117
0.5862, 0.1117
0.5862, 0.1117
0.5862, 0.1117
0.5904, 0.1117
0.5904, 0.1117
0.5904, 0.1091
0.5904, 0.1091
0.5904, 0.1091
0.5946, 0.1091
0.5946, 0.1091
0.5988, 0.1091
0.5988, 0.1091
0.6031, 0.1065
0.6031, 0.1065
0.6031, 0.1065
0.6031, 0.1065
0.6031, 0.1065
0.6072, 0.1065
0.6072, 0.1065
0.6072, 0.1065
0.6072, 0.1065
0.6072, 0.1065
0.6114, 0.1039
0.6114, 0.1039
0.6114, 0.1039
0.6114, 0.1039
0.6114, 0.1039
0.6114, 0.1039
0.6114, 0.1039
0.6114, 0.1039
0.6114, 0.1039
0.6114, 0.1039
0.6156, 0.1039
0.6156, 0.1039
0.6156, 0.1039
0.6156, 0.1039
0.6156, 0.1039
0.6156, 0.1039
0.6199, 0.1039
0.6199, 0.1039
0.6241, 0.1013
0.6241, 0.1013
0.6241, 0.1013
0.6241, 0.1013
0.6241, 0.1013
0.6241, 0.1013
0.6241, 0.1013
0.6241, 0.0987
0.6241, 0.0987
0.6241, 0.0987
0.6283, 0.0987
0.6283, 0.0987
0.6283, 0.0987
0.6283, 0.0987
0.6283, 0.0987
0.6324, 0.0987
0.6324, 0.0987
0.6324, 0.0987
0.6324, 0.0987
0.6324, 0.0987
0.6324, 0.0987
0.6324, 0.0987
0.6324, 0.0987
0.6324, 0.0987
0.6324, 0.0987
0.6324, 0.0987
0.6324, 0.0987
0.6324, 0.0987
0.6324, 0.0987
0.6324, 0.0987
0.6324, 0.0987
0.6324, 0.0987
0.6324, 0.0987
0.6324, 0.0987
0.6324, 0.0987
0.6367, 0.0987
0.6367, 0.0987
0.6367, 0.0987
0.6367, 0.0961
0.6367, 0.0961
0.6367, 0.0961
0.6367, 0.0961
0.6367, 0.0961
0.6409, 0.0961
0.6409, 0.0961
0.6409, 0.0961
0.6409, 0.0961
0.6451, 0.0961
0.6451, 0.0961
0.6451, 0.0961
0.6451, 0.0935
0.6451, 0.0935
0.6451, 0.0935
0.6451, 0.0935
0.6451, 0.0935
0.6451, 0.0935
0.6451, 0.0935
0.6451, 0.0935
0.6451, 0.0935
0.6451, 0.0935
0.6451, 0.0935
0.6451, 0.0935
0.6451, 0.0935
0.6451, 0.0935
0.6451, 0.0935
0.6451, 0.0935
0.6451, 0.0935
0.6451, 0.0909
0.6451, 0.0909
0.6451, 0.0909
0.6451, 0.0909
0.6451, 0.0909
0.6451, 0.0909
0.6451, 0.0909
0.6451, 0.0909
0.6451, 0.0909
0.6451, 0.0909
0.6451, 0.0909
0.6451, 0.0909
0.6451, 0.0909
0.6451, 0.0909
0.6451, 0.0909
0.6493, 0.0909
0.6493, 0.0909
0.6493, 0.0909
0.6493, 0.0909
0.6493, 0.0909
0.6493, 0.0909
0.6493, 0.0909
0.6493, 0.0909
0.6493, 0.0909
0.6493, 0.0909
0.6493, 0.0909
0.6493, 0.0909
0.6493, 0.0909
0.6493, 0.0909
0.6493, 0.0909
0.6493, 0.0909
0.6493, 0.0909
0.6493, 0.0909
0.6493, 0.0909
0.6493, 0.0909
0.6493, 0.0909
0.6493, 0.0883
0.6493, 0.0883
0.6493, 0.0883
0.6493, 0.0883
0.6493, 0.0883
0.6493, 0.0883
0.6493, 0.0883
0.6493, 0.0857
0.6493, 0.0857
0.6493, 0.0857
0.6493, 0.0857
0.6493, 0.0857
0.6493, 0.0857
0.6493, 0.0857
0.6493, 0.0831
0.6493, 0.0831
0.6493, 0.0831
0.6493, 0.0831
0.6493, 0.0831
0.6493, 0.0831
0.6493, 0.0831
0.6493, 0.0831
0.6493, 0.0805
0.6493, 0.0805
0.6493, 0.0805
0.6493, 0.0805
0.6493, 0.0805
0.6493, 0.0779
0.6493, 0.0779
0.6451, 0.0779
0.6451, 0.0779
0.6451, 0.0779
0.6451, 0.0779
0.6451, 0.0779
0.6451, 0.0779
0.6451, 0.0779
0.6409, 0.0753
0.6409, 0.0753
0.6409, 0.0753
0.6409, 0.0753
0.6409, 0.0753
0.6367, 0.0727
0.6367, 0.0727
0.6367, 0.0727
0.6367, 0.0727
0.6367, 0.0727
0.6367, 0.0727
0.6367, 0.0727
0.6367, 0.0727
0.6367, 0.0727
0.6367, 0.0727
0.6324, 0.0701
0.6324, 0.0701
0.6324, 0.0701
0.6324, 0.0701
0.6283, 0.0675
0.6283, 0.0675
0.6283, 0.0675
0.6283, 0.0675
0.6283, 0.0675
0.6283, 0.0649
0.6283, 0.0649
0.6283, 0.0649
0.6283, 0.0649
0.6283, 0.0649
0.6283, 0.0649
0.6283, 0.0649
0.6283, 0.0649
0.6241, 0.0649
0.6241, 0.0649
0.6241, 0.0649
0.6241, 0.0649
0.6199, 0.0649
0.6199, 0.0649
0.6199, 0.0623
0.6199, 0.0623
0.6199, 0.0623
0.6199, 0.0623
0.6199, 0.0623
0.6156, 0.0597
0.6156, 0.0597
0.6156, 0.0597
0.6156, 0.0597
0.6156, 0.0597
0.6156, 0.0597
0.6156, 0.0597
0.6156, 0.0597
0.6156, 0.0597
0.6156, 0.0597
0.6114, 0.0571
0.6114, 0.0571
0.6114, 0.0571
0.6114, 0.0571
0.6072, 0.0545
0.6072, 0.0545
0.6072, 0.0545
0.6072, 0.0545
0.6072, 0.0545
0.6072, 0.0545
0.6072, 0.0545
0.6031, 0.0519
0.6031, 0.0519
0.5988, 0.0494
0.5988, 0.0494
0.5988, 0.0468
0.5988, 0.0468
0.5988, 0.0468
0.5946, 0.0468
0.5946, 0.0468
0.5946, 0.0468
0.5946, 0.0468
0.5946, 0.0442
0.5946, 0.0442
0.5946, 0.0442
0.5946, 0.0442
0.5946, 0.0442
0.5904, 0.0416
0.5904, 0.0416
0.5904, 0.0416
0.5904, 0.0416
0.5904, 0.0416
0.5904, 0.0416
0.5904, 0.0416
0.5862, 0.0416
0.5862, 0.0416
0.5862, 0.0416
0.5862, 0.0416
0.5862, 0.0416
0.5862, 0.0390
0.5862, 0.0390
0.5820, 0.0390
0.5820, 0.0390
0.5820, 0.0364
0.5820, 0.0364
0.5820, 0.0364
0.5778, 0.0364
0.5778, 0.0364
0.5736, 0.0338
0.5736, 0.0338
0.5736, 0.0338
0.5736, 0.0338
0.5736, 0.0338
0.5736, 0.0338
0.5736, 0.0338
0.5694, 0.0338
0.5694, 0.0338
0.5694, 0.0338
0.5651, 0.0312
0.5651, 0.0312
0.5651, 0.0312
0.5651, 0.0312
0.5651, 0.0286
0.5651, 0.0286
0.5610, 0.0286
0.5610, 0.0286
0.5610, 0.0286
0.5568, 0.0286
0.5568, 0.0286
0.5568, 0.0286
0.5568, 0.0286
0.5526, 0.0286
0.5526, 0.0286
0.5526, 0.0286
0.5526, 0.0260
0.5526, 0.0260
0.5526, 0.0260
0.5526, 0.0260
0.5483, 0.0234
0.5483, 0.0234
0.5483, 0.0234
0.5441, 0.0234
0.5441, 0.0234
0.5441, 0.0208
0.5441, 0.0208
0.5441, 0.0208
0.5441, 0.0208
0.5400, 0.0208
0.5400, 0.0208
0.5400, 0.0208
0.5315, 0.0182
0.5315, 0.0182
0.5315, 0.0182
0.5315, 0.0182
0.5273, 0.0156
0.5273, 0.0156
0.5273, 0.0156
0.5231, 0.0156
0.5231, 0.0156
0.5190, 0.0156
0.5190, 0.0156
0.5190, 0.0130
0.5190, 0.0130
0.5147, 0.0104
0.5147, 0.0104
0.5147, 0.0104
0.5105, 0.0104
0.5105, 0.0104
0.5105, 0.0078
0.5105, 0.0078
0.5105, 0.0078
0.5105, 0.0078
0.5105, 0.0078
0.5063, 0.0078
0.5063, 0.0078
0.5021, 0.0052
0.5021, 0.0052
0.5021, 0.0026
0.5021, 0.0026
0.5021, 0.0026
0.5021, 0.0026
0.5021, 0.0026
0.4979, 0.0026
0.4979, 0.0026
0.4979, 0.0026
0.4979, 0.0026
0.4979, 0.0026
0.4979, 0.0026
0.4979, 0.0026
0.4937, 0.0026
0.4937, 0.0026
0.4937, 0.0026
0.4937, 0.0026
0.4937, 0.0026
0.4937, 0.0026
0.4937, 0.0026
0.4937, 0.0000
0.4937, 0.0000
0.4937, 0.0000
0.4937, 0.0000
0.4937, 0.0000
0.4937, 0.0000
0.4937, 0.0000
0.4937, 0.0000
0.4937, 0.0000
0.4937, 0.0000
0.4937, 0.0000
0.4937, 0.0000
0.4937, 0.0000
0.4937, 0.0000
0.4937, 0.0000
0.4937, 0.0000
0.4937, 0.0000
0.4937, 0.0000
0.4937, 0.0000
0.4937, 0.0000
0.4937, 0.0000
0.4937, 0.0000
0.4937, 0.0000
0.4937, 0.0000
0.4937, 0.0000
0.4937, 0.0000
0.4937, 0.0000
0.4895, 0.0000
0.4895, 0.0000
0.4895, 0.0000
0.4895, 0.0000
0.4895, 0.0000
0.4895, 0.0000
0.4895, 0.0000
0.4895, 0.0026
