0.0072, 0.9748
0.0000, 0.9604
0.0000, 0.9461
0.0000, 0.9245
0.0000, 0.9101
0.0000, 0.9029
0.0000, 0.8885
0.0000, 0.8813
0.0072, 0.8597
0.0072, 0.8453
0.0144, 0.8381
0.0216, 0.8309
0.0288, 0.8238
0.0360, 0.8238
0.0503, 0.8094
0.0575, 0.8022
0.0719, 0.7950
0.0935, 0.7950
0.1223, 0.7878
0.1655, 0.7878
0.1870, 0.7878
0.2230, 0.7878
0.2446, 0.7878
0.2734, 0.7878
0.3093, 0.7878
0.3525, 0.7950
0.3885, 0.7950
0.4173, 0.8022
0.4460, 0.8166
0.4820, 0.8238
0.5108, 0.8309
0.5468, 0.8309
0.5683, 0.8381
0.6043, 0.8381
0.6403, 0.8381
0.6619, 0.8381
0.6835, 0.8453
0.7050, 0.8453
0.7194, 0.8453
0.7410, 0.8453
0.7626, 0.8453
0.7770, 0.8453
0.7914, 0.8453
0.8058, 0.8453
0.8202, 0.8453
0.8345, 0.8453
0.8489, 0.8453
0.8633, 0.8453
0.8777, 0.8453
0.8993, 0.8453
0.9137, 0.8381
0.9281, 0.8381
0.9425, 0.8381
0.9497, 0.8309
0.9640, 0.8238
0.9712, 0.8094
0.9784, 0.8094
0.9856, 0.8022
0.9856, 0.7950
1.0000, 0.7950
1.0000, 0.7878
1.0000, 0.7806

0.4820, 0.7734
0.4748, 0.7734
0.4676, 0.7734
0.4676, 0.7518
0.4676, 0.7374
0.4676, 0.7158
0.4676, 0.6871
0.4820, 0.6727
0.4892, 0.6583
0.4964, 0.6511
0.5108, 0.6295
0.5252, 0.6223
0.5396, 0.6151
0.5396, 0.6079
0.5396, 0.5935
0.5396, 0.5863
0.5324, 0.5719
0.5108, 0.5576
0.4964, 0.5504
0.4820, 0.5432
0.4676, 0.5288
0.4460, 0.5288
0.4388, 0.5144
0.4317, 0.5072
0.4173, 0.5000
0.4101, 0.4928
0.3957, 0.4928
0.3957, 0.4856
0.3957, 0.4784
0.3885, 0.4784
0.3885, 0.4712
0.3885, 0.4640
0.4029, 0.4424
0.4101, 0.4424
0.4245, 0.4353
0.4317, 0.4281
0.4460, 0.4209
0.4604, 0.4209
0.4676, 0.4137
0.4748, 0.4065
0.4748, 0.3849
0.4748, 0.3777
0.4748, 0.3633
0.4748, 0.3489
0.4748, 0.3273
0.4676, 0.3129
0.4532, 0.2986
0.4388, 0.2770
0.4317, 0.2626
0.4245, 0.2482
0.4101, 0.2338
0.3957, 0.2266
0.3885, 0.2050
0.3813, 0.1906
0.3741, 0.1834
0.3741, 0.1691
0.3669, 0.1547
0.3669, 0.1475
0.3597, 0.1403
0.3597, 0.1331
0.3597, 0.1187
0.3597, 0.0971
0.3597, 0.0827
0.3669, 0.0755
0.3741, 0.0683
0.3813, 0.0611
0.3885, 0.0611
0.4029, 0.0539
0.4101, 0.0539
0.4173, 0.0539
0.4173, 0.0396
0.4173, 0.0324
0.4173, 0.0252
