0.1829, 0.3333
0.1829, 0.3333
0.1829, 0.3333
0.1829, 0.3333
0.1829, 0.3333
0.1829, 0.3333
0.1829, 0.3333
0.1829, 0.3333
0.1829, 0.3333
0.1829, 0.3333
0.1829, 0.3333
0.1829, 0.3333
0.1829, 0.3333
0.1829, 0.3333
0.1829, 0.3333
0.1829, 0.3333
0.1829, 0.3333
0.1829, 0.3333
0.1829, 0.3333
0.1829, 0.3333
0.1829, 0.3333
0.1829, 0.3333
0.1829, 0.3333
0.1829, 0.3333
0.1829, 0.3333
0.1829, 0.3333
0.1829, 0.3333
0.1829, 0.3333
0.1829, 0.3333
0.1829, 0.3333
0.1829, 0.3333
0.1829, 0.3333
0.1829, 0.3333
0.1829, 0.3333
0.1829, 0.3333
0.1829, 0.3333
0.1829, 0.3333
0.1829, 0.3333
0.1829, 0.3333
0.1829, 0.3333
0.1829, 0.3333
0.1829, 0.3333
0.1869, 0.3333
0.1869, 0.3333
0.1869, 0.3333
0.1869, 0.3333
0.1869, 0.3333
0.1869, 0.3333
0.1869, 0.3333
0.1869, 0.3333
0.1869, 0.3333
0.1869, 0.3333
0.1869, 0.3333
0.1869, 0.3333
0.1869, 0.3333
0.1869, 0.3333
0.1869, 0.3333
0.1869, 0.3333
0.1869, 0.3333
0.1869, 0.3333
0.1909, 0.3333
0.1909, 0.3333
0.1909, 0.3333
0.1909, 0.3333
0.1909, 0.3333
0.1909, 0.3333
0.1909, 0.3333
0.1909, 0.3333
0.1909, 0.3333
0.1949, 0.3333
0.1949, 0.3333
0.1949, 0.3333
0.1949, 0.3333
0.1989, 0.3333
0.1989, 0.3333
0.1989, 0.3333
0.1989, 0.3333
0.1989, 0.3333
0.1989, 0.3333
0.1989, 0.3333
0.1989, 0.3333
0.1989, 0.3333
0.2029, 0.3333
0.2029, 0.3333
0.2029, 0.3333
0.2029, 0.3333
0.2029, 0.3307
0.2029, 0.3307
0.2029, 0.3307
0.2029, 0.3307
0.2029, 0.3307
0.2068, 0.3307
0.2068, 0.3307
0.2068, 0.3307
0.2068, 0.3307
0.2068, 0.3282
0.2068, 0.3282
0.2068, 0.3282
0.2068, 0.3282
0.2068, 0.3282
0.2068, 0.3282
0.2068, 0.3282
0.2068, 0.3282
0.2068, 0.3282
0.2108, 0.3282
0.2108, 0.3282
0.2108, 0.3282
0.2108, 0.3282
0.2108, 0.3282
0.2108, 0.3282
0.2108, 0.3282
0.2108, 0.3282
0.2108, 0.3282
0.2148, 0.3282
0.2148, 0.3282
0.2148, 0.3282
0.2188, 0.3256
0.2188, 0.3256
0.2188, 0.3256
0.2188, 0.3256
0.2188, 0.3256
0.2188, 0.3256
0.2188, 0.3256
0.2188, 0.3256
0.2188, 0.3256
0.2188, 0.3256
0.2188, 0.3256
0.2188, 0.3256
0.2188, 0.3230
0.2188, 0.3230
0.2188, 0.3230
0.2188, 0.3230
0.2188, 0.3230
0.2188, 0.3230
0.2188, 0.3230
0.2188, 0.3230
0.2228, 0.3230
0.2228, 0.3230
0.2228, 0.3230
0.2228, 0.3230
0.2228, 0.3230
0.2228, 0.3230
0.2228, 0.3230
0.2228, 0.3230
0.2228, 0.3230
0.2228, 0.3204
0.2228, 0.3204
0.2228, 0.3204
0.2228, 0.3204
0.2268, 0.3204
0.2268, 0.3204
0.2268, 0.3204
0.2268, 0.3204
0.2268, 0.3204
0.2268, 0.3204
0.2268, 0.3204
0.2268, 0.3204
0.2268, 0.3204
0.2268, 0.3204
0.2268, 0.3204
0.2268, 0.3204
0.2308, 0.3178
0.2308, 0.3178
0.2308, 0.3178
0.2308, 0.3178
0.2308, 0.3178
0.2308, 0.3178
0.2308, 0.3178
0.2308, 0.3178
0.2348, 0.3152
0.2348, 0.3152
0.2348, 0.3152
0.2348, 0.3152
0.2388, 0.3152
0.2388, 0.3152
0.2388, 0.3152
0.2388, 0.3152
0.2388, 0.3152
0.2388, 0.3152
0.2388, 0.3152
0.2388, 0.3152
0.2388, 0.3152
0.2388, 0.3152
0.2388, 0.3152
0.2388, 0.3152
0.2388, 0.3152
0.2388, 0.3152
0.2388, 0.3152
0.2388, 0.3152
0.2388, 0.3152
0.2388, 0.3152
0.2388, 0.3152
0.2388, 0.3152
0.2388, 0.3152
0.2388, 0.3152
0.2428, 0.3127
0.2428, 0.3127
0.2428, 0.3127
0.2428, 0.3127
0.2428, 0.3127
0.2428, 0.3127
0.2428, 0.3127
0.2428, 0.3127
0.2428, 0.3127
0.2467, 0.3127
0.2467, 0.3127
0.2467, 0.3127
0.2467, 0.3127
0.2467, 0.3101
0.2467, 0.3101
0.2467, 0.3101
0.2467, 0.3101
0.2467, 0.3101
0.2467, 0.3101
0.2467, 0.3101
0.2467, 0.3101
0.2467, 0.3101
0.2467, 0.3101
0.2467, 0.3101
0.2467, 0.3101
0.2467, 0.3075
0.2467, 0.3075
0.2467, 0.3075
0.2467, 0.3075
0.2507, 0.3075
0.2507, 0.3075
0.2507, 0.3075
0.2507, 0.3075
0.2507, 0.3075
0.2507, 0.3075
0.2507, 0.3075
0.2507, 0.3075
0.2547, 0.3075
0.2547, 0.3075
0.2547, 0.3075
0.2547, 0.3075
0.2547, 0.3075
0.2547, 0.3075
0.2547, 0.3075
0.2547, 0.3075
0.2547, 0.3075
0.2586, 0.3075
0.2586, 0.3075
0.2586, 0.3075
0.2586, 0.3075
0.2586, 0.3075
0.2586, 0.3075
0.2586, 0.3075
0.2586, 0.3075
0.2586, 0.3075
0.2586, 0.3049
0.2586, 0.3049
0.2586, 0.3049
0.2586, 0.3049
0.2586, 0.3049
0.2586, 0.3049
0.2586, 0.3049
0.2586, 0.3049
0.2586, 0.3049
0.2586, 0.3049
0.2586, 0.3049
0.2586, 0.3049
0.2626, 0.3049
0.2626, 0.3049
0.2626, 0.3049
0.2626, 0.3049
0.2626, 0.3023
0.2626, 0.3023
0.2626, 0.3023
0.2666, 0.3023
0.2666, 0.3023
0.2666, 0.3023
0.2666, 0.3023
0.2666, 0.3023
0.2666, 0.3023
0.2666, 0.3023
0.2666, 0.3023
0.2666, 0.3023
0.2666, 0.3023
0.2666, 0.3023
0.2666, 0.3023
0.2666, 0.3023
0.2666, 0.3023
0.2666, 0.3023
0.2666, 0.3023
0.2666, 0.3023
0.2666, 0.3023
0.2706, 0.3023
0.2706, 0.3023
0.2706, 0.3023
0.2706, 0.3023
0.2706, 0.2997
0.2706, 0.2997
0.2706, 0.2997
0.2706, 0.2997
0.2746, 0.2997
0.2746, 0.2997
0.2746, 0.2997
0.2746, 0.2997
0.2746, 0.2997
0.2746, 0.2997
0.2746, 0.2997
0.2746, 0.2997
0.2786, 0.2997
0.2786, 0.2997
0.2786, 0.2997
0.2786, 0.2997
0.2786, 0.2972
0.2786, 0.2972
0.2786, 0.2972
0.2786, 0.2972
0.2786, 0.2972
0.2786, 0.2972
0.2786, 0.2972
0.2786, 0.2972
0.2786, 0.2972
0.2786, 0.2972
0.2786, 0.2972
0.2786, 0.2972
0.2786, 0.2972
0.2786, 0.2972
0.2786, 0.2972
0.2786, 0.2972
0.2786, 0.2972
0.2786, 0.2972
0.2786, 0.2972
0.2786, 0.2972
0.2786, 0.2972
0.2786, 0.2946
0.2786, 0.2946
0.2786, 0.2946
0.2786, 0.2946
0.2826, 0.2946
0.2826, 0.2946
0.2826, 0.2946
0.2826, 0.2946
0.2826, 0.2946
0.2826, 0.2946
0.2826, 0.2946
0.2826, 0.2946
0.2866, 0.2946
0.2866, 0.2946
0.2866, 0.2946
0.2866, 0.2946
0.2866, 0.2946
0.2866, 0.2946
0.2866, 0.2946
0.2866, 0.2946
0.2866, 0.2946
0.2866, 0.2946
0.2866, 0.2946
0.2866, 0.2946
0.2866, 0.2946
0.2866, 0.2946
0.2866, 0.2946
0.2866, 0.2946
0.2866, 0.2946
0.2906, 0.2946
0.2906, 0.2946
0.2906, 0.2946
0.2946, 0.2920
0.2946, 0.2920
0.2946, 0.2920
0.2946, 0.2920
0.2946, 0.2920
0.2946, 0.2920
0.2946, 0.2920
0.2986, 0.2920
0.2986, 0.2920
0.2986, 0.2920
0.2986, 0.2920
0.2986, 0.2920
0.2986, 0.2920
0.2986, 0.2920
0.2986, 0.2920
0.2986, 0.2920
0.2986, 0.2920
0.2986, 0.2920
0.2986, 0.2920
0.2986, 0.2920
0.2986, 0.2920
0.2986, 0.2920
0.2986, 0.2920
0.3026, 0.2894
0.3026, 0.2894
0.3026, 0.2894
0.3026, 0.2894
0.3026, 0.2894
0.3026, 0.2894
0.3026, 0.2894
0.3026, 0.2894
0.3026, 0.2894
0.3026, 0.2894
0.3026, 0.2894
0.3026, 0.2894
0.3026, 0.2894
0.3065, 0.2894
0.3065, 0.2894
0.3065, 0.2894
0.3065, 0.2894
0.3065, 0.2894
0.3065, 0.2894
0.3065, 0.2894
0.3065, 0.2894
0.3065, 0.2894
0.3065, 0.2894
0.3065, 0.2894
0.3065, 0.2894
0.3065, 0.2894
0.3065, 0.2894
0.3065, 0.2894
0.3065, 0.2894
0.3105, 0.2894
0.3105, 0.2894
0.3105, 0.2894
0.3105, 0.2894
0.3105, 0.2894
0.3105, 0.2894
0.3105, 0.2894
0.3105, 0.2894
0.3105, 0.2894
0.3145, 0.2894
0.3145, 0.2894
0.3145, 0.2894
0.3145, 0.2894
0.3145, 0.2894
0.3145, 0.2894
0.3145, 0.2894
0.3145, 0.2894
0.3145, 0.2894
0.3145, 0.2894
0.3145, 0.2894
0.3145, 0.2894
0.3145, 0.2894
0.3145, 0.2894
0.3145, 0.2894
0.3145, 0.2894
0.3145, 0.2894
0.3145, 0.2894
0.3145, 0.2894
0.3145, 0.2894
0.3145, 0.2894
0.3145, 0.2894
0.3145, 0.2894
0.3145, 0.2894
0.3185, 0.2894
0.3185, 0.2894
0.3185, 0.2894
0.3185, 0.2894
0.3185, 0.2894
0.3185, 0.2894
0.3185, 0.2894
0.3185, 0.2894
0.3185, 0.2894
0.3185, 0.2894
0.3185, 0.2894
0.3185, 0.2894
0.3225, 0.2894
0.3225, 0.2894
0.3225, 0.2894
0.3225, 0.2894
0.3265, 0.2894
0.3265, 0.2894
0.3265, 0.2894
0.3265, 0.2894
0.3265, 0.2894
0.3265, 0.2894
0.3265, 0.2894
0.3265, 0.2894
0.3265, 0.2894
0.3265, 0.2894
0.3265, 0.2894
0.3265, 0.2894
0.3265, 0.2894
0.3305, 0.2894
0.3305, 0.2894
0.3305, 0.2894
0.3305, 0.2868
0.3305, 0.2868
0.3305, 0.2868
0.3305, 0.2868
0.3345, 0.2868
0.3345, 0.2868
0.3345, 0.2868
0.3345, 0.2868
0.3345, 0.2868
0.3345, 0.2868
0.3345, 0.2868
0.3345, 0.2868
0.3345, 0.2868
0.3345, 0.2868
0.3345, 0.2868
0.3345, 0.2868
0.3345, 0.2868
0.3345, 0.2868
0.3345, 0.2868
0.3345, 0.2868
0.3385, 0.2868
0.3385, 0.2868
0.3385, 0.2868
0.3385, 0.2868
0.3385, 0.2842
0.3385, 0.2842
0.3385, 0.2842
0.3385, 0.2842
0.3385, 0.2842
0.3385, 0.2842
0.3385, 0.2842
0.3385, 0.2842
0.3385, 0.2842
0.3385, 0.2842
0.3385, 0.2842
0.3385, 0.2842
0.3385, 0.2842
0.3385, 0.2842
0.3385, 0.2842
0.3385, 0.2842
0.3385, 0.2842
0.3425, 0.2842
0.3425, 0.2842
0.3425, 0.2842
0.3425, 0.2842
0.3425, 0.2842
0.3425, 0.2842
0.3425, 0.2842
0.3425, 0.2842
0.3425, 0.2842
0.3425, 0.2842
0.3425, 0.2842
0.3425, 0.2842
0.3425, 0.2842
0.3425, 0.2842
0.3425, 0.2842
0.3425, 0.2842
0.3465, 0.2842
0.3465, 0.2842
0.3465, 0.2842
0.3465, 0.2842
0.3465, 0.2842
0.3465, 0.2842
0.3465, 0.2842
0.3465, 0.2842
0.3465, 0.2842
0.3465, 0.2842
0.3465, 0.2842
0.3465, 0.2842
0.3465, 0.2842
0.3465, 0.2842
0.3465, 0.2842
0.3465, 0.2842
0.3505, 0.2842
0.3505, 0.2842
0.3505, 0.2842
0.3505, 0.2842
0.3505, 0.2842
0.3505, 0.2842
0.3505, 0.2842
0.3505, 0.2842
0.3544, 0.2842
0.3544, 0.2842
0.3544, 0.2842
0.3544, 0.2842
0.3544, 0.2842
0.3544, 0.2842
0.3544, 0.2842
0.3544, 0.2842
0.3544, 0.2842
0.3544, 0.2842
0.3544, 0.2842
0.3544, 0.2842
0.3544, 0.2842
0.3544, 0.2842
0.3544, 0.2842
0.3544, 0.2842
0.3544, 0.2842
0.3544, 0.2842
0.3544, 0.2842
0.3544, 0.2842
0.3544, 0.2842
0.3544, 0.2842
0.3544, 0.2842
0.3584, 0.2842
0.3584, 0.2842
0.3584, 0.2842
0.3584, 0.2842
0.3584, 0.2842
0.3584, 0.2842
0.3584, 0.2842
0.3584, 0.2842
0.3624, 0.2842
0.3624, 0.2842
0.3624, 0.2842
0.3664, 0.2842
0.3664, 0.2842
0.3664, 0.2842
0.3664, 0.2842
0.3664, 0.2842
0.3664, 0.2842
0.3664, 0.2842
0.3664, 0.2842
0.3664, 0.2842
0.3664, 0.2842
0.3664, 0.2842
0.3664, 0.2842
0.3664, 0.2842
0.3664, 0.2842
0.3664, 0.2842
0.3664, 0.2842
0.3664, 0.2842
0.3704, 0.2842
0.3704, 0.2842
0.3704, 0.2842
0.3704, 0.2842
0.3704, 0.2842
0.3704, 0.2842
0.3704, 0.2842
0.3704, 0.2842
0.3704, 0.2842
0.3704, 0.2842
0.3704, 0.2842
0.3743, 0.2842
0.3743, 0.2842
0.3743, 0.2842
0.3743, 0.2842
0.3743, 0.2842
0.3743, 0.2842
0.3743, 0.2842
0.3743, 0.2842
0.3743, 0.2842
0.3743, 0.2842
0.3743, 0.2842
0.3743, 0.2842
0.3743, 0.2842
0.3743, 0.2842
0.3743, 0.2842
0.3743, 0.2842
0.3743, 0.2842
0.3743, 0.2842
0.3743, 0.2842
0.3743, 0.2842
0.3743, 0.2842
0.3743, 0.2842
0.3743, 0.2842
0.3783, 0.2842
0.3783, 0.2842
0.3783, 0.2842
0.3783, 0.2842
0.3783, 0.2842
0.3783, 0.2842
0.3783, 0.2842
0.3783, 0.2842
0.3783, 0.2842
0.3783, 0.2842
0.3783, 0.2842
0.3783, 0.2842
0.3783, 0.2842
0.3783, 0.2842
0.3783, 0.2842
0.3823, 0.2842
0.3823, 0.2842
0.3823, 0.2842
0.3823, 0.2842
0.3823, 0.2842
0.3823, 0.2842
0.3823, 0.2842
0.3823, 0.2842
0.3823, 0.2842
0.3823, 0.2842
0.3823, 0.2842
0.3823, 0.2842
0.3863, 0.2842
0.3863, 0.2842
0.3863, 0.2842
0.3863, 0.2842
0.3863, 0.2842
0.3863, 0.2842
0.3863, 0.2842
0.3863, 0.2842
0.3863, 0.2842
0.3863, 0.2842
0.3863, 0.2842
0.3903, 0.2842
0.3903, 0.2842
0.3903, 0.2842
0.3903, 0.2842
0.3903, 0.2842
0.3903, 0.2842
0.3903, 0.2842
0.3903, 0.2842
0.3943, 0.2842
0.3943, 0.2842
0.3943, 0.2842
0.3943, 0.2842
0.3943, 0.2842
0.3943, 0.2842
0.3943, 0.2842
0.3943, 0.2842
0.3943, 0.2842
0.3943, 0.2842
0.3943, 0.2842
0.3943, 0.2842
0.3943, 0.2842
0.3943, 0.2842
0.3943, 0.2842
0.3983, 0.2868
0.3983, 0.2868
0.3983, 0.2868
0.3983, 0.2868
0.3983, 0.2868
0.3983, 0.2868
0.3983, 0.2868
0.3983, 0.2868
0.3983, 0.2868
0.3983, 0.2868
0.3983, 0.2868
0.3983, 0.2868
0.4022, 0.2868
0.4022, 0.2868
0.4022, 0.2868
0.4062, 0.2868
0.4062, 0.2868
0.4062, 0.2868
0.4062, 0.2868
0.4062, 0.2868
0.4062, 0.2868
0.4062, 0.2868
0.4062, 0.2868
0.4062, 0.2868
0.4062, 0.2868
0.4062, 0.2868
0.4102, 0.2868
0.4102, 0.2868
0.4102, 0.2868
0.4102, 0.2868
0.4102, 0.2868
0.4102, 0.2868
0.4102, 0.2868
0.4102, 0.2868
0.4142, 0.2868
0.4142, 0.2868
0.4142, 0.2868
0.4142, 0.2868
0.4142, 0.2868
0.4142, 0.2868
0.4142, 0.2868
0.4142, 0.2868
0.4142, 0.2868
0.4142, 0.2868
0.4142, 0.2868
0.4142, 0.2868
0.4182, 0.2868
0.4182, 0.2868
0.4182, 0.2868
0.4182, 0.2868
0.4182, 0.2868
0.4182, 0.2868
0.4182, 0.2868
0.4182, 0.2868
0.4182, 0.2868
0.4182, 0.2868
0.4182, 0.2868
0.4222, 0.2868
0.4222, 0.2868
0.4222, 0.2868
0.4222, 0.2868
0.4222, 0.2894
0.4222, 0.2894
0.4222, 0.2894
0.4222, 0.2894
0.4222, 0.2894
0.4222, 0.2894
0.4222, 0.2894
0.4222, 0.2894
0.4222, 0.2894
0.4222, 0.2894
0.4222, 0.2894
0.4262, 0.2894
0.4262, 0.2894
0.4262, 0.2894
0.4262, 0.2894
0.4262, 0.2894
0.4262, 0.2894
0.4262, 0.2894
0.4262, 0.2894
0.4262, 0.2894
0.4262, 0.2894
0.4262, 0.2894
0.4262, 0.2920
0.4262, 0.2920
0.4262, 0.2920
0.4262, 0.2920
0.4302, 0.2920
0.4302, 0.2920
0.4302, 0.2920
0.4342, 0.2920
0.4342, 0.2920
0.4342, 0.2920
0.4342, 0.2920
0.4342, 0.2920
0.4342, 0.2920
0.4342, 0.2920
0.4342, 0.2920
0.4342, 0.2920
0.4342, 0.2920
0.4342, 0.2920
0.4342, 0.2920
0.4382, 0.2920
0.4382, 0.2920
0.4382, 0.2920
0.4382, 0.2920
0.4382, 0.2920
0.4382, 0.2920
0.4382, 0.2920
0.4422, 0.2920
0.4422, 0.2920
0.4422, 0.2920
0.4422, 0.2920
0.4422, 0.2920
0.4422, 0.2920
0.4422, 0.2920
0.4422, 0.2946
0.4422, 0.2946
0.4422, 0.2946
0.4422, 0.2946
0.4462, 0.2946
0.4462, 0.2946
0.4462, 0.2946
0.4462, 0.2946
0.4462, 0.2946
0.4462, 0.2946
0.4462, 0.2946
0.4502, 0.2946
0.4502, 0.2946
0.4502, 0.2946
0.4502, 0.2946
0.4502, 0.2946
0.4502, 0.2946
0.4502, 0.2946
0.4502, 0.2946
0.4541, 0.2946
0.4541, 0.2946
0.4541, 0.2946
0.4541, 0.2972
0.4541, 0.2972
0.4541, 0.2972
0.4541, 0.2972
0.4541, 0.2972
0.4541, 0.2972
0.4541, 0.2972
0.4581, 0.2972
0.4581, 0.2972
0.4581, 0.2972
0.4581, 0.2972
0.4581, 0.2972
0.4581, 0.2972
0.4581, 0.2972
0.4621, 0.2997
0.4621, 0.2997
0.4621, 0.2997
0.4621, 0.2997
0.4621, 0.2997
0.4621, 0.2997
0.4621, 0.2997
0.4621, 0.2997
0.4621, 0.2997
0.4621, 0.2997
0.4621, 0.2997
0.4621, 0.2997
0.4621, 0.2997
0.4621, 0.2997
0.4621, 0.2997
0.4661, 0.2997
0.4661, 0.2997
0.4661, 0.2997
0.4701, 0.2997
0.4701, 0.2997
0.4701, 0.2997
0.4701, 0.2997
0.4701, 0.2997
0.4701, 0.2997
0.4701, 0.2997
0.4701, 0.2997
0.4741, 0.2997
0.4741, 0.2997
0.4741, 0.2997
0.4741, 0.2997
0.4741, 0.2997
0.4741, 0.2997
0.4741, 0.2997
0.4741, 0.3023
0.4741, 0.3023
0.4741, 0.3023
0.4781, 0.3023
0.4781, 0.3023
0.4781, 0.3023
0.4781, 0.3023
0.4821, 0.3023
0.4821, 0.3023
0.4821, 0.3023
0.4821, 0.3023
0.4821, 0.3023
0.4821, 0.3023
0.4821, 0.3023
0.4821, 0.3049
0.4821, 0.3049
0.4821, 0.3049
0.4821, 0.3049
0.4861, 0.3049
0.4861, 0.3049
0.4861, 0.3049
0.4901, 0.3049
0.4901, 0.3049
0.4901, 0.3049
0.4901, 0.3049
0.4901, 0.3049
0.4901, 0.3049
0.4901, 0.3049
0.4941, 0.3049
0.4941, 0.3049
0.4941, 0.3049
0.4941, 0.3049
0.4941, 0.3049
0.4941, 0.3049
0.4941, 0.3049
0.4941, 0.3049
0.4941, 0.3049
0.4941, 0.3049
0.4941, 0.3049
0.4941, 0.3049
0.4941, 0.3049
0.4941, 0.3049
0.4941, 0.3049
0.4941, 0.3049
0.4941, 0.3049
0.4941, 0.3049
0.4941, 0.3049
0.4941, 0.3049
0.4941, 0.3049
0.4941, 0.3049
0.4941, 0.3049
0.4941, 0.3049
0.4941, 0.3049
0.4941, 0.3049
0.4941, 0.3049
0.4980, 0.3049
0.4980, 0.3049
0.4980, 0.3049
0.4980, 0.3049
0.4980, 0.3049
0.4980, 0.3049
0.4980, 0.3049
0.4980, 0.3075
0.4980, 0.3075
0.4980, 0.3075
0.5020, 0.3075
0.5020, 0.3075
0.5020, 0.3075
0.5020, 0.3075
0.5020, 0.3075
0.5020, 0.3075
0.5020, 0.3075
0.5020, 0.3075
0.5020, 0.3075
0.5020, 0.3075
0.5020, 0.3075
0.5020, 0.3075
0.5020, 0.3075
0.5020, 0.3075
0.5020, 0.3075
0.5020, 0.3075
0.5020, 0.3075
0.5020, 0.3075
0.5020, 0.3075
0.5020, 0.3101
0.5020, 0.3101
0.5020, 0.3101
0.5059, 0.3101
0.5059, 0.3101
0.5059, 0.3101
0.5059, 0.3101
0.5059, 0.3101
0.5059, 0.3101
0.5059, 0.3101
0.5099, 0.3101
0.5099, 0.3101
0.5099, 0.3101
0.5099, 0.3101
0.5099, 0.3101
0.5099, 0.3101
0.5099, 0.3101
0.5099, 0.3101
0.5099, 0.3101
0.5099, 0.3101
0.5099, 0.3101
0.5139, 0.3101
0.5139, 0.3101
0.5139, 0.3101
0.5139, 0.3127
0.5139, 0.3127
0.5139, 0.3127
0.5139, 0.3127
0.5139, 0.3127
0.5139, 0.3127
0.5139, 0.3127
0.5139, 0.3127
0.5139, 0.3127
0.5139, 0.3127
0.5139, 0.3127
0.5179, 0.3127
0.5179, 0.3127
0.5179, 0.3127
0.5179, 0.3127
0.5179, 0.3127
0.5179, 0.3127
0.5179, 0.3127
0.5179, 0.3127
0.5179, 0.3127
0.5179, 0.3127
0.5179, 0.3127
0.5219, 0.3127
0.5219, 0.3127
0.5219, 0.3127
0.5219, 0.3127
0.5219, 0.3127
0.5219, 0.3127
0.5219, 0.3127
0.5219, 0.3127
0.5219, 0.3127
0.5219, 0.3127
0.5219, 0.3152
0.5219, 0.3152
0.5219, 0.3152
0.5219, 0.3152
0.5259, 0.3152
0.5259, 0.3152
0.5259, 0.3152
0.5299, 0.3152
0.5299, 0.3152
0.5299, 0.3152
0.5299, 0.3152
0.5299, 0.3152
0.5299, 0.3152
0.5299, 0.3152
0.5339, 0.3152
0.5339, 0.3152
0.5339, 0.3152
0.5339, 0.3152
0.5339, 0.3152
0.5339, 0.3152
0.5339, 0.3152
0.5339, 0.3178
0.5339, 0.3178
0.5339, 0.3178
0.5339, 0.3178
0.5339, 0.3178
0.5339, 0.3178
0.5339, 0.3178
0.5339, 0.3178
0.5339, 0.3178
0.5339, 0.3178
0.5379, 0.3178
0.5379, 0.3178
0.5379, 0.3178
0.5379, 0.3178
0.5379, 0.3178
0.5379, 0.3178
0.5379, 0.3178
0.5379, 0.3178
0.5379, 0.3178
0.5379, 0.3178
0.5379, 0.3178
0.5419, 0.3178
0.5419, 0.3178
0.5419, 0.3178
0.5419, 0.3178
0.5419, 0.3178
0.5419, 0.3178
0.5419, 0.3178
0.5419, 0.3178
0.5419, 0.3178
0.5419, 0.3178
0.5419, 0.3178
0.5419, 0.3178
0.5419, 0.3178
0.5419, 0.3178
0.5459, 0.3178
0.5459, 0.3178
0.5459, 0.3178
0.5459, 0.3178
0.5459, 0.3178
0.5459, 0.3178
0.5498, 0.3178
0.5498, 0.3178
0.5498, 0.3178
0.5538, 0.3178
0.5538, 0.3178
0.5538, 0.3178
0.5538, 0.3178
0.5538, 0.3204
0.5538, 0.3204
0.5538, 0.3204
0.5538, 0.3204
0.5538, 0.3204
0.5538, 0.3204
0.5538, 0.3204
0.5538, 0.3204
0.5538, 0.3204
0.5538, 0.3204
0.5578, 0.3204
0.5578, 0.3204
0.5578, 0.3204
0.5578, 0.3204
0.5578, 0.3204
0.5578, 0.3204
0.5578, 0.3204
0.5578, 0.3204
0.5578, 0.3204
0.5578, 0.3204
0.5578, 0.3204
0.5618, 0.3204
0.5618, 0.3204
0.5618, 0.3204
0.5618, 0.3204
0.5618, 0.3204
0.5618, 0.3204
0.5618, 0.3204
0.5618, 0.3204
0.5618, 0.3204
0.5618, 0.3204
0.5618, 0.3230
0.5618, 0.3230
0.5618, 0.3230
0.5618, 0.3230
0.5618, 0.3230
0.5618, 0.3230
0.5618, 0.3230
0.5658, 0.3230
0.5658, 0.3230
0.5658, 0.3230
0.5698, 0.3230
0.5698, 0.3230
0.5698, 0.3230
0.5698, 0.3230
0.5698, 0.3256
0.5698, 0.3256
0.5698, 0.3256
0.5698, 0.3256
0.5698, 0.3256
0.5698, 0.3256
0.5738, 0.3256
0.5738, 0.3256
0.5738, 0.3256
0.5738, 0.3256
0.5778, 0.3256
0.5778, 0.3256
0.5778, 0.3256
0.5778, 0.3256
0.5778, 0.3256
0.5778, 0.3256
0.5778, 0.3256
0.5818, 0.3256
0.5818, 0.3256
0.5818, 0.3256
0.5818, 0.3256
0.5818, 0.3256
0.5818, 0.3256
0.5818, 0.3256
0.5818, 0.3256
0.5818, 0.3256
0.5818, 0.3256
0.5818, 0.3282
0.5818, 0.3282
0.5818, 0.3282
0.5858, 0.3282
0.5858, 0.3282
0.5858, 0.3282
0.5858, 0.3282
0.5858, 0.3282
0.5858, 0.3282
0.5858, 0.3282
0.5898, 0.3282
0.5898, 0.3282
0.5898, 0.3282
0.5898, 0.3307
0.5898, 0.3307
0.5898, 0.3307
0.5898, 0.3307
0.5898, 0.3307
0.5898, 0.3307
0.5898, 0.3307
0.5898, 0.3307
0.5898, 0.3307
0.5898, 0.3307
0.5898, 0.3307
0.5898, 0.3307
0.5898, 0.3307
0.5938, 0.3307
0.5938, 0.3307
0.5938, 0.3307
0.5938, 0.3307
0.5938, 0.3307
0.5938, 0.3307
0.5938, 0.3307
0.5938, 0.3307
0.5978, 0.3307
0.5978, 0.3307
0.5978, 0.3307
0.5978, 0.3307
0.5978, 0.3307
0.5978, 0.3307
0.5978, 0.3333
0.5978, 0.3333
0.5978, 0.3333
0.6017, 0.3333
0.6017, 0.3333
0.6017, 0.3333
0.6017, 0.3333
0.6017, 0.3333
0.6017, 0.3333
0.6017, 0.3333
0.6017, 0.3333
0.6017, 0.3333
0.6017, 0.3333
0.6017, 0.3333
0.6017, 0.3333
0.6017, 0.3333
0.6017, 0.3333
0.6017, 0.3359
0.6017, 0.3359
0.6017, 0.3359
0.6057, 0.3359
0.6057, 0.3359
0.6057, 0.3359
0.6097, 0.3359
0.6097, 0.3359
0.6097, 0.3359
0.6097, 0.3359
0.6097, 0.3385
0.6097, 0.3385
0.6097, 0.3385
0.6097, 0.3385
0.6097, 0.3385
0.6097, 0.3385
0.6097, 0.3385
0.6097, 0.3385
0.6097, 0.3385
0.6097, 0.3385
0.6137, 0.3385
0.6137, 0.3385
0.6137, 0.3385
0.6137, 0.3385
0.6137, 0.3385
0.6137, 0.3385
0.6137, 0.3385
0.6177, 0.3385
0.6177, 0.3385
0.6177, 0.3385
0.6177, 0.3385
0.6177, 0.3385
0.6177, 0.3385
0.6177, 0.3411
0.6177, 0.3411
0.6177, 0.3411
0.6177, 0.3411
0.6217, 0.3411
0.6217, 0.3411
0.6217, 0.3411
0.6217, 0.3411
0.6217, 0.3411
0.6217, 0.3411
0.6217, 0.3411
0.6217, 0.3411
0.6217, 0.3411
0.6217, 0.3411
0.6217, 0.3411
0.6217, 0.3411
0.6217, 0.3411
0.6217, 0.3437
0.6217, 0.3437
0.6217, 0.3437
0.6257, 0.3437
0.6257, 0.3437
0.6257, 0.3437
0.6257, 0.3437
0.6257, 0.3437
0.6257, 0.3437
0.6296, 0.3437
0.6296, 0.3437
0.6296, 0.3437
0.6296, 0.3437
0.6296, 0.3437
0.6296, 0.3437
0.6296, 0.3437
0.6296, 0.3437
0.6296, 0.3437
0.6296, 0.3437
0.6336, 0.3463
0.6336, 0.3463
0.6336, 0.3463
0.6336, 0.3463
0.6336, 0.3463
0.6336, 0.3463
0.6376, 0.3463
0.6376, 0.3463
0.6376, 0.3463
0.6376, 0.3463
0.6376, 0.3463
0.6376, 0.3463
0.6376, 0.3463
0.6416, 0.3463
0.6416, 0.3463
0.6416, 0.3463
0.6416, 0.3488
0.6416, 0.3488
0.6416, 0.3488
0.6416, 0.3488
0.6416, 0.3488
0.6416, 0.3488
0.6416, 0.3488
0.6416, 0.3488
0.6416, 0.3488
0.6416, 0.3488
0.6456, 0.3488
0.6456, 0.3488
0.6456, 0.3488
0.6456, 0.3488
0.6456, 0.3488
0.6456, 0.3488
0.6456, 0.3488
0.6456, 0.3488
0.6456, 0.3488
0.6456, 0.3488
0.6495, 0.3488
0.6495, 0.3488
0.6495, 0.3488
0.6495, 0.3514
0.6495, 0.3514
0.6495, 0.3514
0.6495, 0.3514
0.6495, 0.3514
0.6495, 0.3514
0.6495, 0.3514
0.6495, 0.3514
0.6495, 0.3514
0.6495, 0.3514
0.6495, 0.3540
0.6495, 0.3540
0.6495, 0.3540
0.6535, 0.3540
0.6535, 0.3540
0.6535, 0.3540
0.6535, 0.3540
0.6535, 0.3540
0.6535, 0.3540
0.6535, 0.3540
0.6575, 0.3566
0.6575, 0.3566
0.6575, 0.3566
0.6615, 0.3566
0.6615, 0.3566
0.6615, 0.3566
0.6615, 0.3566
0.6615, 0.3566
0.6615, 0.3566
0.6615, 0.3566
0.6615, 0.3566
0.6615, 0.3566
0.6615, 0.3566
0.6615, 0.3566
0.6615, 0.3566
0.6615, 0.3566
0.6615, 0.3566
0.6655, 0.3566
0.6655, 0.3566
0.6655, 0.3566
0.6655, 0.3566
0.6655, 0.3566
0.6655, 0.3566
0.6695, 0.3592
0.6695, 0.3592
0.6695, 0.3592
0.6695, 0.3592
0.6695, 0.3592
0.6695, 0.3592
0.6695, 0.3592
0.6695, 0.3592
0.6695, 0.3592
0.6695, 0.3592
0.6695, 0.3618
0.6695, 0.3618
0.6695, 0.3618
0.6735, 0.3618
0.6735, 0.3618
0.6735, 0.3618
0.6735, 0.3618
0.6735, 0.3618
0.6735, 0.3618
0.6735, 0.3618
0.6735, 0.3618
0.6735, 0.3618
0.6735, 0.3618
0.6775, 0.3618
0.6775, 0.3618
0.6775, 0.3618
0.6775, 0.3618
0.6775, 0.3618
0.6775, 0.3618
0.6775, 0.3618
0.6775, 0.3618
0.6775, 0.3618
0.6775, 0.3618
0.6775, 0.3618
0.6775, 0.3618
0.6775, 0.3618
0.6815, 0.3618
0.6815, 0.3618
0.6815, 0.3618
0.6815, 0.3618
0.6815, 0.3618
0.6815, 0.3618
0.6815, 0.3618
0.6815, 0.3618
0.6815, 0.3618
0.6815, 0.3618
0.6815, 0.3643
0.6815, 0.3643
0.6815, 0.3643
0.6815, 0.3643
0.6815, 0.3643
0.6815, 0.3643
0.6815, 0.3643
0.6855, 0.3643
0.6855, 0.3643
0.6855, 0.3643
0.6855, 0.3643
0.6855, 0.3643
0.6855, 0.3643
0.6855, 0.3669
0.6855, 0.3669
0.6855, 0.3669
0.6895, 0.3669
0.6895, 0.3669
0.6895, 0.3669
0.6895, 0.3669
0.6895, 0.3669
0.6895, 0.3669
0.6895, 0.3669
0.6895, 0.3669
0.6895, 0.3669
0.6895, 0.3669
0.6895, 0.3669
0.6895, 0.3669
0.6895, 0.3669
0.6895, 0.3669
0.6935, 0.3669
0.6935, 0.3669
0.6935, 0.3669
0.6935, 0.3695
0.6935, 0.3695
0.6935, 0.3695
0.6935, 0.3695
0.6935, 0.3695
0.6935, 0.3695
0.6935, 0.3695
0.6935, 0.3695
0.6935, 0.3695
0.6935, 0.3695
0.6974, 0.3695
0.6974, 0.3695
0.6974, 0.3695
0.6974, 0.3695
0.6974, 0.3695
0.6974, 0.3695
0.6974, 0.3695
0.6974, 0.3695
0.6974, 0.3695
0.7014, 0.3695
0.7014, 0.3695
0.7014, 0.3695
0.7014, 0.3695
0.7014, 0.3695
0.7014, 0.3695
0.7054, 0.3695
0.7054, 0.3695
0.7054, 0.3695
0.7094, 0.3695
0.7094, 0.3695
0.7094, 0.3695
0.7094, 0.3695
0.7094, 0.3695
0.7094, 0.3695
0.7094, 0.3695
0.7094, 0.3695
0.7094, 0.3695
0.7094, 0.3695
0.7094, 0.3695
0.7094, 0.3695
0.7094, 0.3695
0.7094, 0.3721
0.7094, 0.3721
0.7094, 0.3721
0.7094, 0.3721
0.7094, 0.3721
0.7094, 0.3721
0.7094, 0.3721
0.7134, 0.3721
0.7134, 0.3721
0.7134, 0.3721
0.7134, 0.3721
0.7134, 0.3721
0.7134, 0.3721
0.7134, 0.3721
0.7134, 0.3721
0.7134, 0.3721
0.7134, 0.3721
0.7174, 0.3721
0.7174, 0.3721
0.7174, 0.3721
0.7174, 0.3721
0.7174, 0.3721
0.7174, 0.3721
0.7174, 0.3721
0.7174, 0.3721
0.7174, 0.3721
0.7174, 0.3747
0.7174, 0.3747
0.7174, 0.3747
0.7174, 0.3747
0.7174, 0.3747
0.7174, 0.3747
0.7174, 0.3747
0.7174, 0.3747
0.7174, 0.3747
0.7174, 0.3747
0.7174, 0.3747
0.7174, 0.3747
0.7174, 0.3747
0.7174, 0.3747
0.7174, 0.3747
0.7174, 0.3747
0.7174, 0.3747
0.7174, 0.3747
0.7174, 0.3747
0.7174, 0.3747
0.7174, 0.3747
0.7174, 0.3747
0.7174, 0.3747
0.7174, 0.3747
0.7174, 0.3747
0.7174, 0.3747
0.7174, 0.3747
0.7174, 0.3747
0.7174, 0.3747
0.7174, 0.3747
0.7174, 0.3747
0.7174, 0.3747
0.7174, 0.3747
0.7174, 0.3747
0.7174, 0.3747
0.7214, 0.3747
0.7214, 0.3747
0.7214, 0.3747
0.7214, 0.3747
0.7214, 0.3747
0.7214, 0.3747
0.7214, 0.3747
0.7214, 0.3747
0.7214, 0.3747
0.7214, 0.3747
0.7254, 0.3747
0.7254, 0.3747
0.7254, 0.3747
0.7254, 0.3747
0.7254, 0.3747
0.7254, 0.3747
0.7254, 0.3747
0.7254, 0.3747
0.7254, 0.3747
0.7294, 0.3773
0.7294, 0.3773
0.7294, 0.3773
0.7294, 0.3773
0.7294, 0.3773
0.7294, 0.3773
0.7294, 0.3773
0.7294, 0.3773
0.7294, 0.3773
0.7294, 0.3773
0.7294, 0.3773
0.7294, 0.3773
0.7294, 0.3773
0.7334, 0.3773
0.7334, 0.3773
0.7334, 0.3773
0.7374, 0.3773
0.7374, 0.3773
0.7374, 0.3773
0.7374, 0.3773
0.7374, 0.3773
0.7374, 0.3773
0.7374, 0.3773
0.7374, 0.3773
0.7374, 0.3773
0.7374, 0.3773
0.7374, 0.3773
0.7374, 0.3773
0.7374, 0.3773
0.7414, 0.3798
0.7414, 0.3798
0.7414, 0.3798
0.7414, 0.3798
0.7414, 0.3798
0.7414, 0.3798
0.7414, 0.3798
0.7453, 0.3798
0.7453, 0.3798
0.7453, 0.3798
0.7453, 0.3798
0.7453, 0.3798
0.7453, 0.3798
0.7493, 0.3798
0.7493, 0.3798
0.7493, 0.3798
0.7493, 0.3798
0.7493, 0.3798
0.7493, 0.3798
0.7493, 0.3798
0.7493, 0.3798
0.7493, 0.3798
0.7493, 0.3798
0.7493, 0.3798
0.7493, 0.3798
0.7533, 0.3798
0.7533, 0.3798
0.7533, 0.3798
0.7533, 0.3798
0.7533, 0.3798
0.7533, 0.3798
0.7533, 0.3798
0.7572, 0.3798
0.7572, 0.3798
0.7572, 0.3798
0.7572, 0.3798
0.7572, 0.3798
0.7572, 0.3798
0.7572, 0.3798
0.7572, 0.3798
0.7572, 0.3798
0.7572, 0.3798
0.7612, 0.3798
0.7612, 0.3798
0.7612, 0.3798
0.7612, 0.3798
0.7612, 0.3798
0.7612, 0.3798
0.7652, 0.3798
0.7652, 0.3798
0.7652, 0.3798
0.7692, 0.3798
0.7692, 0.3798
0.7692, 0.3798
0.7692, 0.3798
0.7692, 0.3798
0.7692, 0.3798
0.7692, 0.3798
0.7692, 0.3798
0.7692, 0.3798
0.7732, 0.3798
0.7732, 0.3798
0.7732, 0.3798
0.7772, 0.3798
0.7772, 0.3798
0.7772, 0.3798
0.7772, 0.3798
0.7772, 0.3798
0.7772, 0.3798
0.7772, 0.3798
0.7772, 0.3798
0.7772, 0.3798
0.7772, 0.3798
0.7772, 0.3798
0.7772, 0.3798
0.7772, 0.3798
0.7812, 0.3798
0.7812, 0.3798
0.7812, 0.3798
0.7852, 0.3798
0.7852, 0.3798
0.7852, 0.3798
0.7852, 0.3798
0.7852, 0.3798
0.7852, 0.3798
0.7892, 0.3798
0.7892, 0.3798
0.7892, 0.3798
0.7892, 0.3798
0.7892, 0.3798
0.7892, 0.3798
0.7932, 0.3798
0.7932, 0.3798
0.7932, 0.3798
0.7932, 0.3798
0.7932, 0.3798
0.7932, 0.3798
0.7971, 0.3798
0.7971, 0.3798
0.7971, 0.3798
0.7971, 0.3798
0.7971, 0.3798
0.7971, 0.3798
0.7971, 0.3798
0.7971, 0.3798
0.7971, 0.3798
0.7971, 0.3798
0.8011, 0.3798
0.8011, 0.3798
0.8011, 0.3798
0.8011, 0.3798
0.8011, 0.3798
0.8011, 0.3798
0.8051, 0.3798
0.8051, 0.3798
0.8051, 0.3798
0.8091, 0.3798
0.8091, 0.3798
0.8091, 0.3798
0.8131, 0.3798
0.8131, 0.3798
0.8131, 0.3798
0.8171, 0.3798
0.8171, 0.3798
0.8211, 0.3798
0.8251, 0.3798
0.8291, 0.3798
0.8291, 0.3798
0.8291, 0.3798
0.8331, 0.3798
0.8331, 0.3798
0.8331, 0.3798
0.8331, 0.3798
0.8331, 0.3798
0.8371, 0.3798
0.8371, 0.3798
0.8371, 0.3798
0.8371, 0.3798
0.8371, 0.3798
0.8371, 0.3798
0.8371, 0.3798
0.8371, 0.3798
0.8371, 0.3798
0.8411, 0.3798
0.8411, 0.3798
0.8411, 0.3798
0.8411, 0.3798
0.8411, 0.3798
0.8411, 0.3798
0.8450, 0.3798
0.8450, 0.3798
0.8450, 0.3798
0.8490, 0.3798
0.8490, 0.3798
0.8490, 0.3798
0.8490, 0.3798
0.8490, 0.3798
0.8490, 0.3798
0.8530, 0.3798
0.8530, 0.3798
0.8570, 0.3798
0.8570, 0.3798
0.8570, 0.3798
0.8570, 0.3798
0.8570, 0.3798
0.8570, 0.3798
0.8610, 0.3798
0.8610, 0.3798
0.8610, 0.3798
0.8650, 0.3798
0.8650, 0.3798
0.8650, 0.3798
0.8690, 0.3798
0.8690, 0.3798
0.8690, 0.3798
0.8690, 0.3798
0.8690, 0.3798
0.8730, 0.3798
0.8730, 0.3798
0.8730, 0.3798
0.8770, 0.3798
0.8770, 0.3798
0.8770, 0.3798
0.8770, 0.3798
0.8770, 0.3798
0.8770, 0.3798
0.8809, 0.3773
0.8809, 0.3773
0.8809, 0.3773
0.8809, 0.3773
0.8809, 0.3773
0.8809, 0.3773
0.8849, 0.3773
0.8849, 0.3773
0.8849, 0.3773
0.8889, 0.3773
0.8889, 0.3773
0.8889, 0.3773
0.8889, 0.3773
0.8889, 0.3773
0.8889, 0.3773
0.8928, 0.3773
0.8928, 0.3773
0.8928, 0.3773
0.8928, 0.3773
0.8928, 0.3773
0.8928, 0.3773
0.8968, 0.3773
0.8968, 0.3773
0.8968, 0.3773
0.8968, 0.3773
0.8968, 0.3773
0.8968, 0.3773
0.9008, 0.3747
0.9008, 0.3747
0.9008, 0.3747
0.9008, 0.3747
0.9008, 0.3747
0.9008, 0.3747
0.9048, 0.3747
0.9048, 0.3747
0.9048, 0.3747
0.9048, 0.3747
0.9048, 0.3747
0.9048, 0.3747
0.9088, 0.3721
0.9088, 0.3721
0.9088, 0.3721
0.9088, 0.3721
0.9088, 0.3721
0.9088, 0.3721
0.9128, 0.3721
0.9128, 0.3721
0.9168, 0.3721
0.9168, 0.3721
0.9168, 0.3721
0.9168, 0.3721
0.9168, 0.3721
0.9168, 0.3721
0.9168, 0.3721
0.9168, 0.3721
0.9168, 0.3721
0.9168, 0.3721
0.9168, 0.3721
0.9168, 0.3721
0.9208, 0.3721
0.9208, 0.3721
0.9208, 0.3721
0.9208, 0.3695
0.9208, 0.3695
0.9208, 0.3695
0.9248, 0.3695
0.9248, 0.3695
0.9248, 0.3695
0.9248, 0.3695
0.9248, 0.3695
0.9248, 0.3695
0.9248, 0.3695
0.9248, 0.3695
0.9248, 0.3695
0.9248, 0.3695
0.9248, 0.3695
0.9248, 0.3695
0.9248, 0.3695
0.9248, 0.3669
0.9248, 0.3669
0.9288, 0.3669
0.9288, 0.3669
0.9288, 0.3669
0.9328, 0.3669
0.9328, 0.3669
0.9328, 0.3669
0.9328, 0.3643
0.9328, 0.3643
0.9368, 0.3643
0.9368, 0.3643
0.9368, 0.3643
0.9368, 0.3643
0.9368, 0.3643
0.9368, 0.3643
0.9368, 0.3643
0.9368, 0.3643
0.9368, 0.3643
0.9368, 0.3643
0.9368, 0.3643
0.9407, 0.3643
0.9407, 0.3643
0.9407, 0.3643
0.9407, 0.3618
0.9407, 0.3618
0.9407, 0.3618
0.9447, 0.3618
0.9447, 0.3618
0.9447, 0.3618
0.9447, 0.3618
0.9447, 0.3618
0.9447, 0.3618
0.9447, 0.3592
0.9447, 0.3592
0.9447, 0.3592
0.9447, 0.3592
0.9447, 0.3592
0.9447, 0.3592
0.9487, 0.3592
0.9487, 0.3592
0.9487, 0.3592
0.9487, 0.3592
0.9487, 0.3592
0.9527, 0.3592
0.9527, 0.3592
0.9527, 0.3592
0.9527, 0.3566
0.9527, 0.3566
0.9527, 0.3566
0.9567, 0.3566
0.9567, 0.3566
0.9567, 0.3566
0.9567, 0.3566
0.9567, 0.3566
0.9567, 0.3566
0.9567, 0.3566
0.9567, 0.3566
0.9567, 0.3566
0.9567, 0.3540
0.9567, 0.3540
0.9567, 0.3540
0.9567, 0.3540
0.9567, 0.3540
0.9567, 0.3540
0.9607, 0.3540
0.9607, 0.3540
0.9607, 0.3540
0.9607, 0.3540
0.9607, 0.3540
0.9607, 0.3540
0.9607, 0.3514
0.9607, 0.3514
0.9607, 0.3514
0.9647, 0.3514
0.9647, 0.3514
0.9647, 0.3514
0.9647, 0.3514
0.9647, 0.3514
0.9647, 0.3514
0.9647, 0.3514
0.9647, 0.3514
0.9647, 0.3514
0.9647, 0.3514
0.9647, 0.3514
0.9647, 0.3514
0.9647, 0.3514
0.9647, 0.3514
0.9647, 0.3514
0.9647, 0.3514
0.9647, 0.3514
0.9647, 0.3514
0.9647, 0.3514
0.9647, 0.3514
0.9647, 0.3514
0.9647, 0.3514
0.9647, 0.3514
0.9647, 0.3514
0.9647, 0.3514
0.9647, 0.3514
0.9647, 0.3514
0.9647, 0.3514
0.9647, 0.3514
0.9647, 0.3514
0.9647, 0.3514
0.9647, 0.3514
0.9647, 0.3514
0.9647, 0.3514
0.9647, 0.3514
0.9647, 0.3514
0.9647, 0.3514
0.9647, 0.3514
0.9647, 0.3514
0.9647, 0.3514
0.9647, 0.3514
0.9647, 0.3514

0.5978, 0.3230
0.5978, 0.3230
0.5978, 0.3230
0.5978, 0.3230
0.5978, 0.3230
0.5978, 0.3230
0.5978, 0.3230
0.5978, 0.3230
0.5978, 0.3230
0.5978, 0.3230
0.5978, 0.3230
0.5978, 0.3230
0.5978, 0.3230
0.5978, 0.3230
0.5978, 0.3230
0.5978, 0.3230
0.5978, 0.3230
0.5978, 0.3230
0.5978, 0.3230
0.5978, 0.3230
0.5978, 0.3230
0.5978, 0.3230
0.5978, 0.3230
0.5978, 0.3230
0.5978, 0.3230
0.5978, 0.3230
0.5978, 0.3230
0.5978, 0.3230
0.5978, 0.3230
0.5978, 0.3230
0.5978, 0.3230
0.5978, 0.3230
0.5978, 0.3230
0.5978, 0.3230
0.5978, 0.3230
0.5978, 0.3230
0.5978, 0.3230
0.5978, 0.3230
0.5978, 0.3230
0.5978, 0.3230
0.5978, 0.3230
0.5978, 0.3230
0.5978, 0.3230
0.5978, 0.3230
0.5978, 0.3230
0.5978, 0.3230
0.5978, 0.3230
0.5978, 0.3230
0.5978, 0.3230
0.5978, 0.3230
0.5978, 0.3230
0.5978, 0.3230
0.5978, 0.3230
0.5978, 0.3230
0.5978, 0.3230
0.5978, 0.3230
0.5978, 0.3230
0.5978, 0.3230
0.5978, 0.3230
0.5978, 0.3230
0.5978, 0.3230
0.5978, 0.3230
0.5978, 0.3230
0.5978, 0.3230
0.5978, 0.3230
0.5978, 0.3230
0.5978, 0.3230
0.5978, 0.3230
0.5978, 0.3230
0.5978, 0.3230
0.5978, 0.3230
0.5978, 0.3230
0.5978, 0.3230
0.5978, 0.3230
0.5978, 0.3230
0.5978, 0.3230
0.5978, 0.3230
0.5978, 0.3230
0.5978, 0.3230
0.5978, 0.3230
0.5978, 0.3230
0.5978, 0.3230
0.5978, 0.3230
0.5978, 0.3230
0.5978, 0.3230
0.5978, 0.3230
0.5978, 0.3230
0.5978, 0.3230
0.5978, 0.3230
0.5978, 0.3230
0.5978, 0.3230
0.5978, 0.3230
0.5978, 0.3230
0.5978, 0.3230
0.5978, 0.3230
0.5978, 0.3230
0.5978, 0.3230
0.5978, 0.3230
0.5978, 0.3230
0.5938, 0.3230
0.5938, 0.3230
0.5938, 0.3230
0.5938, 0.3230
0.5938, 0.3230
0.5938, 0.3230
0.5938, 0.3230
0.5938, 0.3230
0.5938, 0.3230
0.5938, 0.3230
0.5938, 0.3230
0.5938, 0.3230
0.5938, 0.3230
0.5938, 0.3230
0.5938, 0.3230
0.5938, 0.3230
0.5938, 0.3230
0.5938, 0.3230
0.5938, 0.3204
0.5938, 0.3204
0.5938, 0.3204
0.5938, 0.3204
0.5938, 0.3204
0.5938, 0.3204
0.5938, 0.3204
0.5938, 0.3204
0.5938, 0.3204
0.5938, 0.3204
0.5938, 0.3204
0.5938, 0.3204
0.5938, 0.3204
0.5898, 0.3204
0.5898, 0.3204
0.5898, 0.3204
0.5898, 0.3204
0.5898, 0.3204
0.5898, 0.3204
0.5898, 0.3204
0.5898, 0.3204
0.5898, 0.3204
0.5898, 0.3204
0.5898, 0.3204
0.5898, 0.3204
0.5898, 0.3204
0.5898, 0.3204
0.5898, 0.3204
0.5898, 0.3204
0.5898, 0.3204
0.5898, 0.3204
0.5898, 0.3204
0.5898, 0.3204
0.5898, 0.3204
0.5898, 0.3204
0.5898, 0.3204
0.5898, 0.3204
0.5858, 0.3204
0.5858, 0.3204
0.5858, 0.3204
0.5858, 0.3204
0.5858, 0.3178
0.5858, 0.3178
0.5858, 0.3178
0.5858, 0.3178
0.5858, 0.3178
0.5858, 0.3178
0.5858, 0.3178
0.5858, 0.3178
0.5858, 0.3178
0.5858, 0.3178
0.5858, 0.3178
0.5858, 0.3178
0.5858, 0.3178
0.5858, 0.3178
0.5858, 0.3178
0.5858, 0.3178
0.5858, 0.3178
0.5858, 0.3178
0.5858, 0.3178
0.5858, 0.3178
0.5858, 0.3178
0.5858, 0.3178
0.5818, 0.3152
0.5818, 0.3152
0.5818, 0.3152
0.5818, 0.3152
0.5818, 0.3152
0.5818, 0.3152
0.5818, 0.3152
0.5818, 0.3152
0.5818, 0.3152
0.5818, 0.3152
0.5818, 0.3152
0.5818, 0.3152
0.5818, 0.3152
0.5818, 0.3127
0.5818, 0.3127
0.5818, 0.3127
0.5818, 0.3127
0.5818, 0.3127
0.5818, 0.3127
0.5818, 0.3127
0.5818, 0.3127
0.5818, 0.3127
0.5818, 0.3127
0.5818, 0.3127
0.5818, 0.3127
0.5818, 0.3127
0.5818, 0.3127
0.5818, 0.3127
0.5818, 0.3127
0.5818, 0.3127
0.5818, 0.3127
0.5818, 0.3127
0.5818, 0.3127
0.5818, 0.3127
0.5818, 0.3127
0.5818, 0.3127
0.5818, 0.3127
0.5818, 0.3127
0.5778, 0.3101
0.5778, 0.3101
0.5778, 0.3101
0.5778, 0.3101
0.5778, 0.3101
0.5778, 0.3101
0.5778, 0.3101
0.5778, 0.3101
0.5778, 0.3075
0.5778, 0.3075
0.5778, 0.3075
0.5778, 0.3075
0.5738, 0.3075
0.5738, 0.3075
0.5738, 0.3075
0.5738, 0.3075
0.5738, 0.3075
0.5738, 0.3075
0.5738, 0.3075
0.5738, 0.3075
0.5738, 0.3075
0.5738, 0.3075
0.5738, 0.3075
0.5738, 0.3075
0.5738, 0.3075
0.5738, 0.3075
0.5738, 0.3075
0.5738, 0.3075
0.5738, 0.3075
0.5738, 0.3075
0.5738, 0.3075
0.5738, 0.3075
0.5738, 0.3075
0.5738, 0.3075
0.5738, 0.3075
0.5738, 0.3075
0.5738, 0.3075
0.5738, 0.3049
0.5738, 0.3049
0.5738, 0.3049
0.5738, 0.3049
0.5738, 0.3049
0.5738, 0.3049
0.5738, 0.3049
0.5738, 0.3049
0.5738, 0.3049
0.5738, 0.3049
0.5738, 0.3049
0.5738, 0.3049
0.5738, 0.3049
0.5698, 0.3023
0.5698, 0.3023
0.5698, 0.3023
0.5698, 0.3023
0.5698, 0.3023
0.5698, 0.3023
0.5698, 0.3023
0.5698, 0.3023
0.5698, 0.3023
0.5698, 0.2997
0.5698, 0.2997
0.5698, 0.2997
0.5698, 0.2997
0.5698, 0.2997
0.5698, 0.2997
0.5698, 0.2997
0.5698, 0.2997
0.5658, 0.2997
0.5658, 0.2997
0.5658, 0.2997
0.5658, 0.2997
0.5658, 0.2997
0.5658, 0.2997
0.5658, 0.2997
0.5658, 0.2997
0.5658, 0.2997
0.5658, 0.2997
0.5658, 0.2997
0.5658, 0.2997
0.5658, 0.2997
0.5658, 0.2972
0.5658, 0.2972
0.5658, 0.2972
0.5658, 0.2972
0.5618, 0.2972
0.5618, 0.2972
0.5618, 0.2972
0.5618, 0.2972
0.5618, 0.2946
0.5618, 0.2946
0.5618, 0.2946
0.5618, 0.2946
0.5618, 0.2946
0.5618, 0.2946
0.5618, 0.2946
0.5618, 0.2946
0.5618, 0.2946
0.5618, 0.2946
0.5618, 0.2946
0.5618, 0.2946
0.5618, 0.2946
0.5618, 0.2946
0.5618, 0.2946
0.5618, 0.2946
0.5618, 0.2946
0.5618, 0.2946
0.5618, 0.2946
0.5618, 0.2946
0.5618, 0.2946
0.5618, 0.2946
0.5618, 0.2946
0.5618, 0.2946
0.5618, 0.2946
0.5618, 0.2946
0.5618, 0.2946
0.5618, 0.2946
0.5618, 0.2946
0.5618, 0.2946
0.5618, 0.2946
0.5618, 0.2946
0.5618, 0.2946
0.5618, 0.2946
0.5618, 0.2946
0.5618, 0.2946
0.5618, 0.2946
0.5618, 0.2946
0.5618, 0.2946
0.5618, 0.2946
0.5618, 0.2946
0.5618, 0.2946
0.5618, 0.2946
0.5618, 0.2920
0.5618, 0.2920
0.5618, 0.2920
0.5618, 0.2920
0.5618, 0.2920
0.5618, 0.2920
0.5618, 0.2920
0.5618, 0.2920
0.5618, 0.2920
0.5618, 0.2920
0.5618, 0.2920
0.5618, 0.2920
0.5618, 0.2894
0.5618, 0.2894
0.5618, 0.2894
0.5618, 0.2894
0.5618, 0.2894
0.5618, 0.2894
0.5618, 0.2894
0.5618, 0.2894
0.5618, 0.2894
0.5618, 0.2894
0.5618, 0.2894
0.5618, 0.2894
0.5618, 0.2868
0.5618, 0.2868
0.5618, 0.2868
0.5618, 0.2868
0.5618, 0.2868
0.5618, 0.2868
0.5618, 0.2868
0.5618, 0.2868
0.5618, 0.2868
0.5618, 0.2868
0.5618, 0.2868
0.5618, 0.2868
0.5618, 0.2868
0.5618, 0.2868
0.5618, 0.2868
0.5618, 0.2868
0.5618, 0.2868
0.5618, 0.2868
0.5618, 0.2868
0.5618, 0.2868
0.5618, 0.2868
0.5618, 0.2868
0.5618, 0.2868
0.5618, 0.2868
0.5618, 0.2868
0.5618, 0.2868
0.5618, 0.2868
0.5618, 0.2868
0.5618, 0.2868
0.5618, 0.2868
0.5618, 0.2842
0.5618, 0.2842
0.5618, 0.2842
0.5578, 0.2842
0.5578, 0.2842
0.5578, 0.2842
0.5578, 0.2842
0.5578, 0.2817
0.5578, 0.2817
0.5578, 0.2817
0.5578, 0.2817
0.5578, 0.2817
0.5578, 0.2817
0.5578, 0.2817
0.5578, 0.2817
0.5578, 0.2817
0.5578, 0.2817
0.5578, 0.2817
0.5578, 0.2817
0.5578, 0.2817
0.5578, 0.2817
0.5578, 0.2817
0.5578, 0.2817
0.5578, 0.2791
0.5578, 0.2791
0.5578, 0.2791
0.5578, 0.2791
0.5538, 0.2791
0.5538, 0.2791
0.5538, 0.2791
0.5538, 0.2791
0.5538, 0.2791
0.5538, 0.2791
0.5538, 0.2791
0.5538, 0.2791
0.5538, 0.2765
0.5538, 0.2765
0.5538, 0.2765
0.5538, 0.2765
0.5538, 0.2765
0.5538, 0.2765
0.5538, 0.2765
0.5538, 0.2765
0.5538, 0.2765
0.5538, 0.2739
0.5538, 0.2739
0.5538, 0.2739
0.5538, 0.2739
0.5538, 0.2739
0.5538, 0.2739
0.5538, 0.2739
0.5538, 0.2739
0.5538, 0.2739
0.5538, 0.2739
0.5538, 0.2739
0.5538, 0.2739
0.5538, 0.2739
0.5538, 0.2739
0.5538, 0.2739
0.5538, 0.2739
0.5538, 0.2739
0.5538, 0.2739
0.5538, 0.2739
0.5538, 0.2713
0.5538, 0.2713
0.5538, 0.2713
0.5538, 0.2713
0.5538, 0.2713
0.5538, 0.2713
0.5538, 0.2713
0.5538, 0.2713
0.5538, 0.2713
0.5538, 0.2687
0.5538, 0.2687
0.5538, 0.2687
0.5538, 0.2687
0.5538, 0.2687
0.5538, 0.2687
0.5538, 0.2687
0.5538, 0.2687
0.5538, 0.2687
0.5538, 0.2687
0.5538, 0.2687
0.5538, 0.2687
0.5538, 0.2687
0.5538, 0.2687
0.5538, 0.2687
0.5538, 0.2687
0.5538, 0.2687
0.5538, 0.2687
0.5538, 0.2687
0.5498, 0.2687
0.5498, 0.2687
0.5498, 0.2687
0.5498, 0.2661
0.5498, 0.2661
0.5498, 0.2661
0.5498, 0.2661
0.5498, 0.2661
0.5498, 0.2661
0.5498, 0.2661
0.5498, 0.2661
0.5498, 0.2636
0.5498, 0.2636
0.5498, 0.2636
0.5498, 0.2636
0.5498, 0.2636
0.5498, 0.2636
0.5498, 0.2636
0.5498, 0.2636
0.5498, 0.2610
0.5498, 0.2610
0.5498, 0.2610
0.5498, 0.2610
0.5498, 0.2610
0.5498, 0.2610
0.5498, 0.2610
0.5498, 0.2610
0.5498, 0.2610
0.5498, 0.2610
0.5498, 0.2610
0.5498, 0.2610
0.5498, 0.2610
0.5498, 0.2584
0.5498, 0.2584
0.5498, 0.2584
0.5498, 0.2584
0.5498, 0.2584
0.5498, 0.2584
0.5498, 0.2584
0.5498, 0.2584
0.5498, 0.2584
0.5498, 0.2558
0.5498, 0.2558
0.5498, 0.2558
0.5498, 0.2558
0.5498, 0.2558
0.5498, 0.2558
0.5498, 0.2558
0.5498, 0.2558
0.5498, 0.2558
0.5498, 0.2558
0.5498, 0.2558
0.5498, 0.2558
0.5498, 0.2532
0.5498, 0.2532
0.5498, 0.2532
0.5498, 0.2532
0.5498, 0.2532
0.5498, 0.2506
0.5498, 0.2506
0.5498, 0.2506
0.5498, 0.2506
0.5498, 0.2506
0.5498, 0.2506
0.5498, 0.2506
0.5498, 0.2506
0.5498, 0.2506
0.5498, 0.2506
0.5498, 0.2506
0.5498, 0.2506
0.5498, 0.2481
0.5498, 0.2481
0.5498, 0.2481
0.5498, 0.2481
0.5498, 0.2481
0.5498, 0.2481
0.5498, 0.2455
0.5498, 0.2455
0.5498, 0.2455
0.5498, 0.2429
0.5498, 0.2429
0.5498, 0.2429
0.5498, 0.2429
0.5498, 0.2429
0.5498, 0.2429
0.5498, 0.2429
0.5498, 0.2429
0.5498, 0.2429
0.5498, 0.2403
0.5498, 0.2403
0.5498, 0.2403
0.5498, 0.2403
0.5498, 0.2403
0.5498, 0.2403
0.5498, 0.2377
0.5498, 0.2377
0.5498, 0.2377
0.5498, 0.2377
0.5498, 0.2377
0.5498, 0.2377
0.5498, 0.2377
0.5498, 0.2377
0.5498, 0.2377
0.5498, 0.2377
0.5498, 0.2377
0.5498, 0.2377
0.5498, 0.2377
0.5498, 0.2377
0.5498, 0.2377
0.5498, 0.2377
0.5498, 0.2377
0.5498, 0.2377
0.5498, 0.2377
0.5498, 0.2377
0.5498, 0.2377
0.5498, 0.2377
0.5498, 0.2377
0.5498, 0.2377
0.5498, 0.2377
0.5498, 0.2377
0.5498, 0.2377
0.5498, 0.2351
0.5498, 0.2351
0.5498, 0.2351
0.5498, 0.2351
0.5498, 0.2351
0.5498, 0.2351
0.5498, 0.2351
0.5498, 0.2351
0.5498, 0.2351
0.5498, 0.2326
0.5498, 0.2326
0.5498, 0.2326
0.5498, 0.2326
0.5498, 0.2326
0.5498, 0.2326
0.5498, 0.2326
0.5498, 0.2326
0.5498, 0.2326
0.5498, 0.2326
0.5498, 0.2326
0.5498, 0.2326
0.5498, 0.2300
0.5498, 0.2300
0.5498, 0.2300
0.5538, 0.2300
0.5538, 0.2300
0.5538, 0.2300
0.5538, 0.2300
0.5538, 0.2300
0.5538, 0.2300
0.5538, 0.2300
0.5538, 0.2300
0.5538, 0.2300
0.5538, 0.2300
0.5538, 0.2300
0.5538, 0.2300
0.5578, 0.2300
0.5578, 0.2300
0.5578, 0.2300
0.5578, 0.2300
0.5578, 0.2300
0.5578, 0.2300
0.5578, 0.2300
0.5578, 0.2300
0.5578, 0.2300
0.5578, 0.2274
0.5578, 0.2274
0.5578, 0.2274
0.5578, 0.2274
0.5578, 0.2274
0.5618, 0.2274
0.5618, 0.2274
0.5618, 0.2274
0.5618, 0.2274
0.5618, 0.2274
0.5618, 0.2274
0.5658, 0.2248
0.5658, 0.2248
0.5658, 0.2248
0.5698, 0.2248
0.5698, 0.2248
0.5698, 0.2248
0.5698, 0.2248
0.5698, 0.2248
0.5698, 0.2248
0.5698, 0.2248
0.5698, 0.2248
0.5698, 0.2248
0.5738, 0.2248
0.5738, 0.2248
0.5738, 0.2248
0.5738, 0.2248
0.5738, 0.2248
0.5738, 0.2248
0.5778, 0.2248
0.5778, 0.2248
0.5778, 0.2222
0.5778, 0.2222
0.5778, 0.2222
0.5778, 0.2222
0.5778, 0.2222
0.5778, 0.2222
0.5818, 0.2222
0.5818, 0.2222
0.5818, 0.2222
0.5818, 0.2222
0.5818, 0.2222
0.5818, 0.2222
0.5858, 0.2222
0.5858, 0.2222
0.5858, 0.2196
0.5858, 0.2196
0.5858, 0.2196
0.5898, 0.2196
0.5898, 0.2196
0.5898, 0.2196
0.5898, 0.2196
0.5898, 0.2196
0.5898, 0.2196
0.5898, 0.2196
0.5898, 0.2196
0.5898, 0.2196
0.5938, 0.2196
0.5938, 0.2196
0.5938, 0.2196
0.5938, 0.2171
0.5938, 0.2171
0.5978, 0.2171
0.5978, 0.2171
0.5978, 0.2171
0.5978, 0.2171
0.5978, 0.2171
0.5978, 0.2171
0.5978, 0.2171
0.5978, 0.2171
0.5978, 0.2171
0.5978, 0.2171
0.5978, 0.2171
0.5978, 0.2171
0.6017, 0.2171
0.6017, 0.2171
0.6017, 0.2171
0.6057, 0.2171
0.6057, 0.2171
0.6057, 0.2171
0.6057, 0.2171
0.6057, 0.2171
0.6057, 0.2145
0.6057, 0.2145
0.6097, 0.2145
0.6097, 0.2145
0.6097, 0.2145
0.6097, 0.2145
0.6097, 0.2145
0.6097, 0.2145
0.6097, 0.2145
0.6097, 0.2145
0.6097, 0.2145
0.6137, 0.2145
0.6137, 0.2145
0.6137, 0.2145
0.6137, 0.2145
0.6137, 0.2145
0.6137, 0.2145
0.6137, 0.2145
0.6137, 0.2145
0.6137, 0.2145
0.6177, 0.2145
0.6177, 0.2145
0.6177, 0.2145
0.6177, 0.2119
0.6177, 0.2119
0.6177, 0.2119
0.6177, 0.2119
0.6177, 0.2119
0.6177, 0.2119
0.6177, 0.2119
0.6177, 0.2119
0.6217, 0.2119
0.6217, 0.2119
0.6217, 0.2119
0.6217, 0.2119
0.6217, 0.2119
0.6217, 0.2119
0.6257, 0.2119
0.6257, 0.2119
0.6257, 0.2119
0.6257, 0.2119
0.6257, 0.2119
0.6296, 0.2093
0.6296, 0.2093
0.6296, 0.2093
0.6336, 0.2093
0.6336, 0.2093
0.6336, 0.2093
0.6336, 0.2093
0.6336, 0.2093
0.6336, 0.2093
0.6336, 0.2093
0.6336, 0.2093
0.6336, 0.2093
0.6336, 0.2093
0.6336, 0.2093
0.6336, 0.2093
0.6336, 0.2093
0.6336, 0.2093
0.6336, 0.2093
0.6336, 0.2093
0.6336, 0.2093
0.6336, 0.2093
0.6336, 0.2067
0.6336, 0.2067
0.6376, 0.2067
0.6376, 0.2067
0.6376, 0.2067
0.6376, 0.2067
0.6376, 0.2067
0.6376, 0.2041
0.6376, 0.2041
0.6376, 0.2041
0.6376, 0.2041
0.6376, 0.2041
0.6376, 0.2041
0.6376, 0.2041
0.6376, 0.2041
0.6416, 0.2041
0.6416, 0.2041
0.6416, 0.2041
0.6416, 0.2041
0.6416, 0.2041
0.6416, 0.2041
0.6416, 0.2041
0.6416, 0.2041
0.6416, 0.2041
0.6416, 0.2041
0.6416, 0.2041
0.6416, 0.2041
0.6416, 0.2041
0.6416, 0.2041
0.6456, 0.2016
0.6456, 0.2016
0.6456, 0.2016
0.6456, 0.2016
0.6456, 0.2016
0.6456, 0.2016
0.6456, 0.2016
0.6456, 0.2016
0.6456, 0.1990
0.6456, 0.1990
0.6456, 0.1990
0.6456, 0.1990
0.6456, 0.1990
0.6456, 0.1990
0.6456, 0.1990
0.6456, 0.1990
0.6456, 0.1990
0.6456, 0.1990
0.6456, 0.1990
0.6456, 0.1990
0.6456, 0.1990
0.6456, 0.1990
0.6456, 0.1990
0.6456, 0.1964
0.6456, 0.1964
0.6456, 0.1964
0.6456, 0.1964
0.6456, 0.1964
0.6456, 0.1964
0.6456, 0.1964
0.6456, 0.1964
0.6495, 0.1938
0.6495, 0.1938
0.6495, 0.1938
0.6495, 0.1912
0.6495, 0.1912
0.6495, 0.1912
0.6495, 0.1912
0.6495, 0.1912
0.6495, 0.1912
0.6495, 0.1912
0.6495, 0.1912
0.6495, 0.1912
0.6495, 0.1912
0.6495, 0.1912
0.6495, 0.1912
0.6495, 0.1912
0.6495, 0.1912
0.6495, 0.1912
0.6495, 0.1912
0.6495, 0.1886
0.6495, 0.1886
0.6495, 0.1886
0.6495, 0.1886
0.6495, 0.1886
0.6495, 0.1886
0.6495, 0.1886
0.6495, 0.1886
0.6495, 0.1886
0.6495, 0.1886
0.6495, 0.1860
0.6495, 0.1860
0.6495, 0.1860
0.6495, 0.1860
0.6495, 0.1860
0.6495, 0.1860
0.6495, 0.1860
0.6495, 0.1860
0.6495, 0.1860
0.6495, 0.1860
0.6495, 0.1860
0.6495, 0.1860
0.6495, 0.1860
0.6495, 0.1860
0.6495, 0.1860
0.6495, 0.1835
0.6495, 0.1835
0.6495, 0.1835
0.6495, 0.1835
0.6495, 0.1835
0.6495, 0.1809
0.6495, 0.1809
0.6495, 0.1809
0.6495, 0.1809
0.6495, 0.1809
0.6495, 0.1809
0.6495, 0.1809
0.6495, 0.1809
0.6456, 0.1783
0.6456, 0.1783
0.6456, 0.1783
0.6456, 0.1783
0.6456, 0.1783
0.6416, 0.1783
0.6416, 0.1783
0.6416, 0.1783
0.6416, 0.1783
0.6416, 0.1783
0.6416, 0.1783
0.6416, 0.1783
0.6416, 0.1757
0.6416, 0.1757
0.6376, 0.1757
0.6376, 0.1757
0.6336, 0.1757
0.6336, 0.1757
0.6336, 0.1757
0.6336, 0.1731
0.6336, 0.1731
0.6296, 0.1731
0.6296, 0.1731
0.6296, 0.1731
0.6296, 0.1731
0.6296, 0.1731
0.6296, 0.1731
0.6296, 0.1731
0.6296, 0.1731
0.6296, 0.1731
0.6296, 0.1731
0.6257, 0.1731
0.6257, 0.1731
0.6217, 0.1731
0.6217, 0.1731
0.6217, 0.1731
0.6217, 0.1731
0.6217, 0.1731
0.6217, 0.1731
0.6217, 0.1731
0.6177, 0.1731
0.6177, 0.1731
0.6137, 0.1731
0.6137, 0.1731
0.6137, 0.1731
0.6097, 0.1731
0.6097, 0.1731
0.6097, 0.1731
0.6097, 0.1731
0.6057, 0.1731
0.6057, 0.1731
0.6057, 0.1731
0.6057, 0.1731
0.6057, 0.1731
0.6017, 0.1731
0.6017, 0.1731
0.6017, 0.1731
0.6017, 0.1731
0.6017, 0.1731
0.6017, 0.1731
0.6017, 0.1731
0.6017, 0.1731
0.6017, 0.1731
0.6017, 0.1731
0.5978, 0.1731
0.5978, 0.1731
0.5978, 0.1731
0.5978, 0.1731
0.5978, 0.1731
0.5938, 0.1705
0.5938, 0.1705
0.5938, 0.1705
0.5938, 0.1705
0.5938, 0.1705
0.5938, 0.1705
0.5938, 0.1705
0.5898, 0.1705
0.5898, 0.1705
0.5898, 0.1705
0.5858, 0.1705
0.5858, 0.1705
0.5818, 0.1705
0.5818, 0.1705
0.5818, 0.1705
0.5818, 0.1680
0.5818, 0.1680
0.5818, 0.1680
0.5818, 0.1680
0.5778, 0.1680
0.5778, 0.1680
0.5778, 0.1680
0.5778, 0.1680
0.5778, 0.1680
0.5738, 0.1680
0.5738, 0.1680
0.5738, 0.1680
0.5738, 0.1680
0.5738, 0.1680
0.5738, 0.1680
0.5738, 0.1680
0.5738, 0.1680
0.5738, 0.1680
0.5738, 0.1680
0.5738, 0.1680
0.5738, 0.1680
0.5698, 0.1680
0.5698, 0.1680
0.5698, 0.1680
0.5698, 0.1680
0.5698, 0.1680
0.5698, 0.1680
0.5698, 0.1680
0.5698, 0.1680
0.5658, 0.1654
0.5658, 0.1654
0.5658, 0.1654
0.5658, 0.1654
0.5658, 0.1654
0.5618, 0.1654
0.5618, 0.1654
0.5618, 0.1654
0.5618, 0.1654
0.5618, 0.1628
0.5618, 0.1628
0.5618, 0.1628
0.5618, 0.1628
0.5618, 0.1628
0.5618, 0.1628
0.5618, 0.1628
0.5578, 0.1602
0.5578, 0.1602
0.5578, 0.1602
0.5578, 0.1602
0.5578, 0.1602
0.5578, 0.1602
0.5578, 0.1602
0.5538, 0.1602
0.5538, 0.1602
0.5538, 0.1602
0.5538, 0.1602
0.5538, 0.1602
0.5538, 0.1602
0.5538, 0.1602
0.5538, 0.1602
0.5538, 0.1602
0.5538, 0.1602
0.5538, 0.1576
0.5538, 0.1576
0.5538, 0.1576
0.5538, 0.1576
0.5538, 0.1576
0.5538, 0.1576
0.5538, 0.1576
0.5538, 0.1576
0.5538, 0.1550
0.5538, 0.1550
0.5538, 0.1550
0.5538, 0.1550
0.5538, 0.1550
0.5538, 0.1550
0.5538, 0.1550
0.5498, 0.1550
0.5498, 0.1550
0.5498, 0.1550
0.5498, 0.1550
0.5498, 0.1550
0.5498, 0.1525
0.5498, 0.1525
0.5498, 0.1525
0.5498, 0.1525
0.5498, 0.1499
0.5498, 0.1499
0.5498, 0.1499
0.5498, 0.1499
0.5498, 0.1499
0.5498, 0.1473
0.5498, 0.1473
0.5498, 0.1473
0.5498, 0.1473
0.5498, 0.1473
0.5498, 0.1473
0.5498, 0.1473
0.5498, 0.1473
0.5498, 0.1473
0.5498, 0.1473
0.5498, 0.1447
0.5498, 0.1447
0.5498, 0.1447
0.5498, 0.1447
0.5498, 0.1447
0.5498, 0.1421
0.5498, 0.1421
0.5498, 0.1421
0.5498, 0.1421
0.5498, 0.1421
0.5498, 0.1421
0.5498, 0.1421
0.5498, 0.1421
0.5498, 0.1395
0.5498, 0.1395
0.5498, 0.1395
0.5498, 0.1395
0.5498, 0.1395
0.5498, 0.1395
0.5498, 0.1370
0.5498, 0.1370
0.5498, 0.1344
0.5498, 0.1344
0.5498, 0.1344
0.5498, 0.1344
0.5498, 0.1344
0.5498, 0.1344
0.5498, 0.1344
0.5498, 0.1344
0.5498, 0.1344
0.5498, 0.1318
0.5498, 0.1318
0.5498, 0.1318
0.5498, 0.1318
0.5498, 0.1292
0.5498, 0.1292
0.5498, 0.1292
0.5498, 0.1292
0.5498, 0.1292
0.5498, 0.1292
0.5498, 0.1292
0.5538, 0.1266
0.5538, 0.1266
0.5538, 0.1266
0.5538, 0.1266
0.5578, 0.1240
0.5578, 0.1240
0.5578, 0.1240
0.5578, 0.1240
0.5578, 0.1240
0.5578, 0.1240
0.5578, 0.1240
0.5578, 0.1214
0.5578, 0.1214
0.5578, 0.1214
0.5578, 0.1214
0.5578, 0.1214
0.5618, 0.1214
0.5618, 0.1214
0.5618, 0.1214
0.5618, 0.1214
0.5618, 0.1214
0.5658, 0.1214
0.5658, 0.1214
0.5658, 0.1189
0.5658, 0.1189
0.5658, 0.1189
0.5698, 0.1189
0.5698, 0.1189
0.5698, 0.1189
0.5698, 0.1189
0.5738, 0.1163
0.5738, 0.1163
0.5738, 0.1163
0.5778, 0.1163
0.5778, 0.1163
0.5778, 0.1163
0.5778, 0.1163
0.5778, 0.1163
0.5778, 0.1163
0.5778, 0.1163
0.5818, 0.1163
0.5818, 0.1163
0.5858, 0.1163
0.5858, 0.1163
0.5858, 0.1163
0.5858, 0.1163
0.5898, 0.1163
0.5898, 0.1163
0.5898, 0.1163
0.5898, 0.1137
0.5898, 0.1137
0.5938, 0.1137
0.5938, 0.1137
0.5978, 0.1137
0.5978, 0.1137
0.5978, 0.1137
0.5978, 0.1137
0.5978, 0.1137
0.5978, 0.1137
0.5978, 0.1137
0.6017, 0.1137
0.6017, 0.1137
0.6057, 0.1137
0.6057, 0.1137
0.6057, 0.1111
0.6057, 0.1111
0.6057, 0.1111
0.6057, 0.1111
0.6057, 0.1111
0.6137, 0.1111
0.6137, 0.1111
0.6137, 0.1111
0.6137, 0.1111
0.6177, 0.1111
0.6177, 0.1111
0.6177, 0.1111
0.6177, 0.1085
0.6177, 0.1085
0.6217, 0.1085
0.6217, 0.1085
0.6217, 0.1085
0.6217, 0.1085
0.6257, 0.1085
0.6257, 0.1085
0.6257, 0.1085
0.6257, 0.1085
0.6257, 0.1085
0.6257, 0.1085
0.6257, 0.1085
0.6257, 0.1085
0.6257, 0.1085
0.6257, 0.1085
0.6257, 0.1085
0.6257, 0.1085
0.6296, 0.1085
0.6296, 0.1085
0.6296, 0.1085
0.6296, 0.1085
0.6296, 0.1059
0.6296, 0.1059
0.6296, 0.1059
0.6336, 0.1059
0.6336, 0.1059
0.6336, 0.1034
0.6336, 0.1034
0.6376, 0.1034
0.6376, 0.1034
0.6376, 0.1034
0.6376, 0.1034
0.6416, 0.1034
0.6416, 0.1034
0.6416, 0.1034
0.6416, 0.1034
0.6416, 0.1034
0.6416, 0.1034
0.6416, 0.1034
0.6416, 0.1034
0.6416, 0.1034
0.6416, 0.1034
0.6416, 0.1034
0.6416, 0.1034
0.6416, 0.1034
0.6416, 0.1034
0.6416, 0.1034
0.6416, 0.1008
0.6416, 0.1008
0.6456, 0.1008
0.6456, 0.1008
0.6456, 0.0982
0.6456, 0.0982
0.6456, 0.0982
0.6456, 0.0982
0.6456, 0.0982
0.6456, 0.0956
0.6456, 0.0956
0.6495, 0.0956
0.6495, 0.0956
0.6495, 0.0956
0.6495, 0.0956
0.6495, 0.0956
0.6495, 0.0956
0.6495, 0.0930
0.6495, 0.0930
0.6495, 0.0930
0.6495, 0.0930
0.6495, 0.0930
0.6495, 0.0930
0.6495, 0.0930
0.6495, 0.0904
0.6495, 0.0904
0.6495, 0.0904
0.6495, 0.0904
0.6495, 0.0904
0.6495, 0.0904
0.6495, 0.0904
0.6495, 0.0879
0.6495, 0.0879
0.6495, 0.0853
0.6495, 0.0853
0.6495, 0.0853
0.6495, 0.0853
0.6495, 0.0853
0.6495, 0.0853
0.6495, 0.0853
0.6495, 0.0827
0.6495, 0.0827
0.6495, 0.0801
0.6495, 0.0801
0.6495, 0.0775
0.6495, 0.0775
0.6456, 0.0775
0.6456, 0.0775
0.6456, 0.0775
0.6456, 0.0775
0.6456, 0.0775
0.6456, 0.0775
0.6456, 0.0775
0.6416, 0.0749
0.6416, 0.0749
0.6416, 0.0724
0.6416, 0.0724
0.6416, 0.0724
0.6416, 0.0724
0.6416, 0.0724
0.6376, 0.0724
0.6376, 0.0724
0.6336, 0.0724
0.6336, 0.0724
0.6336, 0.0698
0.6336, 0.0698
0.6336, 0.0698
0.6336, 0.0698
0.6296, 0.0672
0.6296, 0.0672
0.6296, 0.0672
0.6296, 0.0672
0.6296, 0.0672
0.6257, 0.0646
0.6257, 0.0646
0.6217, 0.0646
0.6217, 0.0646
0.6217, 0.0646
0.6217, 0.0646
0.6217, 0.0646
0.6177, 0.0646
0.6177, 0.0646
0.6137, 0.0620
0.6137, 0.0620
0.6137, 0.0620
0.6137, 0.0620
0.6137, 0.0620
0.6137, 0.0620
0.6137, 0.0620
0.6097, 0.0594
0.6097, 0.0594
0.6057, 0.0594
0.6057, 0.0594
0.6017, 0.0594
0.6017, 0.0594
0.6017, 0.0594
0.6017, 0.0594
0.6017, 0.0594
0.5978, 0.0568
0.5978, 0.0568
0.5978, 0.0568
0.5938, 0.0568
0.5938, 0.0568
0.5938, 0.0568
0.5938, 0.0568
0.5938, 0.0568
0.5938, 0.0543
0.5938, 0.0543
0.5898, 0.0517
0.5898, 0.0517
0.5898, 0.0517
0.5858, 0.0517
0.5858, 0.0517
0.5818, 0.0517
0.5818, 0.0517
0.5818, 0.0517
0.5778, 0.0491
0.5778, 0.0491
0.5738, 0.0465
0.5738, 0.0465
0.5698, 0.0465
0.5698, 0.0465
0.5698, 0.0465
0.5698, 0.0439
0.5698, 0.0439
0.5658, 0.0413
0.5658, 0.0413
0.5618, 0.0388
0.5618, 0.0388
0.5618, 0.0388
0.5618, 0.0388
0.5618, 0.0388
0.5618, 0.0362
0.5618, 0.0362
0.5618, 0.0362
0.5578, 0.0336
0.5578, 0.0336
0.5538, 0.0336
0.5538, 0.0336
0.5538, 0.0336
0.5498, 0.0284
0.5498, 0.0284
0.5498, 0.0258
0.5498, 0.0258
0.5459, 0.0258
0.5459, 0.0258
0.5459, 0.0258
0.5419, 0.0207
0.5419, 0.0207
0.5419, 0.0181
0.5419, 0.0181
0.5419, 0.0181
0.5419, 0.0181
0.5419, 0.0181
0.5379, 0.0155
0.5379, 0.0155
0.5339, 0.0129
0.5339, 0.0129
0.5339, 0.0103
0.5339, 0.0103
0.5339, 0.0103
0.5299, 0.0103
0.5299, 0.0103
0.5299, 0.0078
0.5299, 0.0078
0.5299, 0.0078
0.5299, 0.0052
0.5299, 0.0052
0.5259, 0.0052
0.5259, 0.0052
0.5259, 0.0052
0.5259, 0.0052
0.5259, 0.0052
0.5219, 0.0052
0.5219, 0.0052
0.5219, 0.0026
0.5219, 0.0026
0.5219, 0.0026
0.5219, 0.0026
0.5219, 0.0026
0.5219, 0.0026
0.5219, 0.0026
0.5219, 0.0026
0.5219, 0.0026
0.5219, 0.0026
0.5219, 0.0000
0.5219, 0.0000
0.5219, 0.0000
0.5219, 0.0000
0.5219, 0.0000
0.5219, 0.0000
0.5219, 0.0000
0.5219, 0.0000
0.5219, 0.0000
0.5219, 0.0000
0.5219, 0.0000
0.5219, 0.0000
0.5219, 0.0000
0.5219, 0.0000
0.5219, 0.0000
0.5219, 0.0000
0.5219, 0.0000
0.5219, 0.0000
0.5179, 0.0000
0.5179, 0.0000
0.5179, 0.0000
0.5179, 0.0000
0.5179, 0.0000
0.5139, 0.0000
0.5139, 0.0000
0.5139, 0.0000
0.5139, 0.0000
0.5139, 0.0000
0.5139, 0.0000
0.5139, 0.0000
