0.0000, 0.9599
0.0000, 0.9475
0.0062, 0.9290
0.0062, 0.9167
0.0124, 0.9043
0.0185, 0.8981
0.0247, 0.8796
0.0309, 0.8673
0.0370, 0.8611
0.0494, 0.8549
0.0556, 0.8488
0.0617, 0.8303
0.0679, 0.8303
0.0741, 0.8241
0.0741, 0.8179
0.0803, 0.8179
0.0988, 0.8117
0.1050, 0.8056
0.1173, 0.8056
0.1235, 0.7994
0.1482, 0.7932
0.1605, 0.7932
0.1790, 0.7870
0.2099, 0.7747
0.2284, 0.7747
0.2531, 0.7747
0.2716, 0.7685
0.2901, 0.7685
0.3086, 0.7685
0.3210, 0.7685
0.3333, 0.7685
0.3519, 0.7685
0.3642, 0.7685
0.3766, 0.7685
0.4012, 0.7685
0.4136, 0.7685
0.4321, 0.7685
0.4444, 0.7685
0.4692, 0.7809
0.4877, 0.7870
0.5124, 0.7932
0.5309, 0.7932
0.5432, 0.7994
0.5679, 0.8056
0.5803, 0.8056
0.6050, 0.8117
0.6173, 0.8117
0.6296, 0.8179
0.6482, 0.8179
0.6667, 0.8179
0.6790, 0.8241
0.6914, 0.8241
0.6975, 0.8241
0.7161, 0.8241
0.7222, 0.8241
0.7346, 0.8241
0.7469, 0.8241
0.7593, 0.8241
0.7716, 0.8241
0.7901, 0.8241
0.8086, 0.8241
0.8210, 0.8241
0.8395, 0.8241
0.8519, 0.8241
0.8704, 0.8241
0.8827, 0.8241
0.8951, 0.8241
0.9136, 0.8241
0.9198, 0.8179
0.9321, 0.8179
0.9383, 0.8117
0.9444, 0.8117
0.9506, 0.8056
0.9630, 0.8056
0.9692, 0.8056
0.9753, 0.7994
0.9815, 0.7932
0.9877, 0.7932
0.9938, 0.7932
1.0000, 0.7870
1.0000, 0.7747

0.5185, 0.7623
0.5124, 0.7623
0.5000, 0.7562
0.5000, 0.7377
0.4938, 0.7191
0.4938, 0.7068
0.4938, 0.6945
0.4938, 0.6759
0.4938, 0.6698
0.4938, 0.6636
0.4938, 0.6574
0.4938, 0.6512
0.4938, 0.6451
0.5062, 0.6451
0.5124, 0.6389
0.5247, 0.6389
0.5370, 0.6265
0.5556, 0.6265
0.5617, 0.6204
0.5679, 0.6204
0.5679, 0.6080
0.5679, 0.5957
0.5617, 0.5895
0.5494, 0.5710
0.5432, 0.5587
0.5370, 0.5525
0.5247, 0.5401
0.5185, 0.5339
0.5124, 0.5216
0.5124, 0.5154
0.5000, 0.5093
0.5000, 0.5031
0.4938, 0.4969
0.4938, 0.4907
0.4877, 0.4846
0.4877, 0.4722
0.4877, 0.4661
0.4877, 0.4599
0.4877, 0.4537
0.4877, 0.4475
0.4877, 0.4352
0.4877, 0.4228
0.4877, 0.4167
0.4938, 0.4043
0.5062, 0.3920
0.5124, 0.3796
0.5185, 0.3549
0.5247, 0.3426
0.5309, 0.3303
0.5370, 0.3117
0.5370, 0.2994
0.5432, 0.2870
0.5432, 0.2809
0.5432, 0.2623
0.5432, 0.2500
0.5432, 0.2377
0.5432, 0.2191
0.5370, 0.2006
0.5309, 0.1821
0.5185, 0.1636
0.5000, 0.1451
0.4815, 0.1327
0.4692, 0.1142
0.4630, 0.1019
0.4506, 0.0957
0.4444, 0.0833
0.4383, 0.0833
0.4383, 0.0772
0.4383, 0.0648
0.4321, 0.0648
0.4321, 0.0587
0.4321, 0.0525
0.4321, 0.0463
0.4321, 0.0401
