0.0000, 0.8000
0.0054, 0.7946
0.0054, 0.7892
0.0108, 0.7892
0.0216, 0.7838
0.0270, 0.7784
0.0324, 0.7676
0.0433, 0.7622
0.0541, 0.7568
0.0811, 0.7513
0.1081, 0.7459
0.1297, 0.7405
0.1568, 0.7351
0.1730, 0.7243
0.2054, 0.7243
0.2216, 0.7189
0.2487, 0.7189
0.2649, 0.7189
0.2811, 0.7135
0.2973, 0.7135
0.3081, 0.7135
0.3243, 0.7135
0.3405, 0.7135
0.3514, 0.7135
0.3622, 0.7135
0.3784, 0.7081
0.3892, 0.7081
0.4000, 0.7081
0.4054, 0.7081
0.4216, 0.7081
0.4324, 0.7081
0.4378, 0.7081
0.4432, 0.7081
0.4595, 0.7081
0.4649, 0.7081
0.4757, 0.7081
0.4811, 0.7081
0.4919, 0.7081
0.5027, 0.7135
0.5135, 0.7135
0.5297, 0.7189
0.5405, 0.7351
0.5622, 0.7405
0.5730, 0.7459
0.5946, 0.7568
0.6162, 0.7730
0.6270, 0.7784
0.6487, 0.7838
0.6595, 0.7946
0.6703, 0.8000
0.6919, 0.8054
0.7027, 0.8162
0.7135, 0.8216
0.7297, 0.8216
0.7405, 0.8270
0.7513, 0.8270
0.7622, 0.8324
0.7730, 0.8324
0.7838, 0.8324
0.7892, 0.8324
0.7946, 0.8324
0.8054, 0.8324
0.8162, 0.8324
0.8216, 0.8324
0.8324, 0.8324
0.8378, 0.8324
0.8486, 0.8324
0.8649, 0.8324
0.8757, 0.8324
0.8865, 0.8324
0.9081, 0.8324
0.9189, 0.8324
0.9297, 0.8324
0.9406, 0.8324
0.9622, 0.8324
0.9676, 0.8324
0.9784, 0.8324
0.9838, 0.8324
0.9946, 0.8324
1.0000, 0.8270

0.4919, 0.7459
0.4865, 0.7405
0.4811, 0.7351
0.4703, 0.7081
0.4487, 0.6919
0.4324, 0.6649
0.4216, 0.6541
0.4108, 0.6324
0.4054, 0.6270
0.4054, 0.6216
0.4054, 0.6162
0.4054, 0.6108
0.4054, 0.6054
0.4216, 0.6000
0.4324, 0.5892
0.4487, 0.5892
0.4757, 0.5838
0.4919, 0.5838
0.5081, 0.5784
0.5135, 0.5784
0.5135, 0.5676
0.5081, 0.5622
0.4865, 0.5459
0.4757, 0.5405
0.4541, 0.5297
0.4378, 0.5189
0.4270, 0.5135
0.4054, 0.5081
0.4000, 0.4919
0.3946, 0.4865
0.3892, 0.4811
0.3892, 0.4757
0.3892, 0.4703
0.3892, 0.4649
0.3892, 0.4486
0.3946, 0.4432
0.4162, 0.4324
0.4324, 0.4270
0.4487, 0.4108
0.4649, 0.4108
0.4703, 0.4054
0.4703, 0.4000
0.4703, 0.3946
0.4757, 0.3892
0.4757, 0.3784
0.4757, 0.3676
0.4811, 0.3567
0.4811, 0.3513
0.4811, 0.3459
0.4865, 0.3405
0.4865, 0.3351
0.4919, 0.3297
0.4919, 0.3189
0.4919, 0.3135
0.5027, 0.3081
0.5027, 0.3027
0.5027, 0.2973
0.5027, 0.2919
0.5027, 0.2865
0.5027, 0.2757
0.4973, 0.2703
0.4919, 0.2595
0.4865, 0.2540
0.4811, 0.2487
0.4757, 0.2432
0.4757, 0.2324
0.4703, 0.2324
0.4703, 0.2270
0.4703, 0.2216
0.4703, 0.2162
0.4649, 0.2108
0.4649, 0.2054
0.4649, 0.2000
0.4649, 0.1892
0.4649, 0.1838
0.4649, 0.1784
0.4649, 0.1730
0.4649, 0.1676
