0.0000, 0.8775
0.0068, 0.8639
0.0068, 0.8571
0.0068, 0.8503
0.0136, 0.8435
0.0272, 0.8367
0.0272, 0.8299
0.0340, 0.8231
0.0340, 0.8095
0.0476, 0.7959
0.0476, 0.7891
0.0544, 0.7823
0.0612, 0.7755
0.0680, 0.7755
0.0816, 0.7687
0.0884, 0.7551
0.0952, 0.7551
0.1020, 0.7483
0.1089, 0.7483
0.1156, 0.7415
0.1293, 0.7415
0.1497, 0.7415
0.1633, 0.7415
0.1837, 0.7415
0.2109, 0.7415
0.2313, 0.7415
0.2585, 0.7415
0.2789, 0.7415
0.3061, 0.7415
0.3265, 0.7415
0.3401, 0.7415
0.3673, 0.7415
0.3810, 0.7415
0.3945, 0.7415
0.4082, 0.7415
0.4218, 0.7415
0.4354, 0.7415
0.4422, 0.7483
0.4558, 0.7619
0.4626, 0.7619
0.4830, 0.7687
0.4966, 0.7755
0.5102, 0.7823
0.5306, 0.7891
0.5442, 0.7959
0.5578, 0.8027
0.5714, 0.8163
0.5782, 0.8231
0.5986, 0.8231
0.6054, 0.8299
0.6190, 0.8367
0.6327, 0.8367
0.6463, 0.8503
0.6599, 0.8503
0.6667, 0.8503
0.6803, 0.8571
0.7007, 0.8707
0.7143, 0.8707
0.7279, 0.8707
0.7415, 0.8707
0.7551, 0.8707
0.7687, 0.8775
0.7823, 0.8775
0.7891, 0.8775
0.7959, 0.8775
0.8163, 0.8775
0.8299, 0.8775
0.8435, 0.8775
0.8503, 0.8775
0.8707, 0.8775
0.8843, 0.8775
0.8980, 0.8775
0.9115, 0.8639
0.9320, 0.8639
0.9388, 0.8639
0.9524, 0.8571
0.9592, 0.8571
0.9660, 0.8503
0.9796, 0.8503
0.9864, 0.8503
0.9864, 0.8435
0.9932, 0.8367
1.0000, 0.8367
1.0000, 0.8299
1.0000, 0.8231
1.0000, 0.8095
0.9932, 0.8027

0.5102, 0.7823
0.5102, 0.7755
0.5034, 0.7687
0.4966, 0.7415
0.4966, 0.7279
0.4898, 0.7143
0.4898, 0.7007
0.4830, 0.6803
0.4830, 0.6735
0.4694, 0.6599
0.4694, 0.6530
0.4626, 0.6395
0.4626, 0.6258
0.4558, 0.6122
0.4558, 0.6054
0.4558, 0.5986
0.4762, 0.5850
0.5102, 0.5782
0.5510, 0.5782
0.5918, 0.5714
0.6122, 0.5646
0.6463, 0.5646
0.6599, 0.5578
0.6599, 0.5510
0.6599, 0.5306
0.6531, 0.5170
0.6327, 0.5034
0.6190, 0.4966
0.5986, 0.4762
0.5782, 0.4626
0.5578, 0.4490
0.5442, 0.4354
0.5238, 0.4286
0.5102, 0.4082
0.4966, 0.4014
0.4830, 0.3946
0.4694, 0.3878
0.4626, 0.3809
0.4558, 0.3741
0.4490, 0.3605
0.4422, 0.3537
0.4422, 0.3469
0.4354, 0.3401
0.4354, 0.3265
0.4354, 0.3197
0.4354, 0.3061
0.4354, 0.2925
0.4422, 0.2857
0.4558, 0.2721
0.4626, 0.2653
0.4762, 0.2517
0.4830, 0.2449
0.4830, 0.2381
0.4830, 0.2313
0.4830, 0.2245
0.4830, 0.2177
0.4830, 0.2109
0.4694, 0.2041
0.4694, 0.1905
0.4626, 0.1905
0.4626, 0.1837
0.4558, 0.1837
0.4490, 0.1769
0.4422, 0.1701
0.4422, 0.1633
0.4354, 0.1633
0.4286, 0.1565
0.4150, 0.1497
0.4150, 0.1361
0.4150, 0.1292
0.4082, 0.1292
0.4082, 0.1225
