0.1896, 0.3256
0.1896, 0.3256
0.1896, 0.3256
0.1896, 0.3256
0.1896, 0.3256
0.1896, 0.3256
0.1896, 0.3256
0.1896, 0.3256
0.1896, 0.3256
0.1896, 0.3256
0.1896, 0.3256
0.1896, 0.3256
0.1896, 0.3256
0.1896, 0.3256
0.1896, 0.3256
0.1896, 0.3256
0.1896, 0.3256
0.1896, 0.3256
0.1896, 0.3256
0.1896, 0.3256
0.1896, 0.3256
0.1896, 0.3256
0.1896, 0.3256
0.1896, 0.3256
0.1896, 0.3256
0.1896, 0.3256
0.1896, 0.3256
0.1896, 0.3256
0.1896, 0.3256
0.1896, 0.3256
0.1896, 0.3256
0.1896, 0.3256
0.1896, 0.3256
0.1896, 0.3256
0.1896, 0.3256
0.1896, 0.3256
0.1896, 0.3256
0.1896, 0.3256
0.1896, 0.3256
0.1896, 0.3256
0.1896, 0.3256
0.1896, 0.3256
0.1896, 0.3256
0.1896, 0.3256
0.1896, 0.3256
0.1896, 0.3256
0.1896, 0.3256
0.1896, 0.3256
0.1896, 0.3256
0.1896, 0.3256
0.1896, 0.3256
0.1896, 0.3256
0.1896, 0.3256
0.1896, 0.3256
0.1896, 0.3256
0.1896, 0.3256
0.1896, 0.3256
0.1896, 0.3256
0.1896, 0.3256
0.1896, 0.3256
0.1896, 0.3256
0.1896, 0.3256
0.1896, 0.3256
0.1896, 0.3256
0.1896, 0.3256
0.1896, 0.3256
0.1896, 0.3256
0.1896, 0.3256
0.1896, 0.3256
0.1896, 0.3256
0.1896, 0.3256
0.1896, 0.3256
0.1896, 0.3256
0.1896, 0.3256
0.1896, 0.3256
0.1896, 0.3256
0.1896, 0.3256
0.1896, 0.3256
0.1896, 0.3256
0.1896, 0.3256
0.1896, 0.3256
0.1896, 0.3256
0.1896, 0.3256
0.1896, 0.3256
0.1896, 0.3256
0.1896, 0.3256
0.1896, 0.3256
0.1896, 0.3256
0.1896, 0.3256
0.1896, 0.3256
0.1896, 0.3256
0.1896, 0.3256
0.1896, 0.3256
0.1896, 0.3256
0.1896, 0.3256
0.1896, 0.3256
0.1896, 0.3256
0.1896, 0.3256
0.1896, 0.3256
0.1896, 0.3256
0.1896, 0.3256
0.1935, 0.3256
0.1935, 0.3256
0.1935, 0.3256
0.1935, 0.3256
0.1935, 0.3256
0.1935, 0.3256
0.1935, 0.3256
0.1935, 0.3256
0.1975, 0.3256
0.1975, 0.3256
0.1975, 0.3256
0.1975, 0.3256
0.1975, 0.3256
0.1975, 0.3256
0.1975, 0.3256
0.1975, 0.3256
0.1975, 0.3256
0.1975, 0.3256
0.1975, 0.3256
0.1975, 0.3256
0.1975, 0.3256
0.1975, 0.3256
0.1975, 0.3256
0.1975, 0.3256
0.1975, 0.3256
0.1975, 0.3256
0.2014, 0.3256
0.2014, 0.3256
0.2014, 0.3256
0.2014, 0.3256
0.2014, 0.3256
0.2014, 0.3256
0.2014, 0.3256
0.2014, 0.3256
0.2014, 0.3256
0.2014, 0.3256
0.2014, 0.3256
0.2014, 0.3256
0.2014, 0.3256
0.2014, 0.3231
0.2014, 0.3231
0.2014, 0.3231
0.2014, 0.3231
0.2014, 0.3231
0.2014, 0.3231
0.2014, 0.3231
0.2014, 0.3231
0.2014, 0.3231
0.2014, 0.3231
0.2014, 0.3231
0.2014, 0.3231
0.2014, 0.3231
0.2014, 0.3231
0.2014, 0.3231
0.2014, 0.3231
0.2014, 0.3231
0.2014, 0.3231
0.2014, 0.3231
0.2014, 0.3231
0.2014, 0.3231
0.2014, 0.3231
0.2054, 0.3231
0.2054, 0.3231
0.2054, 0.3231
0.2054, 0.3231
0.2054, 0.3231
0.2054, 0.3231
0.2054, 0.3231
0.2054, 0.3231
0.2054, 0.3231
0.2093, 0.3231
0.2093, 0.3231
0.2093, 0.3231
0.2093, 0.3231
0.2093, 0.3231
0.2093, 0.3231
0.2093, 0.3231
0.2093, 0.3231
0.2093, 0.3231
0.2093, 0.3231
0.2093, 0.3231
0.2093, 0.3231
0.2093, 0.3231
0.2093, 0.3205
0.2093, 0.3205
0.2093, 0.3205
0.2093, 0.3205
0.2093, 0.3205
0.2093, 0.3205
0.2093, 0.3205
0.2093, 0.3205
0.2093, 0.3205
0.2093, 0.3205
0.2093, 0.3205
0.2093, 0.3205
0.2093, 0.3205
0.2093, 0.3205
0.2133, 0.3205
0.2133, 0.3205
0.2133, 0.3205
0.2133, 0.3205
0.2133, 0.3205
0.2133, 0.3205
0.2133, 0.3205
0.2133, 0.3205
0.2133, 0.3205
0.2133, 0.3205
0.2133, 0.3205
0.2133, 0.3205
0.2133, 0.3205
0.2133, 0.3205
0.2133, 0.3205
0.2133, 0.3205
0.2133, 0.3205
0.2172, 0.3179
0.2172, 0.3179
0.2172, 0.3179
0.2172, 0.3179
0.2172, 0.3179
0.2172, 0.3179
0.2172, 0.3179
0.2172, 0.3179
0.2172, 0.3179
0.2172, 0.3179
0.2172, 0.3179
0.2172, 0.3179
0.2172, 0.3179
0.2212, 0.3179
0.2212, 0.3179
0.2212, 0.3179
0.2212, 0.3179
0.2212, 0.3154
0.2212, 0.3154
0.2212, 0.3154
0.2212, 0.3154
0.2212, 0.3154
0.2212, 0.3154
0.2212, 0.3154
0.2212, 0.3154
0.2212, 0.3154
0.2212, 0.3154
0.2212, 0.3154
0.2212, 0.3154
0.2212, 0.3154
0.2212, 0.3154
0.2212, 0.3154
0.2212, 0.3154
0.2212, 0.3154
0.2212, 0.3154
0.2252, 0.3154
0.2252, 0.3154
0.2252, 0.3154
0.2252, 0.3154
0.2252, 0.3154
0.2252, 0.3154
0.2252, 0.3154
0.2252, 0.3154
0.2291, 0.3154
0.2291, 0.3154
0.2291, 0.3154
0.2291, 0.3154
0.2291, 0.3128
0.2291, 0.3128
0.2291, 0.3128
0.2291, 0.3128
0.2291, 0.3128
0.2291, 0.3128
0.2291, 0.3128
0.2291, 0.3128
0.2291, 0.3128
0.2291, 0.3128
0.2291, 0.3128
0.2291, 0.3128
0.2291, 0.3128
0.2291, 0.3103
0.2291, 0.3103
0.2291, 0.3103
0.2291, 0.3103
0.2331, 0.3103
0.2331, 0.3103
0.2331, 0.3103
0.2331, 0.3103
0.2331, 0.3103
0.2331, 0.3103
0.2331, 0.3103
0.2331, 0.3103
0.2370, 0.3103
0.2370, 0.3103
0.2370, 0.3103
0.2370, 0.3103
0.2370, 0.3103
0.2370, 0.3103
0.2370, 0.3103
0.2370, 0.3103
0.2370, 0.3103
0.2370, 0.3103
0.2370, 0.3103
0.2370, 0.3103
0.2370, 0.3103
0.2370, 0.3103
0.2370, 0.3103
0.2370, 0.3103
0.2370, 0.3103
0.2370, 0.3103
0.2370, 0.3103
0.2370, 0.3103
0.2370, 0.3103
0.2370, 0.3103
0.2410, 0.3103
0.2410, 0.3103
0.2410, 0.3103
0.2410, 0.3103
0.2410, 0.3103
0.2410, 0.3103
0.2410, 0.3103
0.2410, 0.3103
0.2410, 0.3103
0.2410, 0.3103
0.2410, 0.3103
0.2410, 0.3103
0.2410, 0.3077
0.2410, 0.3077
0.2410, 0.3077
0.2410, 0.3077
0.2410, 0.3077
0.2410, 0.3077
0.2410, 0.3077
0.2410, 0.3077
0.2410, 0.3077
0.2410, 0.3077
0.2410, 0.3077
0.2410, 0.3077
0.2449, 0.3077
0.2449, 0.3077
0.2449, 0.3077
0.2449, 0.3077
0.2449, 0.3051
0.2449, 0.3051
0.2449, 0.3051
0.2449, 0.3051
0.2449, 0.3051
0.2449, 0.3051
0.2449, 0.3051
0.2449, 0.3051
0.2489, 0.3051
0.2489, 0.3051
0.2489, 0.3051
0.2489, 0.3051
0.2489, 0.3051
0.2489, 0.3051
0.2489, 0.3051
0.2489, 0.3051
0.2489, 0.3051
0.2489, 0.3051
0.2489, 0.3051
0.2489, 0.3051
0.2489, 0.3051
0.2489, 0.3051
0.2489, 0.3051
0.2489, 0.3051
0.2489, 0.3026
0.2489, 0.3026
0.2489, 0.3026
0.2489, 0.3026
0.2489, 0.3026
0.2489, 0.3026
0.2489, 0.3026
0.2489, 0.3026
0.2489, 0.3026
0.2489, 0.3026
0.2489, 0.3026
0.2489, 0.3026
0.2528, 0.3026
0.2528, 0.3026
0.2528, 0.3026
0.2528, 0.3026
0.2528, 0.3026
0.2528, 0.3026
0.2528, 0.3026
0.2528, 0.3026
0.2528, 0.3026
0.2528, 0.3026
0.2528, 0.3026
0.2528, 0.3026
0.2528, 0.3026
0.2528, 0.3026
0.2528, 0.3026
0.2528, 0.3026
0.2528, 0.3026
0.2528, 0.3026
0.2528, 0.3026
0.2528, 0.3026
0.2528, 0.3026
0.2528, 0.3026
0.2528, 0.3026
0.2528, 0.3026
0.2528, 0.3026
0.2528, 0.3026
0.2568, 0.3026
0.2568, 0.3026
0.2568, 0.3026
0.2568, 0.3026
0.2568, 0.3026
0.2568, 0.3026
0.2568, 0.3026
0.2568, 0.3026
0.2568, 0.3026
0.2568, 0.3026
0.2568, 0.3026
0.2568, 0.3026
0.2568, 0.3026
0.2568, 0.3026
0.2568, 0.3026
0.2568, 0.3026
0.2568, 0.3026
0.2568, 0.3026
0.2568, 0.3026
0.2568, 0.3026
0.2608, 0.3026
0.2608, 0.3026
0.2608, 0.3026
0.2608, 0.3026
0.2608, 0.3000
0.2608, 0.3000
0.2608, 0.3000
0.2608, 0.3000
0.2647, 0.3000
0.2647, 0.3000
0.2647, 0.3000
0.2647, 0.3000
0.2647, 0.3000
0.2647, 0.3000
0.2647, 0.3000
0.2647, 0.3000
0.2647, 0.3000
0.2647, 0.3000
0.2647, 0.3000
0.2647, 0.3000
0.2687, 0.3000
0.2687, 0.3000
0.2687, 0.3000
0.2687, 0.3000
0.2687, 0.3000
0.2687, 0.3000
0.2687, 0.3000
0.2687, 0.3000
0.2687, 0.3000
0.2687, 0.3000
0.2687, 0.3000
0.2687, 0.3000
0.2687, 0.3000
0.2687, 0.3000
0.2687, 0.3000
0.2687, 0.3000
0.2687, 0.3000
0.2687, 0.3000
0.2687, 0.3000
0.2687, 0.3000
0.2687, 0.2974
0.2687, 0.2974
0.2687, 0.2974
0.2687, 0.2974
0.2687, 0.2974
0.2687, 0.2974
0.2687, 0.2974
0.2687, 0.2974
0.2726, 0.2974
0.2726, 0.2974
0.2726, 0.2974
0.2726, 0.2974
0.2726, 0.2974
0.2726, 0.2974
0.2726, 0.2974
0.2726, 0.2974
0.2726, 0.2974
0.2726, 0.2974
0.2726, 0.2974
0.2726, 0.2974
0.2766, 0.2974
0.2766, 0.2974
0.2766, 0.2974
0.2766, 0.2974
0.2766, 0.2974
0.2766, 0.2974
0.2766, 0.2974
0.2766, 0.2974
0.2766, 0.2974
0.2766, 0.2974
0.2766, 0.2974
0.2766, 0.2974
0.2766, 0.2974
0.2766, 0.2974
0.2766, 0.2974
0.2766, 0.2974
0.2766, 0.2974
0.2766, 0.2974
0.2766, 0.2974
0.2766, 0.2974
0.2766, 0.2974
0.2766, 0.2974
0.2766, 0.2974
0.2766, 0.2974
0.2766, 0.2974
0.2766, 0.2974
0.2766, 0.2974
0.2766, 0.2974
0.2766, 0.2974
0.2766, 0.2974
0.2766, 0.2974
0.2766, 0.2974
0.2766, 0.2974
0.2766, 0.2974
0.2766, 0.2974
0.2805, 0.2974
0.2805, 0.2974
0.2805, 0.2974
0.2805, 0.2974
0.2805, 0.2974
0.2805, 0.2974
0.2805, 0.2974
0.2805, 0.2974
0.2845, 0.2974
0.2845, 0.2974
0.2845, 0.2974
0.2845, 0.2974
0.2845, 0.2974
0.2845, 0.2974
0.2845, 0.2974
0.2845, 0.2974
0.2884, 0.2974
0.2884, 0.2974
0.2884, 0.2974
0.2884, 0.2949
0.2884, 0.2949
0.2884, 0.2949
0.2884, 0.2949
0.2884, 0.2949
0.2884, 0.2949
0.2884, 0.2949
0.2884, 0.2949
0.2884, 0.2949
0.2884, 0.2949
0.2884, 0.2949
0.2884, 0.2949
0.2884, 0.2949
0.2884, 0.2949
0.2884, 0.2949
0.2884, 0.2949
0.2884, 0.2949
0.2884, 0.2949
0.2884, 0.2949
0.2884, 0.2949
0.2884, 0.2949
0.2884, 0.2949
0.2884, 0.2949
0.2884, 0.2949
0.2884, 0.2949
0.2884, 0.2949
0.2884, 0.2949
0.2884, 0.2949
0.2924, 0.2949
0.2924, 0.2949
0.2924, 0.2949
0.2924, 0.2949
0.2924, 0.2949
0.2924, 0.2949
0.2924, 0.2949
0.2924, 0.2949
0.2924, 0.2949
0.2924, 0.2949
0.2924, 0.2949
0.2924, 0.2949
0.2924, 0.2949
0.2964, 0.2949
0.2964, 0.2949
0.2964, 0.2949
0.2964, 0.2923
0.2964, 0.2923
0.2964, 0.2923
0.2964, 0.2923
0.2964, 0.2923
0.2964, 0.2923
0.2964, 0.2923
0.2964, 0.2923
0.2964, 0.2923
0.2964, 0.2923
0.2964, 0.2923
0.2964, 0.2923
0.2964, 0.2923
0.2964, 0.2923
0.2964, 0.2923
0.2964, 0.2923
0.3003, 0.2923
0.3003, 0.2923
0.3003, 0.2923
0.3003, 0.2923
0.3003, 0.2897
0.3003, 0.2897
0.3003, 0.2897
0.3043, 0.2897
0.3043, 0.2897
0.3043, 0.2897
0.3043, 0.2897
0.3043, 0.2897
0.3043, 0.2897
0.3043, 0.2897
0.3043, 0.2897
0.3082, 0.2897
0.3082, 0.2897
0.3082, 0.2897
0.3082, 0.2897
0.3082, 0.2897
0.3082, 0.2897
0.3082, 0.2897
0.3082, 0.2897
0.3082, 0.2897
0.3082, 0.2897
0.3082, 0.2897
0.3082, 0.2897
0.3082, 0.2897
0.3082, 0.2897
0.3082, 0.2897
0.3082, 0.2897
0.3082, 0.2897
0.3082, 0.2897
0.3082, 0.2897
0.3082, 0.2897
0.3082, 0.2897
0.3082, 0.2897
0.3082, 0.2897
0.3082, 0.2897
0.3082, 0.2897
0.3082, 0.2897
0.3082, 0.2897
0.3082, 0.2897
0.3082, 0.2897
0.3082, 0.2897
0.3082, 0.2897
0.3122, 0.2897
0.3122, 0.2897
0.3122, 0.2897
0.3122, 0.2897
0.3122, 0.2897
0.3122, 0.2897
0.3122, 0.2897
0.3122, 0.2897
0.3122, 0.2897
0.3122, 0.2897
0.3122, 0.2897
0.3161, 0.2897
0.3161, 0.2897
0.3161, 0.2897
0.3161, 0.2897
0.3161, 0.2897
0.3161, 0.2897
0.3161, 0.2897
0.3161, 0.2897
0.3161, 0.2872
0.3161, 0.2872
0.3161, 0.2872
0.3201, 0.2872
0.3201, 0.2872
0.3201, 0.2872
0.3201, 0.2872
0.3201, 0.2872
0.3201, 0.2872
0.3201, 0.2872
0.3201, 0.2872
0.3201, 0.2872
0.3201, 0.2872
0.3201, 0.2872
0.3201, 0.2872
0.3240, 0.2872
0.3240, 0.2872
0.3240, 0.2872
0.3240, 0.2872
0.3240, 0.2872
0.3240, 0.2872
0.3240, 0.2872
0.3240, 0.2872
0.3280, 0.2872
0.3280, 0.2872
0.3280, 0.2872
0.3280, 0.2846
0.3280, 0.2846
0.3280, 0.2846
0.3280, 0.2846
0.3280, 0.2846
0.3280, 0.2846
0.3280, 0.2846
0.3280, 0.2846
0.3280, 0.2846
0.3280, 0.2846
0.3280, 0.2846
0.3280, 0.2846
0.3280, 0.2846
0.3280, 0.2846
0.3280, 0.2846
0.3280, 0.2846
0.3280, 0.2846
0.3280, 0.2846
0.3280, 0.2846
0.3280, 0.2846
0.3280, 0.2846
0.3280, 0.2846
0.3280, 0.2846
0.3319, 0.2846
0.3319, 0.2846
0.3319, 0.2846
0.3319, 0.2846
0.3319, 0.2846
0.3319, 0.2846
0.3319, 0.2846
0.3319, 0.2846
0.3359, 0.2846
0.3359, 0.2846
0.3359, 0.2846
0.3359, 0.2846
0.3359, 0.2846
0.3359, 0.2846
0.3359, 0.2846
0.3359, 0.2846
0.3359, 0.2846
0.3359, 0.2846
0.3359, 0.2846
0.3359, 0.2846
0.3359, 0.2846
0.3359, 0.2846
0.3399, 0.2846
0.3399, 0.2846
0.3399, 0.2846
0.3399, 0.2846
0.3399, 0.2846
0.3399, 0.2846
0.3399, 0.2846
0.3438, 0.2846
0.3438, 0.2846
0.3438, 0.2846
0.3438, 0.2846
0.3438, 0.2846
0.3438, 0.2846
0.3438, 0.2846
0.3438, 0.2846
0.3478, 0.2846
0.3478, 0.2846
0.3478, 0.2846
0.3478, 0.2846
0.3478, 0.2846
0.3478, 0.2846
0.3478, 0.2846
0.3478, 0.2846
0.3478, 0.2846
0.3478, 0.2846
0.3478, 0.2846
0.3478, 0.2846
0.3478, 0.2846
0.3478, 0.2846
0.3478, 0.2846
0.3517, 0.2846
0.3517, 0.2846
0.3517, 0.2846
0.3517, 0.2846
0.3517, 0.2846
0.3517, 0.2846
0.3517, 0.2846
0.3557, 0.2846
0.3557, 0.2846
0.3557, 0.2846
0.3557, 0.2846
0.3557, 0.2846
0.3557, 0.2846
0.3557, 0.2846
0.3557, 0.2846
0.3557, 0.2846
0.3557, 0.2846
0.3557, 0.2846
0.3557, 0.2846
0.3557, 0.2846
0.3557, 0.2846
0.3557, 0.2846
0.3596, 0.2846
0.3596, 0.2846
0.3596, 0.2846
0.3596, 0.2846
0.3596, 0.2846
0.3596, 0.2846
0.3596, 0.2846
0.3596, 0.2846
0.3636, 0.2846
0.3636, 0.2846
0.3636, 0.2846
0.3636, 0.2846
0.3636, 0.2846
0.3636, 0.2846
0.3636, 0.2846
0.3675, 0.2846
0.3675, 0.2846
0.3675, 0.2846
0.3675, 0.2846
0.3675, 0.2846
0.3675, 0.2846
0.3675, 0.2846
0.3675, 0.2846
0.3675, 0.2846
0.3675, 0.2846
0.3675, 0.2846
0.3675, 0.2846
0.3675, 0.2846
0.3675, 0.2846
0.3715, 0.2846
0.3715, 0.2846
0.3715, 0.2846
0.3715, 0.2846
0.3715, 0.2846
0.3715, 0.2846
0.3715, 0.2846
0.3715, 0.2846
0.3715, 0.2846
0.3715, 0.2846
0.3715, 0.2846
0.3715, 0.2846
0.3715, 0.2846
0.3715, 0.2846
0.3715, 0.2846
0.3715, 0.2846
0.3755, 0.2846
0.3755, 0.2846
0.3755, 0.2846
0.3755, 0.2846
0.3755, 0.2846
0.3755, 0.2846
0.3755, 0.2846
0.3755, 0.2846
0.3755, 0.2846
0.3755, 0.2846
0.3755, 0.2846
0.3755, 0.2846
0.3755, 0.2846
0.3755, 0.2846
0.3794, 0.2846
0.3794, 0.2846
0.3794, 0.2846
0.3794, 0.2846
0.3794, 0.2846
0.3794, 0.2846
0.3794, 0.2846
0.3794, 0.2846
0.3794, 0.2846
0.3794, 0.2846
0.3794, 0.2846
0.3834, 0.2846
0.3834, 0.2846
0.3834, 0.2846
0.3834, 0.2846
0.3834, 0.2846
0.3834, 0.2846
0.3834, 0.2846
0.3834, 0.2846
0.3834, 0.2846
0.3834, 0.2846
0.3834, 0.2846
0.3834, 0.2846
0.3834, 0.2846
0.3834, 0.2846
0.3834, 0.2846
0.3834, 0.2846
0.3834, 0.2846
0.3834, 0.2846
0.3834, 0.2846
0.3834, 0.2846
0.3834, 0.2846
0.3834, 0.2846
0.3873, 0.2846
0.3873, 0.2846
0.3873, 0.2846
0.3873, 0.2846
0.3873, 0.2846
0.3873, 0.2846
0.3873, 0.2846
0.3873, 0.2846
0.3873, 0.2846
0.3873, 0.2846
0.3873, 0.2846
0.3873, 0.2846
0.3873, 0.2846
0.3873, 0.2846
0.3873, 0.2846
0.3913, 0.2846
0.3913, 0.2846
0.3913, 0.2846
0.3913, 0.2846
0.3913, 0.2846
0.3913, 0.2846
0.3913, 0.2846
0.3913, 0.2846
0.3913, 0.2846
0.3913, 0.2846
0.3913, 0.2846
0.3952, 0.2846
0.3952, 0.2846
0.3952, 0.2846
0.3952, 0.2846
0.3952, 0.2846
0.3952, 0.2846
0.3952, 0.2846
0.3952, 0.2846
0.3952, 0.2846
0.3952, 0.2846
0.3952, 0.2846
0.3952, 0.2846
0.3952, 0.2846
0.3952, 0.2846
0.3952, 0.2846
0.3952, 0.2846
0.3952, 0.2846
0.3952, 0.2846
0.3952, 0.2846
0.3952, 0.2846
0.3952, 0.2846
0.3952, 0.2846
0.3992, 0.2846
0.3992, 0.2846
0.3992, 0.2846
0.3992, 0.2846
0.3992, 0.2846
0.3992, 0.2846
0.3992, 0.2846
0.4031, 0.2846
0.4031, 0.2846
0.4031, 0.2846
0.4031, 0.2846
0.4031, 0.2846
0.4031, 0.2846
0.4031, 0.2846
0.4031, 0.2846
0.4031, 0.2846
0.4031, 0.2846
0.4031, 0.2846
0.4031, 0.2846
0.4031, 0.2846
0.4031, 0.2846
0.4031, 0.2846
0.4031, 0.2846
0.4031, 0.2846
0.4031, 0.2846
0.4031, 0.2846
0.4031, 0.2846
0.4031, 0.2846
0.4031, 0.2846
0.4071, 0.2846
0.4071, 0.2846
0.4071, 0.2846
0.4071, 0.2846
0.4071, 0.2846
0.4071, 0.2846
0.4071, 0.2846
0.4071, 0.2846
0.4071, 0.2846
0.4071, 0.2846
0.4071, 0.2846
0.4111, 0.2846
0.4111, 0.2846
0.4111, 0.2846
0.4111, 0.2846
0.4111, 0.2846
0.4111, 0.2846
0.4111, 0.2846
0.4111, 0.2846
0.4111, 0.2846
0.4111, 0.2846
0.4111, 0.2846
0.4150, 0.2846
0.4150, 0.2846
0.4150, 0.2846
0.4150, 0.2846
0.4150, 0.2846
0.4150, 0.2846
0.4150, 0.2846
0.4150, 0.2846
0.4150, 0.2846
0.4150, 0.2846
0.4150, 0.2846
0.4150, 0.2846
0.4150, 0.2846
0.4150, 0.2846
0.4150, 0.2846
0.4150, 0.2846
0.4150, 0.2846
0.4190, 0.2846
0.4190, 0.2846
0.4190, 0.2846
0.4190, 0.2846
0.4190, 0.2846
0.4190, 0.2846
0.4190, 0.2846
0.4190, 0.2846
0.4229, 0.2846
0.4229, 0.2846
0.4229, 0.2846
0.4229, 0.2846
0.4229, 0.2846
0.4229, 0.2846
0.4229, 0.2846
0.4229, 0.2872
0.4229, 0.2872
0.4229, 0.2872
0.4229, 0.2872
0.4229, 0.2872
0.4229, 0.2872
0.4229, 0.2872
0.4229, 0.2872
0.4229, 0.2872
0.4229, 0.2872
0.4269, 0.2872
0.4269, 0.2872
0.4269, 0.2872
0.4269, 0.2872
0.4269, 0.2872
0.4269, 0.2872
0.4269, 0.2872
0.4308, 0.2872
0.4308, 0.2872
0.4308, 0.2872
0.4308, 0.2872
0.4308, 0.2872
0.4308, 0.2872
0.4308, 0.2872
0.4348, 0.2872
0.4348, 0.2872
0.4348, 0.2872
0.4348, 0.2872
0.4348, 0.2872
0.4348, 0.2872
0.4348, 0.2872
0.4348, 0.2872
0.4348, 0.2872
0.4348, 0.2872
0.4348, 0.2872
0.4348, 0.2872
0.4348, 0.2872
0.4348, 0.2872
0.4348, 0.2872
0.4348, 0.2872
0.4348, 0.2872
0.4387, 0.2872
0.4387, 0.2872
0.4387, 0.2872
0.4387, 0.2872
0.4387, 0.2872
0.4387, 0.2872
0.4387, 0.2872
0.4387, 0.2872
0.4387, 0.2872
0.4387, 0.2872
0.4387, 0.2872
0.4427, 0.2872
0.4427, 0.2872
0.4427, 0.2872
0.4427, 0.2897
0.4427, 0.2897
0.4427, 0.2897
0.4427, 0.2897
0.4427, 0.2897
0.4427, 0.2897
0.4427, 0.2897
0.4427, 0.2897
0.4427, 0.2897
0.4427, 0.2897
0.4427, 0.2897
0.4427, 0.2897
0.4427, 0.2897
0.4427, 0.2897
0.4427, 0.2897
0.4427, 0.2897
0.4427, 0.2897
0.4427, 0.2897
0.4467, 0.2897
0.4467, 0.2897
0.4467, 0.2897
0.4467, 0.2923
0.4467, 0.2923
0.4467, 0.2923
0.4467, 0.2923
0.4467, 0.2923
0.4467, 0.2923
0.4467, 0.2923
0.4467, 0.2923
0.4467, 0.2923
0.4467, 0.2923
0.4467, 0.2923
0.4506, 0.2923
0.4506, 0.2923
0.4506, 0.2923
0.4546, 0.2923
0.4546, 0.2923
0.4546, 0.2923
0.4546, 0.2949
0.4546, 0.2949
0.4546, 0.2949
0.4546, 0.2949
0.4546, 0.2949
0.4546, 0.2949
0.4546, 0.2949
0.4546, 0.2949
0.4546, 0.2949
0.4546, 0.2949
0.4546, 0.2949
0.4546, 0.2949
0.4546, 0.2949
0.4546, 0.2949
0.4546, 0.2949
0.4585, 0.2949
0.4585, 0.2949
0.4585, 0.2949
0.4585, 0.2949
0.4585, 0.2949
0.4585, 0.2949
0.4625, 0.2949
0.4625, 0.2949
0.4625, 0.2949
0.4625, 0.2949
0.4625, 0.2949
0.4625, 0.2949
0.4625, 0.2949
0.4625, 0.2949
0.4625, 0.2949
0.4625, 0.2949
0.4625, 0.2949
0.4625, 0.2949
0.4625, 0.2949
0.4625, 0.2949
0.4625, 0.2974
0.4625, 0.2974
0.4625, 0.2974
0.4664, 0.2974
0.4664, 0.2974
0.4664, 0.2974
0.4664, 0.2974
0.4664, 0.2974
0.4664, 0.2974
0.4664, 0.2974
0.4704, 0.2974
0.4704, 0.2974
0.4704, 0.2974
0.4743, 0.3000
0.4743, 0.3000
0.4743, 0.3000
0.4743, 0.3000
0.4743, 0.3000
0.4743, 0.3000
0.4743, 0.3000
0.4743, 0.3000
0.4743, 0.3000
0.4743, 0.3000
0.4743, 0.3000
0.4743, 0.3000
0.4743, 0.3000
0.4743, 0.3000
0.4743, 0.3000
0.4743, 0.3000
0.4743, 0.3000
0.4743, 0.3000
0.4743, 0.3000
0.4743, 0.3000
0.4743, 0.3000
0.4783, 0.3000
0.4783, 0.3000
0.4783, 0.3000
0.4783, 0.3000
0.4822, 0.3000
0.4822, 0.3026
0.4822, 0.3026
0.4822, 0.3026
0.4822, 0.3026
0.4862, 0.3026
0.4901, 0.3051
0.4901, 0.3051
0.4901, 0.3051
0.4901, 0.3051
0.4901, 0.3051
0.4901, 0.3051
0.4901, 0.3051
0.4901, 0.3051
0.4941, 0.3051
0.4941, 0.3051
0.4941, 0.3051
0.4941, 0.3051
0.4941, 0.3077
0.4941, 0.3077
0.4941, 0.3077
0.4941, 0.3077
0.4941, 0.3077
0.4941, 0.3077
0.4941, 0.3077
0.4941, 0.3077
0.4941, 0.3077
0.4941, 0.3077
0.4941, 0.3077
0.4941, 0.3077
0.4941, 0.3077
0.4980, 0.3077
0.4980, 0.3077
0.4980, 0.3077
0.4980, 0.3077
0.4980, 0.3077
0.4980, 0.3077
0.4980, 0.3077
0.5020, 0.3077
0.5020, 0.3077
0.5020, 0.3077
0.5020, 0.3103
0.5020, 0.3103
0.5020, 0.3103
0.5020, 0.3103
0.5020, 0.3103
0.5020, 0.3103
0.5020, 0.3103
0.5020, 0.3103
0.5020, 0.3103
0.5020, 0.3103
0.5059, 0.3103
0.5059, 0.3103
0.5059, 0.3103
0.5059, 0.3128
0.5059, 0.3128
0.5059, 0.3128
0.5059, 0.3128
0.5059, 0.3128
0.5059, 0.3128
0.5099, 0.3128
0.5099, 0.3128
0.5099, 0.3128
0.5099, 0.3128
0.5099, 0.3128
0.5099, 0.3128
0.5099, 0.3128
0.5099, 0.3128
0.5099, 0.3128
0.5099, 0.3128
0.5099, 0.3128
0.5099, 0.3128
0.5099, 0.3128
0.5099, 0.3128
0.5138, 0.3128
0.5138, 0.3128
0.5138, 0.3128
0.5138, 0.3128
0.5138, 0.3128
0.5138, 0.3128
0.5178, 0.3154
0.5178, 0.3154
0.5178, 0.3154
0.5178, 0.3154
0.5178, 0.3154
0.5178, 0.3154
0.5178, 0.3154
0.5217, 0.3154
0.5217, 0.3154
0.5217, 0.3154
0.5217, 0.3154
0.5217, 0.3154
0.5217, 0.3154
0.5217, 0.3179
0.5217, 0.3179
0.5217, 0.3179
0.5257, 0.3179
0.5257, 0.3179
0.5257, 0.3179
0.5257, 0.3179
0.5257, 0.3179
0.5257, 0.3179
0.5257, 0.3179
0.5296, 0.3179
0.5296, 0.3179
0.5296, 0.3179
0.5296, 0.3205
0.5296, 0.3205
0.5296, 0.3205
0.5296, 0.3205
0.5296, 0.3205
0.5296, 0.3205
0.5296, 0.3205
0.5296, 0.3205
0.5296, 0.3205
0.5296, 0.3205
0.5336, 0.3205
0.5336, 0.3205
0.5336, 0.3205
0.5336, 0.3205
0.5336, 0.3205
0.5336, 0.3205
0.5336, 0.3205
0.5336, 0.3205
0.5336, 0.3205
0.5336, 0.3205
0.5375, 0.3205
0.5375, 0.3205
0.5375, 0.3205
0.5375, 0.3205
0.5375, 0.3205
0.5375, 0.3205
0.5375, 0.3205
0.5375, 0.3205
0.5375, 0.3205
0.5375, 0.3205
0.5415, 0.3231
0.5415, 0.3231
0.5415, 0.3231
0.5415, 0.3231
0.5415, 0.3231
0.5415, 0.3231
0.5415, 0.3231
0.5415, 0.3231
0.5415, 0.3231
0.5415, 0.3231
0.5454, 0.3231
0.5454, 0.3231
0.5454, 0.3231
0.5454, 0.3256
0.5454, 0.3256
0.5454, 0.3256
0.5494, 0.3256
0.5494, 0.3256
0.5494, 0.3256
0.5494, 0.3256
0.5494, 0.3256
0.5494, 0.3256
0.5494, 0.3256
0.5494, 0.3256
0.5494, 0.3256
0.5494, 0.3256
0.5533, 0.3256
0.5533, 0.3256
0.5533, 0.3256
0.5533, 0.3256
0.5533, 0.3256
0.5533, 0.3256
0.5533, 0.3256
0.5533, 0.3256
0.5533, 0.3256
0.5533, 0.3256
0.5573, 0.3282
0.5573, 0.3282
0.5573, 0.3282
0.5573, 0.3282
0.5573, 0.3282
0.5573, 0.3282
0.5573, 0.3282
0.5573, 0.3282
0.5573, 0.3282
0.5573, 0.3282
0.5613, 0.3282
0.5613, 0.3282
0.5613, 0.3282
0.5613, 0.3282
0.5613, 0.3282
0.5613, 0.3282
0.5613, 0.3282
0.5613, 0.3308
0.5613, 0.3308
0.5613, 0.3308
0.5613, 0.3308
0.5613, 0.3308
0.5613, 0.3308
0.5652, 0.3308
0.5652, 0.3308
0.5652, 0.3308
0.5652, 0.3308
0.5652, 0.3308
0.5652, 0.3308
0.5652, 0.3308
0.5692, 0.3308
0.5692, 0.3308
0.5692, 0.3308
0.5692, 0.3308
0.5692, 0.3308
0.5692, 0.3308
0.5692, 0.3308
0.5692, 0.3308
0.5692, 0.3308
0.5692, 0.3308
0.5692, 0.3308
0.5692, 0.3308
0.5692, 0.3308
0.5731, 0.3308
0.5731, 0.3308
0.5731, 0.3308
0.5731, 0.3333
0.5731, 0.3333
0.5731, 0.3333
0.5731, 0.3333
0.5731, 0.3333
0.5731, 0.3333
0.5771, 0.3333
0.5771, 0.3333
0.5771, 0.3333
0.5771, 0.3333
0.5771, 0.3333
0.5771, 0.3333
0.5771, 0.3333
0.5771, 0.3333
0.5771, 0.3333
0.5771, 0.3333
0.5810, 0.3359
0.5810, 0.3359
0.5810, 0.3359
0.5810, 0.3359
0.5810, 0.3359
0.5810, 0.3359
0.5810, 0.3359
0.5810, 0.3359
0.5810, 0.3359
0.5810, 0.3359
0.5810, 0.3359
0.5810, 0.3359
0.5810, 0.3359
0.5810, 0.3359
0.5810, 0.3359
0.5810, 0.3359
0.5850, 0.3385
0.5850, 0.3385
0.5850, 0.3385
0.5850, 0.3385
0.5850, 0.3385
0.5850, 0.3385
0.5850, 0.3385
0.5850, 0.3385
0.5850, 0.3385
0.5850, 0.3385
0.5889, 0.3385
0.5889, 0.3385
0.5889, 0.3385
0.5889, 0.3385
0.5889, 0.3385
0.5889, 0.3385
0.5889, 0.3385
0.5889, 0.3385
0.5889, 0.3385
0.5889, 0.3385
0.5889, 0.3385
0.5889, 0.3385
0.5889, 0.3385
0.5889, 0.3385
0.5889, 0.3385
0.5889, 0.3385
0.5889, 0.3385
0.5929, 0.3410
0.5929, 0.3410
0.5929, 0.3410
0.5929, 0.3410
0.5929, 0.3410
0.5929, 0.3410
0.5929, 0.3410
0.5929, 0.3410
0.5929, 0.3410
0.5929, 0.3410
0.5969, 0.3410
0.5969, 0.3410
0.5969, 0.3410
0.5969, 0.3410
0.5969, 0.3410
0.5969, 0.3410
0.5969, 0.3410
0.5969, 0.3410
0.5969, 0.3410
0.6008, 0.3436
0.6008, 0.3436
0.6008, 0.3436
0.6008, 0.3436
0.6008, 0.3436
0.6008, 0.3436
0.6008, 0.3436
0.6008, 0.3436
0.6008, 0.3436
0.6008, 0.3436
0.6008, 0.3436
0.6008, 0.3436
0.6008, 0.3436
0.6008, 0.3436
0.6008, 0.3436
0.6008, 0.3436
0.6048, 0.3436
0.6048, 0.3436
0.6048, 0.3436
0.6048, 0.3436
0.6048, 0.3436
0.6048, 0.3436
0.6048, 0.3436
0.6048, 0.3436
0.6048, 0.3436
0.6048, 0.3436
0.6087, 0.3436
0.6087, 0.3436
0.6087, 0.3436
0.6087, 0.3436
0.6087, 0.3436
0.6087, 0.3436
0.6087, 0.3436
0.6087, 0.3436
0.6087, 0.3436
0.6087, 0.3462
0.6087, 0.3462
0.6087, 0.3462
0.6087, 0.3462
0.6087, 0.3462
0.6087, 0.3462
0.6087, 0.3462
0.6087, 0.3462
0.6087, 0.3462
0.6087, 0.3462
0.6127, 0.3462
0.6127, 0.3462
0.6127, 0.3462
0.6127, 0.3462
0.6127, 0.3462
0.6127, 0.3462
0.6166, 0.3487
0.6166, 0.3487
0.6166, 0.3487
0.6166, 0.3487
0.6166, 0.3487
0.6166, 0.3487
0.6166, 0.3487
0.6166, 0.3487
0.6166, 0.3487
0.6166, 0.3487
0.6206, 0.3487
0.6206, 0.3487
0.6206, 0.3487
0.6206, 0.3487
0.6206, 0.3487
0.6206, 0.3487
0.6206, 0.3487
0.6206, 0.3487
0.6206, 0.3487
0.6206, 0.3513
0.6206, 0.3513
0.6206, 0.3513
0.6206, 0.3513
0.6206, 0.3513
0.6206, 0.3513
0.6206, 0.3513
0.6245, 0.3513
0.6245, 0.3513
0.6245, 0.3513
0.6245, 0.3513
0.6245, 0.3513
0.6245, 0.3513
0.6245, 0.3513
0.6245, 0.3513
0.6245, 0.3513
0.6245, 0.3513
0.6285, 0.3513
0.6285, 0.3513
0.6285, 0.3513
0.6285, 0.3513
0.6285, 0.3513
0.6285, 0.3513
0.6285, 0.3513
0.6285, 0.3513
0.6285, 0.3513
0.6325, 0.3513
0.6325, 0.3513
0.6325, 0.3513
0.6364, 0.3513
0.6364, 0.3513
0.6364, 0.3513
0.6364, 0.3513
0.6364, 0.3513
0.6364, 0.3513
0.6364, 0.3513
0.6364, 0.3513
0.6364, 0.3513
0.6364, 0.3513
0.6364, 0.3513
0.6364, 0.3513
0.6364, 0.3513
0.6404, 0.3513
0.6404, 0.3513
0.6404, 0.3513
0.6404, 0.3538
0.6404, 0.3538
0.6404, 0.3538
0.6404, 0.3538
0.6404, 0.3538
0.6404, 0.3538
0.6404, 0.3538
0.6404, 0.3538
0.6404, 0.3538
0.6404, 0.3538
0.6443, 0.3538
0.6443, 0.3538
0.6443, 0.3538
0.6443, 0.3538
0.6443, 0.3538
0.6443, 0.3538
0.6443, 0.3538
0.6443, 0.3538
0.6443, 0.3538
0.6443, 0.3538
0.6443, 0.3538
0.6443, 0.3538
0.6443, 0.3538
0.6483, 0.3538
0.6483, 0.3538
0.6483, 0.3538
0.6483, 0.3538
0.6483, 0.3538
0.6483, 0.3538
0.6483, 0.3538
0.6483, 0.3538
0.6483, 0.3538
0.6483, 0.3538
0.6483, 0.3538
0.6483, 0.3538
0.6483, 0.3538
0.6483, 0.3538
0.6483, 0.3538
0.6522, 0.3538
0.6522, 0.3538
0.6522, 0.3538
0.6522, 0.3538
0.6522, 0.3538
0.6522, 0.3538
0.6522, 0.3538
0.6562, 0.3538
0.6562, 0.3538
0.6562, 0.3538
0.6562, 0.3564
0.6562, 0.3564
0.6562, 0.3564
0.6562, 0.3564
0.6562, 0.3564
0.6562, 0.3564
0.6562, 0.3564
0.6562, 0.3564
0.6562, 0.3564
0.6601, 0.3564
0.6601, 0.3564
0.6601, 0.3564
0.6601, 0.3564
0.6601, 0.3564
0.6601, 0.3564
0.6601, 0.3564
0.6601, 0.3564
0.6601, 0.3564
0.6641, 0.3564
0.6641, 0.3564
0.6641, 0.3564
0.6641, 0.3564
0.6641, 0.3564
0.6641, 0.3564
0.6681, 0.3564
0.6681, 0.3564
0.6681, 0.3564
0.6681, 0.3564
0.6681, 0.3564
0.6681, 0.3564
0.6681, 0.3564
0.6681, 0.3564
0.6681, 0.3564
0.6681, 0.3564
0.6681, 0.3564
0.6681, 0.3564
0.6681, 0.3564
0.6720, 0.3564
0.6720, 0.3564
0.6720, 0.3564
0.6720, 0.3564
0.6720, 0.3564
0.6720, 0.3564
0.6760, 0.3564
0.6760, 0.3564
0.6760, 0.3564
0.6760, 0.3564
0.6760, 0.3564
0.6760, 0.3564
0.6760, 0.3564
0.6760, 0.3564
0.6760, 0.3564
0.6760, 0.3564
0.6760, 0.3564
0.6760, 0.3564
0.6760, 0.3564
0.6760, 0.3564
0.6760, 0.3564
0.6799, 0.3564
0.6799, 0.3564
0.6799, 0.3564
0.6799, 0.3590
0.6799, 0.3590
0.6799, 0.3590
0.6839, 0.3590
0.6839, 0.3590
0.6839, 0.3590
0.6839, 0.3590
0.6839, 0.3590
0.6839, 0.3590
0.6878, 0.3590
0.6878, 0.3590
0.6878, 0.3590
0.6878, 0.3590
0.6878, 0.3590
0.6878, 0.3590
0.6878, 0.3590
0.6878, 0.3590
0.6878, 0.3590
0.6878, 0.3590
0.6878, 0.3590
0.6878, 0.3590
0.6878, 0.3590
0.6918, 0.3590
0.6918, 0.3590
0.6918, 0.3590
0.6918, 0.3590
0.6918, 0.3590
0.6957, 0.3615
0.6957, 0.3615
0.6957, 0.3615
0.6957, 0.3615
0.6957, 0.3615
0.6957, 0.3615
0.6957, 0.3615
0.6957, 0.3615
0.6957, 0.3615
0.6957, 0.3615
0.6957, 0.3615
0.6957, 0.3615
0.6957, 0.3615
0.6957, 0.3615
0.6957, 0.3615
0.6957, 0.3615
0.6997, 0.3615
0.6997, 0.3615
0.6997, 0.3615
0.6997, 0.3615
0.6997, 0.3615
0.6997, 0.3615
0.6997, 0.3615
0.6997, 0.3615
0.6997, 0.3615
0.6997, 0.3615
0.6997, 0.3615
0.6997, 0.3615
0.6997, 0.3615
0.7036, 0.3641
0.7036, 0.3641
0.7036, 0.3641
0.7036, 0.3641
0.7036, 0.3641
0.7036, 0.3641
0.7076, 0.3641
0.7076, 0.3641
0.7076, 0.3641
0.7076, 0.3641
0.7076, 0.3641
0.7076, 0.3641
0.7076, 0.3641
0.7076, 0.3641
0.7076, 0.3641
0.7076, 0.3641
0.7076, 0.3641
0.7076, 0.3641
0.7076, 0.3641
0.7076, 0.3641
0.7076, 0.3641
0.7116, 0.3641
0.7116, 0.3641
0.7116, 0.3641
0.7116, 0.3641
0.7116, 0.3641
0.7116, 0.3641
0.7116, 0.3641
0.7116, 0.3641
0.7116, 0.3641
0.7116, 0.3641
0.7155, 0.3641
0.7155, 0.3641
0.7155, 0.3641
0.7155, 0.3641
0.7155, 0.3641
0.7155, 0.3641
0.7155, 0.3641
0.7155, 0.3641
0.7155, 0.3641
0.7155, 0.3641
0.7155, 0.3641
0.7155, 0.3641
0.7155, 0.3641
0.7155, 0.3641
0.7155, 0.3641
0.7155, 0.3641
0.7155, 0.3641
0.7155, 0.3641
0.7155, 0.3641
0.7155, 0.3641
0.7155, 0.3641
0.7195, 0.3641
0.7195, 0.3641
0.7195, 0.3641
0.7195, 0.3641
0.7195, 0.3641
0.7195, 0.3641
0.7234, 0.3667
0.7234, 0.3667
0.7234, 0.3667
0.7234, 0.3667
0.7234, 0.3667
0.7234, 0.3667
0.7274, 0.3667
0.7274, 0.3667
0.7274, 0.3667
0.7274, 0.3667
0.7274, 0.3667
0.7274, 0.3667
0.7274, 0.3667
0.7274, 0.3667
0.7274, 0.3667
0.7274, 0.3667
0.7274, 0.3667
0.7274, 0.3667
0.7274, 0.3667
0.7274, 0.3667
0.7274, 0.3667
0.7313, 0.3667
0.7313, 0.3667
0.7313, 0.3667
0.7313, 0.3667
0.7313, 0.3667
0.7313, 0.3667
0.7313, 0.3667
0.7313, 0.3667
0.7313, 0.3667
0.7353, 0.3692
0.7353, 0.3692
0.7353, 0.3692
0.7353, 0.3692
0.7353, 0.3692
0.7353, 0.3692
0.7353, 0.3692
0.7353, 0.3692
0.7353, 0.3692
0.7353, 0.3692
0.7353, 0.3692
0.7353, 0.3692
0.7353, 0.3692
0.7392, 0.3692
0.7392, 0.3692
0.7392, 0.3692
0.7392, 0.3692
0.7392, 0.3692
0.7392, 0.3692
0.7392, 0.3692
0.7392, 0.3692
0.7392, 0.3692
0.7432, 0.3692
0.7432, 0.3692
0.7432, 0.3692
0.7432, 0.3692
0.7432, 0.3692
0.7432, 0.3692
0.7472, 0.3692
0.7472, 0.3692
0.7472, 0.3692
0.7472, 0.3692
0.7472, 0.3692
0.7472, 0.3692
0.7472, 0.3692
0.7472, 0.3692
0.7472, 0.3692
0.7472, 0.3692
0.7472, 0.3692
0.7511, 0.3692
0.7511, 0.3692
0.7511, 0.3692
0.7511, 0.3692
0.7511, 0.3692
0.7511, 0.3692
0.7551, 0.3692
0.7551, 0.3692
0.7551, 0.3692
0.7551, 0.3692
0.7551, 0.3692
0.7551, 0.3692
0.7551, 0.3718
0.7551, 0.3718
0.7551, 0.3718
0.7551, 0.3718
0.7551, 0.3718
0.7551, 0.3718
0.7590, 0.3718
0.7590, 0.3718
0.7590, 0.3718
0.7590, 0.3718
0.7590, 0.3718
0.7590, 0.3718
0.7590, 0.3718
0.7590, 0.3718
0.7590, 0.3718
0.7630, 0.3718
0.7630, 0.3718
0.7630, 0.3718
0.7630, 0.3718
0.7630, 0.3718
0.7630, 0.3718
0.7630, 0.3718
0.7630, 0.3718
0.7630, 0.3718
0.7630, 0.3718
0.7630, 0.3718
0.7630, 0.3718
0.7669, 0.3718
0.7669, 0.3718
0.7669, 0.3718
0.7669, 0.3718
0.7669, 0.3718
0.7669, 0.3718
0.7709, 0.3718
0.7709, 0.3718
0.7709, 0.3718
0.7748, 0.3744
0.7748, 0.3744
0.7748, 0.3744
0.7748, 0.3744
0.7748, 0.3744
0.7748, 0.3744
0.7748, 0.3744
0.7748, 0.3744
0.7748, 0.3744
0.7788, 0.3744
0.7788, 0.3744
0.7788, 0.3744
0.7788, 0.3744
0.7788, 0.3744
0.7788, 0.3744
0.7828, 0.3744
0.7828, 0.3744
0.7828, 0.3744
0.7828, 0.3744
0.7828, 0.3744
0.7828, 0.3744
0.7828, 0.3744
0.7828, 0.3744
0.7828, 0.3744
0.7828, 0.3744
0.7828, 0.3744
0.7828, 0.3744
0.7867, 0.3769
0.7867, 0.3769
0.7867, 0.3769
0.7867, 0.3769
0.7867, 0.3769
0.7867, 0.3769
0.7907, 0.3769
0.7907, 0.3769
0.7907, 0.3769
0.7907, 0.3769
0.7907, 0.3769
0.7907, 0.3769
0.7946, 0.3769
0.7946, 0.3769
0.7946, 0.3769
0.7946, 0.3769
0.7946, 0.3769
0.7946, 0.3769
0.7946, 0.3769
0.7946, 0.3769
0.7946, 0.3769
0.7946, 0.3769
0.7946, 0.3769
0.7946, 0.3769
0.7946, 0.3769
0.7946, 0.3769
0.7946, 0.3769
0.7986, 0.3769
0.7986, 0.3769
0.7986, 0.3769
0.7986, 0.3769
0.7986, 0.3769
0.7986, 0.3769
0.8025, 0.3769
0.8025, 0.3769
0.8025, 0.3769
0.8025, 0.3769
0.8025, 0.3769
0.8025, 0.3769
0.8025, 0.3769
0.8025, 0.3769
0.8025, 0.3769
0.8025, 0.3769
0.8025, 0.3769
0.8065, 0.3769
0.8065, 0.3769
0.8065, 0.3769
0.8065, 0.3769
0.8065, 0.3769
0.8065, 0.3769
0.8104, 0.3769
0.8104, 0.3769
0.8104, 0.3769
0.8104, 0.3769
0.8104, 0.3769
0.8104, 0.3769
0.8104, 0.3769
0.8104, 0.3769
0.8104, 0.3769
0.8144, 0.3769
0.8144, 0.3769
0.8144, 0.3769
0.8144, 0.3769
0.8144, 0.3769
0.8144, 0.3769
0.8144, 0.3769
0.8144, 0.3769
0.8144, 0.3769
0.8144, 0.3769
0.8144, 0.3769
0.8144, 0.3769
0.8144, 0.3769
0.8144, 0.3769
0.8144, 0.3769
0.8144, 0.3769
0.8184, 0.3769
0.8184, 0.3769
0.8184, 0.3769
0.8184, 0.3769
0.8184, 0.3769
0.8184, 0.3769
0.8223, 0.3769
0.8223, 0.3769
0.8223, 0.3769
0.8223, 0.3769
0.8223, 0.3769
0.8223, 0.3769
0.8263, 0.3769
0.8263, 0.3769
0.8263, 0.3769
0.8302, 0.3769
0.8302, 0.3769
0.8342, 0.3769
0.8342, 0.3769
0.8342, 0.3769
0.8342, 0.3769
0.8342, 0.3769
0.8342, 0.3769
0.8381, 0.3769
0.8381, 0.3769
0.8381, 0.3769
0.8421, 0.3769
0.8421, 0.3769
0.8421, 0.3769
0.8421, 0.3769
0.8421, 0.3769
0.8421, 0.3769
0.8421, 0.3769
0.8421, 0.3769
0.8421, 0.3769
0.8421, 0.3769
0.8421, 0.3769
0.8460, 0.3769
0.8460, 0.3769
0.8460, 0.3769
0.8460, 0.3769
0.8460, 0.3769
0.8460, 0.3769
0.8500, 0.3769
0.8500, 0.3769
0.8500, 0.3769
0.8500, 0.3769
0.8500, 0.3769
0.8500, 0.3769
0.8540, 0.3769
0.8540, 0.3769
0.8540, 0.3769
0.8540, 0.3769
0.8540, 0.3769
0.8540, 0.3769
0.8540, 0.3769
0.8540, 0.3769
0.8579, 0.3769
0.8579, 0.3769
0.8579, 0.3769
0.8619, 0.3744
0.8619, 0.3744
0.8619, 0.3744
0.8619, 0.3744
0.8619, 0.3744
0.8619, 0.3744
0.8619, 0.3744
0.8619, 0.3744
0.8619, 0.3744
0.8658, 0.3744
0.8658, 0.3744
0.8698, 0.3744
0.8698, 0.3744
0.8698, 0.3744
0.8737, 0.3744
0.8737, 0.3744
0.8737, 0.3744
0.8737, 0.3744
0.8737, 0.3744
0.8737, 0.3744
0.8737, 0.3744
0.8737, 0.3744
0.8737, 0.3744
0.8737, 0.3718
0.8737, 0.3718
0.8777, 0.3718
0.8777, 0.3718
0.8777, 0.3718
0.8777, 0.3718
0.8777, 0.3718
0.8777, 0.3718
0.8816, 0.3718
0.8816, 0.3718
0.8816, 0.3718
0.8816, 0.3718
0.8816, 0.3718
0.8816, 0.3718
0.8816, 0.3718
0.8816, 0.3718
0.8816, 0.3718
0.8816, 0.3718
0.8816, 0.3718
0.8816, 0.3718
0.8856, 0.3718
0.8856, 0.3718
0.8856, 0.3718
0.8856, 0.3718
0.8856, 0.3718
0.8895, 0.3718
0.8895, 0.3718
0.8895, 0.3718
0.8895, 0.3718
0.8895, 0.3718
0.8895, 0.3718
0.8895, 0.3692
0.8895, 0.3692
0.8895, 0.3692
0.8935, 0.3692
0.8935, 0.3692
0.8935, 0.3692
0.8935, 0.3692
0.8935, 0.3692
0.8975, 0.3692
0.8975, 0.3692
0.8975, 0.3692
0.8975, 0.3692
0.8975, 0.3692
0.8975, 0.3692
0.8975, 0.3692
0.8975, 0.3692
0.8975, 0.3692
0.9014, 0.3692
0.9014, 0.3692
0.9014, 0.3692
0.9014, 0.3667
0.9014, 0.3667
0.9014, 0.3667
0.9014, 0.3667
0.9014, 0.3667
0.9054, 0.3667
0.9054, 0.3667
0.9054, 0.3667
0.9054, 0.3667
0.9054, 0.3667
0.9054, 0.3667
0.9093, 0.3667
0.9093, 0.3667
0.9093, 0.3667
0.9093, 0.3667
0.9093, 0.3667
0.9093, 0.3667
0.9093, 0.3667
0.9093, 0.3667
0.9133, 0.3667
0.9133, 0.3667
0.9133, 0.3667
0.9133, 0.3667
0.9133, 0.3667
0.9133, 0.3667
0.9172, 0.3641
0.9172, 0.3641
0.9172, 0.3641
0.9172, 0.3641
0.9172, 0.3641
0.9172, 0.3641
0.9212, 0.3641
0.9212, 0.3641
0.9212, 0.3641
0.9212, 0.3641
0.9212, 0.3641
0.9212, 0.3641
0.9212, 0.3641
0.9212, 0.3641
0.9212, 0.3641
0.9212, 0.3641
0.9212, 0.3641
0.9251, 0.3615
0.9251, 0.3615
0.9251, 0.3615
0.9251, 0.3615
0.9251, 0.3615
0.9251, 0.3615
0.9291, 0.3615
0.9291, 0.3615
0.9291, 0.3615
0.9291, 0.3615
0.9291, 0.3615
0.9291, 0.3615
0.9291, 0.3615
0.9291, 0.3615
0.9291, 0.3615
0.9291, 0.3615
0.9291, 0.3615
0.9291, 0.3615
0.9331, 0.3590
0.9331, 0.3590
0.9331, 0.3590
0.9331, 0.3590
0.9331, 0.3590
0.9370, 0.3590
0.9370, 0.3590
0.9370, 0.3590
0.9370, 0.3590
0.9370, 0.3590
0.9370, 0.3590
0.9410, 0.3590
0.9410, 0.3590
0.9410, 0.3590
0.9410, 0.3590
0.9410, 0.3590
0.9410, 0.3590
0.9410, 0.3590
0.9410, 0.3590
0.9410, 0.3590
0.9410, 0.3590
0.9410, 0.3590
0.9410, 0.3590
0.9410, 0.3590
0.9410, 0.3590
0.9410, 0.3590
0.9410, 0.3590
0.9410, 0.3590
0.9449, 0.3590
0.9449, 0.3590
0.9449, 0.3590
0.9449, 0.3564
0.9449, 0.3564
0.9449, 0.3564
0.9449, 0.3564
0.9449, 0.3564
0.9449, 0.3564
0.9449, 0.3564
0.9449, 0.3564
0.9449, 0.3564
0.9449, 0.3564
0.9449, 0.3564
0.9449, 0.3564
0.9449, 0.3564
0.9449, 0.3564
0.9449, 0.3564
0.9449, 0.3564
0.9449, 0.3564
0.9449, 0.3564
0.9449, 0.3564
0.9449, 0.3564
0.9489, 0.3564
0.9489, 0.3564
0.9489, 0.3564
0.9489, 0.3564
0.9489, 0.3564
0.9489, 0.3564
0.9489, 0.3564
0.9489, 0.3564
0.9489, 0.3564
0.9489, 0.3564
0.9489, 0.3564
0.9489, 0.3538
0.9489, 0.3538
0.9489, 0.3538
0.9489, 0.3538
0.9489, 0.3538
0.9489, 0.3538
0.9528, 0.3538
0.9528, 0.3538
0.9528, 0.3538
0.9528, 0.3538
0.9528, 0.3538
0.9528, 0.3538
0.9528, 0.3538
0.9528, 0.3538
0.9528, 0.3538
0.9528, 0.3538
0.9528, 0.3538
0.9528, 0.3538
0.9528, 0.3538
0.9528, 0.3538
0.9528, 0.3538
0.9528, 0.3538
0.9528, 0.3538
0.9528, 0.3538
0.9528, 0.3538
0.9528, 0.3538
0.9528, 0.3538
0.9528, 0.3538
0.9528, 0.3538
0.9528, 0.3538
0.9528, 0.3538
0.9528, 0.3538
0.9528, 0.3538
0.9528, 0.3538
0.9568, 0.3538
0.9568, 0.3538
0.9568, 0.3538
0.9568, 0.3538
0.9568, 0.3538
0.9607, 0.3538
0.9607, 0.3538
0.9607, 0.3538
0.9607, 0.3538
0.9607, 0.3538
0.9607, 0.3538
0.9607, 0.3538
0.9607, 0.3538
0.9607, 0.3538
0.9607, 0.3538
0.9607, 0.3538
0.9607, 0.3538
0.9607, 0.3513
0.9607, 0.3513
0.9607, 0.3513
0.9607, 0.3513
0.9607, 0.3513
0.9647, 0.3513
0.9647, 0.3513
0.9647, 0.3513
0.9647, 0.3513
0.9647, 0.3513
0.9647, 0.3513
0.9647, 0.3513
0.9647, 0.3513
0.9647, 0.3513
0.9647, 0.3513
0.9647, 0.3513
0.9647, 0.3513
0.9647, 0.3513
0.9647, 0.3513
0.9647, 0.3513
0.9647, 0.3513
0.9647, 0.3513
0.9647, 0.3513
0.9647, 0.3513
0.9647, 0.3513
0.9647, 0.3513
0.9647, 0.3513
0.9647, 0.3513
0.9647, 0.3513
0.9647, 0.3513
0.9647, 0.3513
0.9647, 0.3513
0.9647, 0.3513
0.9647, 0.3513
0.9647, 0.3513
0.9647, 0.3513
0.9647, 0.3513
0.9647, 0.3513
0.9647, 0.3513
0.9647, 0.3513
0.9647, 0.3513
0.9647, 0.3513
0.9647, 0.3513
0.9647, 0.3513
0.9647, 0.3513
0.9647, 0.3513
0.9647, 0.3513
0.9647, 0.3513
0.9647, 0.3513
0.9647, 0.3513
0.9647, 0.3513
0.9647, 0.3513
0.9647, 0.3513
0.9647, 0.3513
0.9647, 0.3513
0.9647, 0.3513
0.9647, 0.3513
0.9647, 0.3513
0.9647, 0.3513
0.9647, 0.3513
0.9647, 0.3513
0.9647, 0.3513
0.9647, 0.3513
0.9647, 0.3513
0.9647, 0.3513
0.9647, 0.3513
0.9647, 0.3513
0.9647, 0.3513
0.9647, 0.3513
0.9647, 0.3513
0.9647, 0.3513

0.6404, 0.3538
0.6404, 0.3538
0.6404, 0.3538
0.6404, 0.3538
0.6404, 0.3538
0.6404, 0.3538
0.6404, 0.3538
0.6404, 0.3538
0.6404, 0.3538
0.6404, 0.3538
0.6404, 0.3538
0.6404, 0.3538
0.6404, 0.3538
0.6404, 0.3538
0.6404, 0.3538
0.6404, 0.3538
0.6404, 0.3538
0.6404, 0.3538
0.6404, 0.3538
0.6404, 0.3538
0.6404, 0.3538
0.6404, 0.3538
0.6404, 0.3538
0.6404, 0.3538
0.6404, 0.3538
0.6404, 0.3538
0.6404, 0.3538
0.6404, 0.3538
0.6404, 0.3538
0.6404, 0.3538
0.6404, 0.3538
0.6404, 0.3538
0.6404, 0.3538
0.6404, 0.3538
0.6404, 0.3538
0.6404, 0.3538
0.6404, 0.3538
0.6404, 0.3538
0.6404, 0.3538
0.6404, 0.3538
0.6404, 0.3538
0.6404, 0.3538
0.6404, 0.3538
0.6404, 0.3538
0.6404, 0.3538
0.6404, 0.3538
0.6404, 0.3538
0.6404, 0.3538
0.6404, 0.3538
0.6404, 0.3538
0.6404, 0.3538
0.6404, 0.3538
0.6404, 0.3538
0.6404, 0.3538
0.6404, 0.3538
0.6404, 0.3538
0.6404, 0.3538
0.6404, 0.3538
0.6404, 0.3538
0.6404, 0.3538
0.6404, 0.3538
0.6404, 0.3538
0.6404, 0.3538
0.6404, 0.3538
0.6404, 0.3538
0.6404, 0.3538
0.6404, 0.3538
0.6404, 0.3538
0.6404, 0.3538
0.6404, 0.3538
0.6404, 0.3538
0.6404, 0.3538
0.6404, 0.3538
0.6404, 0.3538
0.6404, 0.3538
0.6404, 0.3538
0.6404, 0.3538
0.6404, 0.3538
0.6404, 0.3538
0.6404, 0.3538
0.6404, 0.3538
0.6404, 0.3538
0.6404, 0.3538
0.6404, 0.3538
0.6404, 0.3538
0.6404, 0.3538
0.6404, 0.3538
0.6404, 0.3538
0.6404, 0.3538
0.6404, 0.3538
0.6404, 0.3538
0.6404, 0.3513
0.6404, 0.3513
0.6404, 0.3513
0.6404, 0.3513
0.6404, 0.3513
0.6404, 0.3513
0.6404, 0.3513
0.6404, 0.3513
0.6404, 0.3513
0.6404, 0.3513
0.6404, 0.3513
0.6404, 0.3513
0.6404, 0.3513
0.6404, 0.3513
0.6404, 0.3513
0.6404, 0.3513
0.6404, 0.3513
0.6404, 0.3513
0.6404, 0.3513
0.6404, 0.3513
0.6404, 0.3513
0.6404, 0.3513
0.6404, 0.3513
0.6404, 0.3513
0.6404, 0.3513
0.6404, 0.3513
0.6404, 0.3513
0.6404, 0.3513
0.6404, 0.3513
0.6404, 0.3513
0.6404, 0.3513
0.6404, 0.3513
0.6404, 0.3513
0.6404, 0.3513
0.6404, 0.3513
0.6404, 0.3513
0.6404, 0.3513
0.6404, 0.3513
0.6404, 0.3513
0.6404, 0.3513
0.6404, 0.3487
0.6404, 0.3487
0.6404, 0.3487
0.6364, 0.3487
0.6364, 0.3487
0.6364, 0.3487
0.6364, 0.3487
0.6364, 0.3487
0.6364, 0.3487
0.6364, 0.3487
0.6364, 0.3487
0.6364, 0.3487
0.6364, 0.3462
0.6364, 0.3462
0.6364, 0.3462
0.6364, 0.3462
0.6364, 0.3462
0.6364, 0.3462
0.6364, 0.3462
0.6364, 0.3462
0.6364, 0.3462
0.6364, 0.3462
0.6364, 0.3462
0.6364, 0.3462
0.6364, 0.3462
0.6364, 0.3462
0.6364, 0.3462
0.6364, 0.3462
0.6364, 0.3462
0.6364, 0.3436
0.6364, 0.3436
0.6364, 0.3436
0.6364, 0.3436
0.6364, 0.3436
0.6364, 0.3436
0.6364, 0.3436
0.6364, 0.3436
0.6364, 0.3436
0.6364, 0.3436
0.6364, 0.3436
0.6364, 0.3436
0.6364, 0.3436
0.6364, 0.3436
0.6364, 0.3436
0.6364, 0.3436
0.6325, 0.3436
0.6325, 0.3436
0.6325, 0.3436
0.6325, 0.3436
0.6325, 0.3436
0.6325, 0.3436
0.6325, 0.3436
0.6325, 0.3436
0.6325, 0.3436
0.6325, 0.3436
0.6325, 0.3436
0.6325, 0.3436
0.6325, 0.3410
0.6325, 0.3410
0.6325, 0.3410
0.6325, 0.3410
0.6325, 0.3410
0.6325, 0.3410
0.6325, 0.3410
0.6325, 0.3410
0.6325, 0.3410
0.6325, 0.3410
0.6325, 0.3410
0.6325, 0.3410
0.6325, 0.3410
0.6325, 0.3410
0.6325, 0.3410
0.6325, 0.3410
0.6325, 0.3410
0.6325, 0.3410
0.6325, 0.3410
0.6325, 0.3410
0.6325, 0.3385
0.6325, 0.3385
0.6325, 0.3385
0.6325, 0.3385
0.6325, 0.3385
0.6325, 0.3385
0.6325, 0.3385
0.6325, 0.3385
0.6325, 0.3385
0.6325, 0.3385
0.6325, 0.3385
0.6325, 0.3385
0.6325, 0.3385
0.6325, 0.3385
0.6325, 0.3385
0.6325, 0.3385
0.6325, 0.3385
0.6325, 0.3385
0.6325, 0.3385
0.6325, 0.3385
0.6325, 0.3385
0.6325, 0.3385
0.6325, 0.3385
0.6325, 0.3385
0.6325, 0.3359
0.6325, 0.3359
0.6325, 0.3359
0.6285, 0.3359
0.6285, 0.3359
0.6285, 0.3359
0.6285, 0.3359
0.6285, 0.3359
0.6285, 0.3359
0.6285, 0.3359
0.6285, 0.3359
0.6285, 0.3359
0.6285, 0.3359
0.6285, 0.3333
0.6285, 0.3333
0.6285, 0.3333
0.6285, 0.3333
0.6285, 0.3333
0.6285, 0.3333
0.6285, 0.3333
0.6285, 0.3333
0.6285, 0.3333
0.6245, 0.3333
0.6245, 0.3333
0.6245, 0.3333
0.6245, 0.3333
0.6245, 0.3333
0.6245, 0.3333
0.6245, 0.3308
0.6245, 0.3308
0.6245, 0.3308
0.6245, 0.3308
0.6245, 0.3308
0.6245, 0.3308
0.6245, 0.3308
0.6245, 0.3308
0.6245, 0.3308
0.6245, 0.3308
0.6245, 0.3308
0.6245, 0.3308
0.6245, 0.3308
0.6245, 0.3308
0.6245, 0.3308
0.6245, 0.3308
0.6245, 0.3308
0.6245, 0.3308
0.6245, 0.3308
0.6245, 0.3308
0.6245, 0.3308
0.6245, 0.3308
0.6245, 0.3308
0.6245, 0.3308
0.6245, 0.3308
0.6245, 0.3308
0.6245, 0.3282
0.6245, 0.3282
0.6245, 0.3282
0.6206, 0.3282
0.6206, 0.3282
0.6206, 0.3282
0.6206, 0.3282
0.6206, 0.3282
0.6206, 0.3282
0.6206, 0.3282
0.6206, 0.3282
0.6206, 0.3256
0.6206, 0.3256
0.6206, 0.3256
0.6206, 0.3256
0.6206, 0.3256
0.6206, 0.3256
0.6206, 0.3256
0.6206, 0.3256
0.6206, 0.3256
0.6166, 0.3256
0.6166, 0.3256
0.6166, 0.3256
0.6166, 0.3256
0.6166, 0.3256
0.6166, 0.3256
0.6166, 0.3256
0.6166, 0.3256
0.6166, 0.3256
0.6166, 0.3256
0.6166, 0.3256
0.6166, 0.3256
0.6166, 0.3256
0.6166, 0.3256
0.6166, 0.3256
0.6166, 0.3256
0.6166, 0.3256
0.6166, 0.3256
0.6166, 0.3256
0.6166, 0.3256
0.6166, 0.3256
0.6166, 0.3256
0.6166, 0.3256
0.6127, 0.3256
0.6127, 0.3256
0.6127, 0.3256
0.6127, 0.3256
0.6127, 0.3256
0.6127, 0.3256
0.6127, 0.3256
0.6127, 0.3256
0.6127, 0.3256
0.6127, 0.3256
0.6127, 0.3231
0.6127, 0.3231
0.6127, 0.3231
0.6127, 0.3231
0.6127, 0.3231
0.6127, 0.3231
0.6127, 0.3231
0.6127, 0.3231
0.6127, 0.3231
0.6127, 0.3231
0.6127, 0.3231
0.6127, 0.3205
0.6127, 0.3205
0.6127, 0.3205
0.6127, 0.3205
0.6127, 0.3205
0.6127, 0.3205
0.6127, 0.3205
0.6127, 0.3205
0.6127, 0.3205
0.6087, 0.3205
0.6087, 0.3205
0.6087, 0.3205
0.6087, 0.3205
0.6087, 0.3205
0.6087, 0.3205
0.6087, 0.3205
0.6087, 0.3205
0.6087, 0.3205
0.6087, 0.3205
0.6087, 0.3205
0.6087, 0.3205
0.6087, 0.3205
0.6087, 0.3205
0.6087, 0.3205
0.6048, 0.3205
0.6048, 0.3205
0.6048, 0.3205
0.6048, 0.3205
0.6048, 0.3205
0.6048, 0.3179
0.6048, 0.3179
0.6048, 0.3179
0.6048, 0.3179
0.6048, 0.3179
0.6048, 0.3179
0.6048, 0.3179
0.6048, 0.3179
0.6048, 0.3179
0.6048, 0.3179
0.6048, 0.3179
0.6048, 0.3179
0.6048, 0.3179
0.6048, 0.3154
0.6048, 0.3154
0.6048, 0.3154
0.6048, 0.3154
0.6048, 0.3154
0.6008, 0.3154
0.6008, 0.3154
0.6008, 0.3154
0.6008, 0.3154
0.6008, 0.3154
0.6008, 0.3154
0.6008, 0.3128
0.6008, 0.3128
0.6008, 0.3128
0.6008, 0.3128
0.6008, 0.3128
0.6008, 0.3128
0.6008, 0.3128
0.6008, 0.3128
0.6008, 0.3128
0.6008, 0.3128
0.6008, 0.3128
0.6008, 0.3128
0.5969, 0.3128
0.5969, 0.3128
0.5969, 0.3128
0.5969, 0.3128
0.5969, 0.3128
0.5969, 0.3128
0.5969, 0.3128
0.5969, 0.3128
0.5969, 0.3128
0.5969, 0.3128
0.5969, 0.3128
0.5969, 0.3128
0.5929, 0.3103
0.5929, 0.3103
0.5929, 0.3103
0.5929, 0.3103
0.5929, 0.3103
0.5929, 0.3103
0.5929, 0.3103
0.5929, 0.3103
0.5929, 0.3103
0.5929, 0.3077
0.5929, 0.3077
0.5929, 0.3077
0.5929, 0.3077
0.5929, 0.3077
0.5929, 0.3077
0.5929, 0.3077
0.5929, 0.3077
0.5929, 0.3077
0.5929, 0.3077
0.5929, 0.3077
0.5929, 0.3077
0.5929, 0.3077
0.5929, 0.3077
0.5929, 0.3077
0.5929, 0.3077
0.5929, 0.3077
0.5929, 0.3077
0.5929, 0.3077
0.5929, 0.3077
0.5929, 0.3077
0.5889, 0.3077
0.5889, 0.3077
0.5889, 0.3077
0.5889, 0.3077
0.5889, 0.3077
0.5889, 0.3077
0.5889, 0.3077
0.5889, 0.3051
0.5889, 0.3051
0.5889, 0.3051
0.5889, 0.3051
0.5889, 0.3051
0.5889, 0.3051
0.5850, 0.3051
0.5850, 0.3051
0.5850, 0.3026
0.5850, 0.3026
0.5850, 0.3026
0.5850, 0.3026
0.5850, 0.3026
0.5850, 0.3026
0.5850, 0.3000
0.5850, 0.3000
0.5850, 0.3000
0.5850, 0.3000
0.5850, 0.3000
0.5850, 0.3000
0.5850, 0.3000
0.5850, 0.3000
0.5850, 0.3000
0.5850, 0.3000
0.5850, 0.3000
0.5850, 0.3000
0.5850, 0.3000
0.5850, 0.3000
0.5850, 0.3000
0.5810, 0.3000
0.5810, 0.3000
0.5810, 0.3000
0.5810, 0.3000
0.5810, 0.3000
0.5810, 0.3000
0.5810, 0.3000
0.5810, 0.3000
0.5810, 0.3000
0.5810, 0.3000
0.5810, 0.3000
0.5810, 0.3000
0.5810, 0.3000
0.5810, 0.2974
0.5810, 0.2974
0.5810, 0.2974
0.5810, 0.2974
0.5810, 0.2974
0.5771, 0.2974
0.5771, 0.2974
0.5771, 0.2974
0.5771, 0.2974
0.5771, 0.2974
0.5771, 0.2974
0.5771, 0.2949
0.5771, 0.2949
0.5771, 0.2949
0.5771, 0.2949
0.5771, 0.2949
0.5771, 0.2949
0.5771, 0.2949
0.5771, 0.2949
0.5771, 0.2949
0.5771, 0.2949
0.5771, 0.2949
0.5771, 0.2949
0.5771, 0.2949
0.5771, 0.2949
0.5771, 0.2949
0.5771, 0.2923
0.5771, 0.2923
0.5771, 0.2923
0.5771, 0.2923
0.5771, 0.2923
0.5771, 0.2923
0.5771, 0.2923
0.5731, 0.2923
0.5731, 0.2923
0.5731, 0.2923
0.5731, 0.2923
0.5731, 0.2923
0.5731, 0.2923
0.5731, 0.2923
0.5731, 0.2923
0.5731, 0.2897
0.5731, 0.2897
0.5731, 0.2897
0.5731, 0.2897
0.5731, 0.2897
0.5731, 0.2897
0.5731, 0.2897
0.5731, 0.2897
0.5731, 0.2897
0.5731, 0.2897
0.5731, 0.2897
0.5731, 0.2897
0.5731, 0.2872
0.5731, 0.2872
0.5731, 0.2872
0.5731, 0.2872
0.5731, 0.2872
0.5731, 0.2872
0.5692, 0.2872
0.5692, 0.2872
0.5692, 0.2872
0.5692, 0.2872
0.5692, 0.2872
0.5692, 0.2872
0.5692, 0.2872
0.5692, 0.2872
0.5692, 0.2846
0.5692, 0.2846
0.5692, 0.2846
0.5692, 0.2846
0.5692, 0.2846
0.5692, 0.2846
0.5692, 0.2846
0.5692, 0.2846
0.5692, 0.2846
0.5692, 0.2846
0.5692, 0.2821
0.5692, 0.2821
0.5692, 0.2821
0.5692, 0.2821
0.5692, 0.2821
0.5652, 0.2821
0.5652, 0.2821
0.5652, 0.2821
0.5652, 0.2821
0.5652, 0.2821
0.5652, 0.2821
0.5652, 0.2821
0.5652, 0.2821
0.5652, 0.2821
0.5652, 0.2821
0.5652, 0.2821
0.5652, 0.2821
0.5652, 0.2795
0.5652, 0.2795
0.5652, 0.2795
0.5652, 0.2795
0.5652, 0.2795
0.5652, 0.2795
0.5652, 0.2795
0.5652, 0.2795
0.5652, 0.2769
0.5652, 0.2769
0.5652, 0.2769
0.5652, 0.2769
0.5652, 0.2769
0.5652, 0.2769
0.5652, 0.2744
0.5652, 0.2744
0.5652, 0.2744
0.5652, 0.2744
0.5652, 0.2744
0.5652, 0.2744
0.5652, 0.2744
0.5652, 0.2744
0.5652, 0.2744
0.5652, 0.2744
0.5652, 0.2744
0.5652, 0.2744
0.5652, 0.2718
0.5652, 0.2718
0.5652, 0.2718
0.5652, 0.2718
0.5652, 0.2718
0.5652, 0.2718
0.5652, 0.2692
0.5652, 0.2692
0.5652, 0.2692
0.5652, 0.2692
0.5652, 0.2692
0.5652, 0.2692
0.5652, 0.2692
0.5652, 0.2692
0.5652, 0.2692
0.5652, 0.2692
0.5652, 0.2692
0.5652, 0.2692
0.5652, 0.2692
0.5652, 0.2692
0.5652, 0.2692
0.5652, 0.2667
0.5652, 0.2667
0.5652, 0.2667
0.5652, 0.2667
0.5652, 0.2667
0.5652, 0.2667
0.5652, 0.2667
0.5652, 0.2667
0.5652, 0.2667
0.5652, 0.2641
0.5652, 0.2641
0.5652, 0.2641
0.5652, 0.2641
0.5652, 0.2641
0.5652, 0.2641
0.5652, 0.2615
0.5652, 0.2615
0.5652, 0.2615
0.5652, 0.2615
0.5652, 0.2615
0.5652, 0.2615
0.5652, 0.2615
0.5652, 0.2615
0.5652, 0.2615
0.5652, 0.2615
0.5652, 0.2615
0.5652, 0.2615
0.5652, 0.2615
0.5652, 0.2615
0.5652, 0.2590
0.5652, 0.2590
0.5652, 0.2590
0.5652, 0.2590
0.5652, 0.2590
0.5652, 0.2590
0.5652, 0.2564
0.5652, 0.2564
0.5652, 0.2564
0.5652, 0.2564
0.5652, 0.2564
0.5652, 0.2564
0.5652, 0.2564
0.5652, 0.2564
0.5652, 0.2564
0.5652, 0.2564
0.5652, 0.2564
0.5652, 0.2564
0.5652, 0.2564
0.5652, 0.2564
0.5652, 0.2538
0.5652, 0.2538
0.5652, 0.2538
0.5652, 0.2538
0.5652, 0.2538
0.5652, 0.2538
0.5652, 0.2513
0.5652, 0.2513
0.5652, 0.2513
0.5652, 0.2513
0.5652, 0.2513
0.5652, 0.2513
0.5652, 0.2487
0.5652, 0.2487
0.5652, 0.2487
0.5652, 0.2487
0.5652, 0.2487
0.5652, 0.2487
0.5652, 0.2487
0.5652, 0.2487
0.5652, 0.2487
0.5652, 0.2487
0.5652, 0.2487
0.5652, 0.2462
0.5652, 0.2462
0.5652, 0.2462
0.5652, 0.2462
0.5652, 0.2462
0.5652, 0.2436
0.5652, 0.2436
0.5652, 0.2436
0.5652, 0.2436
0.5652, 0.2436
0.5652, 0.2436
0.5652, 0.2436
0.5652, 0.2436
0.5652, 0.2436
0.5652, 0.2436
0.5652, 0.2436
0.5652, 0.2436
0.5652, 0.2410
0.5652, 0.2410
0.5652, 0.2410
0.5652, 0.2410
0.5652, 0.2410
0.5652, 0.2410
0.5652, 0.2385
0.5652, 0.2385
0.5652, 0.2385
0.5652, 0.2385
0.5652, 0.2385
0.5652, 0.2385
0.5652, 0.2385
0.5652, 0.2385
0.5652, 0.2385
0.5652, 0.2385
0.5652, 0.2385
0.5652, 0.2385
0.5652, 0.2385
0.5652, 0.2385
0.5652, 0.2359
0.5652, 0.2359
0.5652, 0.2359
0.5652, 0.2359
0.5652, 0.2359
0.5652, 0.2359
0.5652, 0.2359
0.5652, 0.2359
0.5652, 0.2359
0.5652, 0.2333
0.5652, 0.2333
0.5652, 0.2333
0.5652, 0.2333
0.5652, 0.2333
0.5652, 0.2333
0.5652, 0.2333
0.5652, 0.2333
0.5652, 0.2333
0.5652, 0.2333
0.5652, 0.2333
0.5652, 0.2333
0.5652, 0.2308
0.5652, 0.2308
0.5652, 0.2308
0.5652, 0.2308
0.5652, 0.2308
0.5652, 0.2308
0.5652, 0.2308
0.5652, 0.2308
0.5652, 0.2308
0.5652, 0.2308
0.5652, 0.2308
0.5652, 0.2308
0.5652, 0.2308
0.5652, 0.2308
0.5652, 0.2308
0.5652, 0.2308
0.5652, 0.2308
0.5652, 0.2308
0.5652, 0.2308
0.5652, 0.2308
0.5652, 0.2308
0.5652, 0.2308
0.5652, 0.2308
0.5652, 0.2282
0.5652, 0.2282
0.5652, 0.2282
0.5652, 0.2282
0.5652, 0.2282
0.5652, 0.2282
0.5652, 0.2282
0.5652, 0.2282
0.5652, 0.2282
0.5652, 0.2282
0.5652, 0.2282
0.5652, 0.2282
0.5652, 0.2282
0.5652, 0.2282
0.5652, 0.2282
0.5652, 0.2282
0.5652, 0.2282
0.5652, 0.2256
0.5652, 0.2256
0.5652, 0.2256
0.5652, 0.2256
0.5652, 0.2256
0.5652, 0.2256
0.5652, 0.2256
0.5652, 0.2256
0.5652, 0.2256
0.5652, 0.2256
0.5652, 0.2256
0.5692, 0.2256
0.5692, 0.2256
0.5692, 0.2256
0.5692, 0.2256
0.5692, 0.2256
0.5692, 0.2256
0.5692, 0.2256
0.5692, 0.2256
0.5731, 0.2256
0.5731, 0.2256
0.5731, 0.2256
0.5731, 0.2256
0.5731, 0.2256
0.5731, 0.2256
0.5731, 0.2231
0.5731, 0.2231
0.5731, 0.2231
0.5731, 0.2231
0.5731, 0.2231
0.5731, 0.2231
0.5731, 0.2231
0.5731, 0.2231
0.5771, 0.2231
0.5771, 0.2231
0.5771, 0.2231
0.5771, 0.2231
0.5771, 0.2231
0.5771, 0.2231
0.5810, 0.2231
0.5810, 0.2231
0.5810, 0.2231
0.5810, 0.2231
0.5810, 0.2231
0.5810, 0.2231
0.5810, 0.2231
0.5810, 0.2231
0.5810, 0.2205
0.5810, 0.2205
0.5810, 0.2205
0.5810, 0.2205
0.5810, 0.2205
0.5810, 0.2205
0.5810, 0.2205
0.5810, 0.2205
0.5810, 0.2205
0.5810, 0.2205
0.5810, 0.2205
0.5810, 0.2205
0.5850, 0.2205
0.5850, 0.2205
0.5850, 0.2205
0.5850, 0.2205
0.5850, 0.2205
0.5889, 0.2179
0.5889, 0.2179
0.5889, 0.2179
0.5889, 0.2179
0.5889, 0.2179
0.5889, 0.2179
0.5889, 0.2179
0.5889, 0.2179
0.5889, 0.2179
0.5889, 0.2179
0.5889, 0.2179
0.5929, 0.2179
0.5929, 0.2179
0.5929, 0.2179
0.5929, 0.2179
0.5929, 0.2179
0.5969, 0.2179
0.5969, 0.2179
0.5969, 0.2179
0.5969, 0.2179
0.5969, 0.2179
0.5969, 0.2179
0.5969, 0.2179
0.5969, 0.2179
0.5969, 0.2179
0.5969, 0.2179
0.5969, 0.2179
0.6008, 0.2179
0.6008, 0.2179
0.6008, 0.2179
0.6008, 0.2179
0.6008, 0.2179
0.6008, 0.2179
0.6008, 0.2179
0.6008, 0.2179
0.6008, 0.2179
0.6008, 0.2179
0.6008, 0.2179
0.6008, 0.2179
0.6008, 0.2179
0.6008, 0.2179
0.6008, 0.2179
0.6008, 0.2179
0.6008, 0.2179
0.6008, 0.2179
0.6008, 0.2179
0.6008, 0.2179
0.6048, 0.2154
0.6048, 0.2154
0.6048, 0.2154
0.6048, 0.2154
0.6048, 0.2154
0.6048, 0.2154
0.6048, 0.2154
0.6048, 0.2154
0.6087, 0.2154
0.6087, 0.2154
0.6087, 0.2154
0.6087, 0.2154
0.6087, 0.2154
0.6087, 0.2154
0.6087, 0.2154
0.6087, 0.2154
0.6087, 0.2154
0.6087, 0.2154
0.6087, 0.2154
0.6087, 0.2154
0.6087, 0.2154
0.6087, 0.2154
0.6127, 0.2154
0.6127, 0.2154
0.6127, 0.2154
0.6127, 0.2154
0.6127, 0.2154
0.6166, 0.2128
0.6166, 0.2128
0.6166, 0.2128
0.6166, 0.2128
0.6166, 0.2128
0.6166, 0.2128
0.6206, 0.2128
0.6206, 0.2128
0.6206, 0.2128
0.6206, 0.2128
0.6206, 0.2128
0.6206, 0.2128
0.6206, 0.2128
0.6206, 0.2128
0.6206, 0.2128
0.6206, 0.2128
0.6206, 0.2128
0.6206, 0.2128
0.6206, 0.2128
0.6206, 0.2128
0.6245, 0.2128
0.6245, 0.2128
0.6285, 0.2128
0.6285, 0.2128
0.6285, 0.2128
0.6325, 0.2103
0.6325, 0.2103
0.6325, 0.2103
0.6325, 0.2103
0.6325, 0.2103
0.6364, 0.2103
0.6364, 0.2103
0.6364, 0.2103
0.6364, 0.2103
0.6364, 0.2103
0.6364, 0.2103
0.6364, 0.2103
0.6364, 0.2103
0.6364, 0.2103
0.6364, 0.2103
0.6364, 0.2103
0.6404, 0.2077
0.6404, 0.2077
0.6404, 0.2077
0.6404, 0.2077
0.6404, 0.2077
0.6404, 0.2077
0.6404, 0.2077
0.6404, 0.2077
0.6404, 0.2077
0.6404, 0.2077
0.6404, 0.2077
0.6404, 0.2077
0.6404, 0.2077
0.6404, 0.2077
0.6404, 0.2077
0.6404, 0.2051
0.6404, 0.2051
0.6404, 0.2051
0.6404, 0.2051
0.6404, 0.2051
0.6404, 0.2051
0.6404, 0.2051
0.6404, 0.2051
0.6404, 0.2051
0.6404, 0.2051
0.6404, 0.2051
0.6443, 0.2051
0.6443, 0.2051
0.6443, 0.2051
0.6443, 0.2051
0.6443, 0.2051
0.6443, 0.2051
0.6443, 0.2051
0.6443, 0.2051
0.6443, 0.2051
0.6443, 0.2051
0.6443, 0.2051
0.6483, 0.2051
0.6483, 0.2051
0.6483, 0.2051
0.6483, 0.2026
0.6483, 0.2026
0.6483, 0.2026
0.6483, 0.2026
0.6483, 0.2026
0.6483, 0.2026
0.6483, 0.2026
0.6483, 0.2000
0.6483, 0.2000
0.6483, 0.2000
0.6483, 0.2000
0.6483, 0.2000
0.6483, 0.2000
0.6483, 0.2000
0.6483, 0.2000
0.6483, 0.2000
0.6483, 0.2000
0.6483, 0.2000
0.6483, 0.2000
0.6483, 0.2000
0.6483, 0.2000
0.6483, 0.2000
0.6483, 0.2000
0.6483, 0.2000
0.6483, 0.2000
0.6483, 0.2000
0.6522, 0.2000
0.6522, 0.2000
0.6522, 0.2000
0.6522, 0.2000
0.6522, 0.2000
0.6522, 0.1974
0.6522, 0.1974
0.6522, 0.1974
0.6522, 0.1974
0.6522, 0.1974
0.6522, 0.1974
0.6522, 0.1974
0.6522, 0.1974
0.6522, 0.1974
0.6522, 0.1949
0.6522, 0.1949
0.6522, 0.1949
0.6522, 0.1949
0.6522, 0.1949
0.6522, 0.1949
0.6522, 0.1949
0.6522, 0.1949
0.6522, 0.1949
0.6522, 0.1949
0.6522, 0.1923
0.6522, 0.1923
0.6522, 0.1923
0.6522, 0.1923
0.6522, 0.1923
0.6522, 0.1923
0.6522, 0.1923
0.6522, 0.1923
0.6522, 0.1923
0.6522, 0.1923
0.6522, 0.1923
0.6522, 0.1923
0.6522, 0.1923
0.6522, 0.1923
0.6522, 0.1923
0.6522, 0.1923
0.6522, 0.1923
0.6522, 0.1897
0.6522, 0.1897
0.6522, 0.1897
0.6522, 0.1897
0.6522, 0.1897
0.6522, 0.1897
0.6522, 0.1897
0.6522, 0.1897
0.6522, 0.1872
0.6522, 0.1872
0.6522, 0.1872
0.6522, 0.1872
0.6522, 0.1872
0.6522, 0.1872
0.6522, 0.1872
0.6522, 0.1872
0.6522, 0.1872
0.6522, 0.1872
0.6522, 0.1872
0.6522, 0.1872
0.6522, 0.1872
0.6522, 0.1872
0.6522, 0.1872
0.6522, 0.1872
0.6522, 0.1872
0.6522, 0.1872
0.6522, 0.1872
0.6522, 0.1846
0.6522, 0.1846
0.6522, 0.1846
0.6522, 0.1846
0.6522, 0.1846
0.6522, 0.1846
0.6522, 0.1846
0.6522, 0.1846
0.6522, 0.1846
0.6522, 0.1846
0.6522, 0.1821
0.6522, 0.1821
0.6522, 0.1821
0.6522, 0.1821
0.6522, 0.1821
0.6522, 0.1821
0.6483, 0.1821
0.6483, 0.1821
0.6483, 0.1821
0.6483, 0.1821
0.6483, 0.1795
0.6483, 0.1795
0.6483, 0.1795
0.6483, 0.1795
0.6483, 0.1795
0.6443, 0.1795
0.6443, 0.1795
0.6443, 0.1795
0.6443, 0.1795
0.6443, 0.1795
0.6443, 0.1795
0.6443, 0.1795
0.6443, 0.1795
0.6443, 0.1795
0.6443, 0.1795
0.6443, 0.1795
0.6404, 0.1769
0.6404, 0.1769
0.6404, 0.1769
0.6404, 0.1769
0.6404, 0.1769
0.6404, 0.1769
0.6364, 0.1769
0.6364, 0.1769
0.6364, 0.1744
0.6364, 0.1744
0.6364, 0.1744
0.6364, 0.1744
0.6364, 0.1744
0.6325, 0.1744
0.6325, 0.1744
0.6325, 0.1744
0.6325, 0.1744
0.6325, 0.1744
0.6325, 0.1744
0.6325, 0.1744
0.6325, 0.1744
0.6325, 0.1744
0.6325, 0.1744
0.6325, 0.1744
0.6325, 0.1744
0.6325, 0.1744
0.6285, 0.1744
0.6285, 0.1744
0.6285, 0.1744
0.6285, 0.1744
0.6285, 0.1744
0.6285, 0.1744
0.6245, 0.1718
0.6245, 0.1718
0.6245, 0.1718
0.6245, 0.1718
0.6245, 0.1718
0.6245, 0.1718
0.6245, 0.1718
0.6245, 0.1718
0.6245, 0.1718
0.6245, 0.1718
0.6245, 0.1718
0.6245, 0.1718
0.6245, 0.1718
0.6206, 0.1718
0.6206, 0.1718
0.6206, 0.1692
0.6206, 0.1692
0.6166, 0.1692
0.6166, 0.1692
0.6166, 0.1692
0.6166, 0.1692
0.6166, 0.1692
0.6166, 0.1692
0.6166, 0.1692
0.6166, 0.1692
0.6127, 0.1692
0.6127, 0.1692
0.6127, 0.1692
0.6127, 0.1692
0.6127, 0.1692
0.6127, 0.1667
0.6127, 0.1667
0.6127, 0.1667
0.6127, 0.1667
0.6127, 0.1667
0.6087, 0.1667
0.6087, 0.1667
0.6087, 0.1667
0.6087, 0.1667
0.6087, 0.1667
0.6087, 0.1667
0.6048, 0.1667
0.6048, 0.1667
0.6048, 0.1667
0.6048, 0.1667
0.6048, 0.1667
0.6048, 0.1667
0.6048, 0.1667
0.6048, 0.1667
0.6048, 0.1667
0.6048, 0.1667
0.6048, 0.1667
0.6048, 0.1667
0.6048, 0.1667
0.6048, 0.1641
0.6048, 0.1641
0.6008, 0.1641
0.6008, 0.1641
0.6008, 0.1641
0.6008, 0.1641
0.6008, 0.1641
0.6008, 0.1641
0.6008, 0.1641
0.6008, 0.1641
0.5969, 0.1641
0.5969, 0.1641
0.5969, 0.1615
0.5969, 0.1615
0.5969, 0.1615
0.5929, 0.1615
0.5929, 0.1615
0.5929, 0.1615
0.5929, 0.1615
0.5929, 0.1615
0.5929, 0.1615
0.5929, 0.1615
0.5929, 0.1615
0.5929, 0.1615
0.5929, 0.1615
0.5929, 0.1615
0.5929, 0.1615
0.5929, 0.1615
0.5889, 0.1615
0.5889, 0.1615
0.5889, 0.1615
0.5889, 0.1615
0.5889, 0.1615
0.5850, 0.1590
0.5850, 0.1590
0.5850, 0.1590
0.5850, 0.1590
0.5850, 0.1590
0.5850, 0.1590
0.5850, 0.1590
0.5850, 0.1590
0.5850, 0.1590
0.5850, 0.1590
0.5810, 0.1564
0.5810, 0.1564
0.5810, 0.1564
0.5810, 0.1564
0.5810, 0.1564
0.5810, 0.1564
0.5810, 0.1564
0.5810, 0.1564
0.5771, 0.1564
0.5771, 0.1564
0.5771, 0.1564
0.5771, 0.1564
0.5771, 0.1564
0.5771, 0.1564
0.5771, 0.1564
0.5771, 0.1564
0.5771, 0.1564
0.5771, 0.1564
0.5771, 0.1564
0.5771, 0.1564
0.5771, 0.1564
0.5771, 0.1538
0.5771, 0.1538
0.5731, 0.1538
0.5731, 0.1538
0.5731, 0.1538
0.5731, 0.1538
0.5731, 0.1538
0.5731, 0.1513
0.5731, 0.1513
0.5692, 0.1513
0.5692, 0.1513
0.5692, 0.1513
0.5692, 0.1513
0.5692, 0.1513
0.5652, 0.1487
0.5652, 0.1487
0.5652, 0.1487
0.5652, 0.1487
0.5652, 0.1487
0.5652, 0.1487
0.5652, 0.1487
0.5652, 0.1487
0.5652, 0.1487
0.5652, 0.1487
0.5652, 0.1487
0.5652, 0.1462
0.5652, 0.1462
0.5652, 0.1462
0.5652, 0.1462
0.5652, 0.1462
0.5613, 0.1436
0.5613, 0.1436
0.5613, 0.1436
0.5613, 0.1436
0.5613, 0.1436
0.5613, 0.1436
0.5613, 0.1436
0.5613, 0.1436
0.5613, 0.1436
0.5613, 0.1436
0.5613, 0.1410
0.5613, 0.1410
0.5613, 0.1410
0.5613, 0.1410
0.5613, 0.1410
0.5613, 0.1385
0.5613, 0.1385
0.5613, 0.1385
0.5613, 0.1385
0.5613, 0.1385
0.5613, 0.1385
0.5613, 0.1359
0.5613, 0.1359
0.5613, 0.1359
0.5613, 0.1359
0.5613, 0.1359
0.5613, 0.1359
0.5613, 0.1359
0.5613, 0.1359
0.5613, 0.1359
0.5613, 0.1359
0.5613, 0.1359
0.5613, 0.1359
0.5613, 0.1333
0.5613, 0.1333
0.5613, 0.1333
0.5613, 0.1333
0.5613, 0.1333
0.5613, 0.1333
0.5613, 0.1333
0.5613, 0.1333
0.5613, 0.1308
0.5613, 0.1308
0.5613, 0.1308
0.5613, 0.1308
0.5613, 0.1308
0.5613, 0.1308
0.5613, 0.1308
0.5613, 0.1308
0.5613, 0.1308
0.5613, 0.1308
0.5613, 0.1308
0.5613, 0.1308
0.5613, 0.1308
0.5613, 0.1308
0.5613, 0.1308
0.5613, 0.1308
0.5613, 0.1308
0.5613, 0.1308
0.5613, 0.1282
0.5613, 0.1282
0.5613, 0.1282
0.5613, 0.1282
0.5613, 0.1282
0.5613, 0.1282
0.5613, 0.1282
0.5613, 0.1282
0.5613, 0.1282
0.5613, 0.1282
0.5613, 0.1256
0.5613, 0.1256
0.5652, 0.1256
0.5652, 0.1256
0.5652, 0.1256
0.5652, 0.1256
0.5652, 0.1256
0.5692, 0.1231
0.5692, 0.1231
0.5731, 0.1231
0.5731, 0.1231
0.5731, 0.1231
0.5731, 0.1231
0.5731, 0.1231
0.5731, 0.1231
0.5731, 0.1231
0.5731, 0.1231
0.5731, 0.1231
0.5731, 0.1231
0.5771, 0.1205
0.5771, 0.1205
0.5771, 0.1205
0.5810, 0.1205
0.5810, 0.1205
0.5810, 0.1179
0.5810, 0.1179
0.5850, 0.1179
0.5850, 0.1179
0.5850, 0.1179
0.5889, 0.1179
0.5889, 0.1179
0.5889, 0.1154
0.5889, 0.1154
0.5929, 0.1154
0.5929, 0.1154
0.5929, 0.1154
0.5969, 0.1154
0.5969, 0.1154
0.5969, 0.1128
0.5969, 0.1128
0.6008, 0.1128
0.6008, 0.1128
0.6008, 0.1128
0.6008, 0.1128
0.6008, 0.1128
0.6008, 0.1103
0.6008, 0.1103
0.6048, 0.1103
0.6048, 0.1103
0.6048, 0.1103
0.6048, 0.1103
0.6048, 0.1103
0.6087, 0.1103
0.6087, 0.1103
0.6087, 0.1103
0.6087, 0.1103
0.6087, 0.1103
0.6087, 0.1103
0.6087, 0.1103
0.6087, 0.1103
0.6087, 0.1103
0.6087, 0.1103
0.6127, 0.1103
0.6127, 0.1103
0.6166, 0.1077
0.6166, 0.1077
0.6166, 0.1077
0.6166, 0.1077
0.6166, 0.1077
0.6206, 0.1077
0.6206, 0.1077
0.6206, 0.1077
0.6206, 0.1077
0.6206, 0.1077
0.6206, 0.1051
0.6206, 0.1051
0.6206, 0.1051
0.6206, 0.1051
0.6206, 0.1051
0.6245, 0.1051
0.6245, 0.1051
0.6245, 0.1051
0.6245, 0.1051
0.6285, 0.1051
0.6285, 0.1051
0.6285, 0.1051
0.6285, 0.1051
0.6285, 0.1051
0.6285, 0.1051
0.6285, 0.1051
0.6285, 0.1051
0.6285, 0.1051
0.6285, 0.1051
0.6325, 0.1051
0.6325, 0.1051
0.6325, 0.1051
0.6325, 0.1051
0.6325, 0.1051
0.6364, 0.1051
0.6364, 0.1051
0.6364, 0.1051
0.6364, 0.1051
0.6364, 0.1026
0.6364, 0.1026
0.6364, 0.1026
0.6404, 0.1026
0.6404, 0.1026
0.6404, 0.1026
0.6404, 0.1026
0.6404, 0.1026
0.6404, 0.1026
0.6404, 0.1026
0.6404, 0.1026
0.6404, 0.1026
0.6404, 0.1026
0.6404, 0.1026
0.6404, 0.1026
0.6443, 0.1026
0.6443, 0.1026
0.6443, 0.1000
0.6443, 0.1000
0.6443, 0.1000
0.6443, 0.1000
0.6443, 0.1000
0.6443, 0.1000
0.6443, 0.1000
0.6443, 0.1000
0.6443, 0.1000
0.6443, 0.1000
0.6443, 0.1000
0.6443, 0.1000
0.6443, 0.1000
0.6443, 0.1000
0.6443, 0.1000
0.6443, 0.1000
0.6443, 0.1000
0.6443, 0.1000
0.6443, 0.1000
0.6443, 0.1000
0.6443, 0.1000
0.6443, 0.1000
0.6443, 0.1000
0.6483, 0.0974
0.6483, 0.0974
0.6483, 0.0974
0.6483, 0.0974
0.6483, 0.0974
0.6483, 0.0974
0.6483, 0.0974
0.6483, 0.0974
0.6483, 0.0974
0.6483, 0.0974
0.6483, 0.0974
0.6483, 0.0974
0.6483, 0.0949
0.6483, 0.0949
0.6483, 0.0923
0.6483, 0.0923
0.6483, 0.0923
0.6483, 0.0923
0.6483, 0.0923
0.6483, 0.0923
0.6483, 0.0923
0.6483, 0.0897
0.6483, 0.0897
0.6483, 0.0897
0.6483, 0.0872
0.6483, 0.0872
0.6483, 0.0846
0.6483, 0.0846
0.6483, 0.0846
0.6483, 0.0846
0.6483, 0.0846
0.6483, 0.0846
0.6483, 0.0846
0.6483, 0.0821
0.6483, 0.0821
0.6483, 0.0821
0.6483, 0.0821
0.6483, 0.0821
0.6483, 0.0795
0.6483, 0.0795
0.6483, 0.0795
0.6483, 0.0795
0.6483, 0.0795
0.6483, 0.0795
0.6483, 0.0795
0.6483, 0.0795
0.6483, 0.0795
0.6483, 0.0795
0.6483, 0.0795
0.6483, 0.0795
0.6483, 0.0769
0.6483, 0.0769
0.6483, 0.0769
0.6483, 0.0769
0.6483, 0.0769
0.6483, 0.0744
0.6483, 0.0744
0.6483, 0.0744
0.6483, 0.0744
0.6483, 0.0744
0.6483, 0.0744
0.6483, 0.0744
0.6483, 0.0744
0.6483, 0.0744
0.6483, 0.0744
0.6443, 0.0718
0.6443, 0.0718
0.6443, 0.0692
0.6443, 0.0692
0.6443, 0.0692
0.6443, 0.0692
0.6404, 0.0667
0.6404, 0.0667
0.6404, 0.0667
0.6404, 0.0667
0.6404, 0.0667
0.6364, 0.0667
0.6364, 0.0667
0.6325, 0.0667
0.6325, 0.0667
0.6325, 0.0667
0.6325, 0.0667
0.6325, 0.0667
0.6325, 0.0641
0.6325, 0.0641
0.6325, 0.0641
0.6325, 0.0641
0.6325, 0.0641
0.6285, 0.0641
0.6285, 0.0641
0.6245, 0.0615
0.6245, 0.0615
0.6245, 0.0615
0.6245, 0.0615
0.6245, 0.0615
0.6245, 0.0615
0.6245, 0.0615
0.6245, 0.0615
0.6206, 0.0615
0.6206, 0.0615
0.6166, 0.0615
0.6166, 0.0615
0.6127, 0.0590
0.6127, 0.0590
0.6127, 0.0590
0.6127, 0.0590
0.6127, 0.0590
0.6087, 0.0590
0.6087, 0.0590
0.6048, 0.0564
0.6048, 0.0564
0.6048, 0.0564
0.6048, 0.0564
0.6048, 0.0564
0.6048, 0.0564
0.6048, 0.0564
0.6048, 0.0538
0.6048, 0.0538
0.6048, 0.0538
0.6008, 0.0538
0.6008, 0.0538
0.6008, 0.0538
0.6008, 0.0538
0.5969, 0.0538
0.5969, 0.0538
0.5969, 0.0538
0.5929, 0.0538
0.5929, 0.0538
0.5929, 0.0513
0.5929, 0.0513
0.5929, 0.0513
0.5929, 0.0513
0.5929, 0.0487
0.5929, 0.0487
0.5929, 0.0487
0.5889, 0.0487
0.5889, 0.0487
0.5850, 0.0487
0.5850, 0.0487
0.5850, 0.0462
0.5850, 0.0462
0.5850, 0.0462
0.5850, 0.0462
0.5850, 0.0462
0.5810, 0.0436
0.5810, 0.0436
0.5810, 0.0436
0.5810, 0.0436
0.5810, 0.0436
0.5771, 0.0410
0.5771, 0.0410
0.5771, 0.0410
0.5771, 0.0410
0.5771, 0.0410
0.5771, 0.0410
0.5771, 0.0410
0.5771, 0.0385
0.5771, 0.0385
0.5731, 0.0385
0.5731, 0.0385
0.5731, 0.0385
0.5731, 0.0359
0.5731, 0.0359
0.5692, 0.0359
0.5692, 0.0359
0.5692, 0.0359
0.5692, 0.0359
0.5652, 0.0333
0.5652, 0.0333
0.5652, 0.0333
0.5652, 0.0308
0.5652, 0.0308
0.5652, 0.0282
0.5652, 0.0282
0.5613, 0.0282
0.5613, 0.0282
0.5613, 0.0282
0.5613, 0.0282
0.5613, 0.0282
0.5573, 0.0256
0.5573, 0.0256
0.5573, 0.0231
0.5573, 0.0231
0.5533, 0.0231
0.5533, 0.0231
0.5533, 0.0231
0.5533, 0.0205
0.5533, 0.0205
0.5494, 0.0179
0.5494, 0.0179
0.5454, 0.0154
0.5454, 0.0154
0.5454, 0.0154
0.5454, 0.0154
0.5454, 0.0154
0.5454, 0.0154
0.5454, 0.0154
0.5454, 0.0154
0.5454, 0.0128
0.5454, 0.0128
0.5415, 0.0103
0.5415, 0.0103
0.5415, 0.0103
0.5415, 0.0103
0.5375, 0.0103
0.5375, 0.0103
0.5375, 0.0103
0.5375, 0.0077
0.5375, 0.0077
0.5375, 0.0077
0.5375, 0.0077
0.5375, 0.0077
0.5375, 0.0077
0.5375, 0.0077
0.5375, 0.0077
0.5375, 0.0077
0.5375, 0.0026
0.5375, 0.0026
0.5375, 0.0026
0.5375, 0.0026
0.5375, 0.0026
0.5336, 0.0026
0.5336, 0.0026
0.5336, 0.0026
0.5336, 0.0026
0.5336, 0.0026
0.5336, 0.0000
0.5336, 0.0000
0.5336, 0.0000
0.5336, 0.0000
0.5336, 0.0000
0.5336, 0.0000
0.5336, 0.0000
0.5336, 0.0000
0.5336, 0.0000
0.5336, 0.0000
0.5336, 0.0000
0.5336, 0.0000
0.5336, 0.0000
0.5336, 0.0000
0.5336, 0.0000
0.5336, 0.0000
0.5336, 0.0000
0.5296, 0.0000
0.5296, 0.0000
0.5296, 0.0000
0.5296, 0.0000
0.5296, 0.0000
0.5296, 0.0000
0.5296, 0.0000
0.5296, 0.0000
0.5296, 0.0000
0.5296, 0.0051
