0.0000, 0.8719
0.0000, 0.8531
0.0000, 0.8469
0.0000, 0.8344
0.0000, 0.8281
0.0000, 0.8156
0.0000, 0.8031
0.0000, 0.7906
0.0062, 0.7781
0.0062, 0.7719
0.0125, 0.7594
0.0125, 0.7469
0.0187, 0.7406
0.0187, 0.7344
0.0250, 0.7281
0.0250, 0.7219
0.0375, 0.7156
0.0437, 0.7094
0.0500, 0.6969
0.0563, 0.6906
0.0625, 0.6844
0.0687, 0.6781
0.0750, 0.6781
0.0875, 0.6719
0.1000, 0.6656
0.1125, 0.6656
0.1187, 0.6656
0.1312, 0.6656
0.1500, 0.6656
0.1562, 0.6656
0.1688, 0.6656
0.1812, 0.6656
0.2062, 0.6656
0.2187, 0.6656
0.2312, 0.6656
0.2563, 0.6656
0.2750, 0.6656
0.3000, 0.6656
0.3187, 0.6719
0.3375, 0.6719
0.3688, 0.6781
0.3875, 0.6844
0.4125, 0.6906
0.4312, 0.7031
0.4625, 0.7094
0.4813, 0.7219
0.5063, 0.7281
0.5250, 0.7406
0.5437, 0.7594
0.5687, 0.7656
0.5812, 0.7719
0.5938, 0.7781
0.6125, 0.7844
0.6250, 0.7844
0.6375, 0.7906
0.6562, 0.7906
0.6750, 0.7969
0.6875, 0.7969
0.7125, 0.8094
0.7313, 0.8156
0.7500, 0.8156
0.7750, 0.8219
0.7937, 0.8281
0.8125, 0.8281
0.8250, 0.8281
0.8375, 0.8344
0.8500, 0.8344
0.8688, 0.8344
0.8750, 0.8344
0.8875, 0.8344
0.8938, 0.8344
0.9125, 0.8344
0.9188, 0.8344
0.9250, 0.8344
0.9313, 0.8344
0.9375, 0.8344
0.9437, 0.8344
0.9500, 0.8281
0.9687, 0.8219
0.9750, 0.8156
0.9813, 0.8031
0.9813, 0.7969
0.9875, 0.7969
0.9937, 0.7906
0.9937, 0.7844
1.0000, 0.7844
1.0000, 0.7781
1.0000, 0.7719
1.0000, 0.7656

0.4312, 0.7031
0.4312, 0.6969
0.4312, 0.6844
0.4312, 0.6719
0.4312, 0.6594
0.4250, 0.6469
0.4188, 0.6344
0.4188, 0.6281
0.4125, 0.6156
0.4062, 0.6094
0.3938, 0.5969
0.3938, 0.5906
0.3875, 0.5906
0.3875, 0.5844
0.4062, 0.5781
0.4312, 0.5719
0.4500, 0.5656
0.4625, 0.5594
0.4750, 0.5531
0.4813, 0.5531
0.4875, 0.5531
0.4875, 0.5406
0.4875, 0.5344
0.4875, 0.5281
0.4875, 0.5219
0.4875, 0.5156
0.4875, 0.5094
0.4875, 0.5031
0.4750, 0.4844
0.4625, 0.4781
0.4437, 0.4656
0.4250, 0.4594
0.4125, 0.4531
0.3938, 0.4344
0.3812, 0.4281
0.3750, 0.4156
0.3688, 0.4156
0.3625, 0.4031
0.3562, 0.3906
0.3437, 0.3844
0.3375, 0.3781
0.3312, 0.3719
0.3312, 0.3656
0.3312, 0.3531
0.3312, 0.3469
0.3312, 0.3281
0.3312, 0.3219
0.3312, 0.3031
0.3312, 0.2844
0.3500, 0.2719
0.3562, 0.2594
0.3625, 0.2469
0.3688, 0.2344
0.3750, 0.2281
0.3750, 0.2219
0.3812, 0.2219
0.3812, 0.2156
0.3812, 0.2094
0.3812, 0.2031
0.3812, 0.1969
0.3812, 0.1844
0.3812, 0.1781
0.3812, 0.1719
0.3750, 0.1656
0.3750, 0.1594
0.3750, 0.1531
0.3750, 0.1469
0.3750, 0.1406
0.3812, 0.1406
0.3812, 0.1281
0.3875, 0.1281
