0.0059, 0.8255
0.0059, 0.8136
0.0000, 0.8077
0.0000, 0.8018
0.0000, 0.7959
0.0000, 0.7899
0.0000, 0.7840
0.0000, 0.7781
0.0000, 0.7663
0.0000, 0.7604
0.0000, 0.7544
0.0000, 0.7485
0.0000, 0.7426
0.0059, 0.7367
0.0118, 0.7308
0.0237, 0.7189
0.0296, 0.7130
0.0414, 0.7130
0.0533, 0.7071
0.0651, 0.7012
0.0828, 0.7012
0.1006, 0.6953
0.1243, 0.6953
0.1420, 0.6894
0.1716, 0.6894
0.1894, 0.6894
0.2012, 0.6894
0.2248, 0.6894
0.2367, 0.6834
0.2485, 0.6834
0.2604, 0.6834
0.2840, 0.6834
0.2959, 0.6834
0.3195, 0.6834
0.3314, 0.6834
0.3491, 0.6834
0.3669, 0.6834
0.3787, 0.6894
0.3905, 0.6894
0.4024, 0.6894
0.4142, 0.6894
0.4260, 0.6953
0.4438, 0.7012
0.4556, 0.7012
0.4734, 0.7071
0.4911, 0.7071
0.5030, 0.7130
0.5207, 0.7249
0.5385, 0.7308
0.5621, 0.7367
0.5740, 0.7426
0.5917, 0.7485
0.6095, 0.7485
0.6213, 0.7544
0.6331, 0.7604
0.6450, 0.7604
0.6509, 0.7722
0.6686, 0.7722
0.6805, 0.7781
0.6923, 0.7781
0.7101, 0.7781
0.7219, 0.7840
0.7396, 0.7899
0.7574, 0.7899
0.7692, 0.7899
0.7752, 0.7959
0.7870, 0.7959
0.7929, 0.7959
0.8047, 0.7959
0.8106, 0.7959
0.8166, 0.7959
0.8284, 0.7959
0.8343, 0.7959
0.8402, 0.7959
0.8580, 0.7959
0.8698, 0.7959
0.8876, 0.7840
0.9113, 0.7781
0.9231, 0.7663
0.9349, 0.7604
0.9527, 0.7604
0.9586, 0.7544
0.9645, 0.7544
0.9704, 0.7485
0.9763, 0.7485
0.9823, 0.7426
0.9882, 0.7426
1.0000, 0.7367

0.3609, 0.7012
0.3609, 0.6953
0.3609, 0.6775
0.3609, 0.6598
0.3728, 0.6479
0.3728, 0.6361
0.3728, 0.6302
0.3728, 0.6124
0.3728, 0.6065
0.3728, 0.5947
0.3728, 0.5888
0.3728, 0.5828
0.3728, 0.5710
0.3728, 0.5651
0.3728, 0.5592
0.3728, 0.5533
0.3787, 0.5473
0.3846, 0.5414
0.3965, 0.5355
0.4083, 0.5237
0.4320, 0.5177
0.4438, 0.5118
0.4556, 0.5118
0.4615, 0.5059
0.4734, 0.5059
0.4734, 0.5000
0.4734, 0.4941
0.4734, 0.4882
0.4675, 0.4823
0.4675, 0.4704
0.4615, 0.4586
0.4497, 0.4527
0.4379, 0.4408
0.4260, 0.4231
0.4083, 0.4172
0.4024, 0.4112
0.3965, 0.3994
0.3905, 0.3935
0.3905, 0.3876
0.3846, 0.3876
0.3846, 0.3757
0.3846, 0.3698
0.3846, 0.3639
0.3846, 0.3580
0.3905, 0.3521
0.3965, 0.3462
0.4024, 0.3402
0.4083, 0.3284
0.4201, 0.3225
0.4260, 0.3166
0.4320, 0.3106
0.4379, 0.2988
0.4438, 0.2929
0.4497, 0.2870
0.4497, 0.2751
0.4497, 0.2692
0.4556, 0.2633
0.4556, 0.2574
0.4556, 0.2515
0.4556, 0.2456
0.4556, 0.2278
0.4497, 0.2219
0.4438, 0.2101
0.4379, 0.2041
0.4320, 0.2041
0.4260, 0.1982
0.4260, 0.1923
0.4142, 0.1923
0.4083, 0.1805
0.4083, 0.1745
