0.0000, 0.5258
0.0052, 0.5258
0.0103, 0.5258
0.0309, 0.5258
0.0722, 0.5258
0.1134, 0.5258
0.1598, 0.5258
0.2062, 0.5258
0.2423, 0.5258
0.2732, 0.5258
0.2990, 0.5258
0.3144, 0.5258
0.3196, 0.5258
0.3247, 0.5258
0.3299, 0.5258
0.3247, 0.5155
0.3247, 0.5051
0.3196, 0.4949
0.3144, 0.4897
0.3144, 0.4845
0.3093, 0.4794
0.3093, 0.4639
0.3041, 0.4588
0.3041, 0.4536
0.3041, 0.4485
0.3041, 0.4381
0.3041, 0.4330
0.3041, 0.4227
0.3041, 0.4124
0.3041, 0.4072
0.3041, 0.3969
0.3041, 0.3815
0.3041, 0.3763
0.3041, 0.3660
0.3093, 0.3557
0.3093, 0.3454
0.3144, 0.3299
0.3196, 0.3247
0.3196, 0.3144
0.3247, 0.3093
0.3247, 0.3041
0.3299, 0.2887
0.3402, 0.2835
0.3402, 0.2732
0.3454, 0.2681
0.3505, 0.2629
0.3557, 0.2526
0.3557, 0.2474
0.3608, 0.2474
0.3608, 0.2423
0.3660, 0.2423
0.3660, 0.2371
0.3711, 0.2320
0.3763, 0.2320
0.3763, 0.2268
0.3866, 0.2268
0.3866, 0.2217
0.3917, 0.2217
0.3969, 0.2217
0.3969, 0.2113
0.4021, 0.2113
0.4021, 0.2062
0.4072, 0.2062
0.4124, 0.2062
0.4175, 0.2062
0.4278, 0.2062
0.4330, 0.2062
0.4433, 0.2010
0.4536, 0.2010
0.4742, 0.2010
0.4845, 0.2010
0.5000, 0.2010
0.5155, 0.2062
0.5258, 0.2165
0.5412, 0.2217
0.5567, 0.2268
0.5670, 0.2320
0.5722, 0.2371
0.5773, 0.2423
0.5876, 0.2474
0.5980, 0.2474
0.6031, 0.2577
0.6083, 0.2629
0.6186, 0.2681
0.6237, 0.2732
0.6289, 0.2783
0.6443, 0.2835
0.6495, 0.2990
0.6598, 0.3093
0.6650, 0.3144
0.6701, 0.3196
0.6856, 0.3299
0.6907, 0.3454
0.6959, 0.3557
0.7010, 0.3660
0.7062, 0.3763
0.7114, 0.3917
0.7165, 0.4072
0.7268, 0.4175
0.7268, 0.4330
0.7320, 0.4485
0.7320, 0.4691
0.7371, 0.4845
0.7371, 0.4949
0.7423, 0.5103
0.7474, 0.5258
0.7474, 0.5361
0.7474, 0.5464
0.7526, 0.5670
0.7577, 0.5825
0.7680, 0.6031
0.7732, 0.6134
0.7784, 0.6289
0.7835, 0.6443
0.7887, 0.6546
0.7938, 0.6649
0.8093, 0.6804
0.8144, 0.6907
0.8196, 0.7010
0.8248, 0.7113
0.8350, 0.7268
0.8402, 0.7371
0.8557, 0.7423
0.8608, 0.7474
0.8660, 0.7526
0.8711, 0.7577
0.8763, 0.7680
0.8866, 0.7732
0.8969, 0.7732
0.9021, 0.7784
0.9124, 0.7835
0.9175, 0.7835
0.9278, 0.7887
0.9433, 0.7887
0.9536, 0.7887
0.9588, 0.7938
0.9639, 0.7938
0.9691, 0.7938
0.9794, 0.7990
0.9845, 0.7990
0.9897, 0.7990
0.9948, 0.7990
1.0000, 0.7990

0.7217, 0.4794
0.7165, 0.4742
0.7062, 0.4742
0.6959, 0.4639
0.6701, 0.4639
0.6495, 0.4536
0.6237, 0.4536
0.6031, 0.4536
0.5722, 0.4485
0.5361, 0.4485
0.5000, 0.4433
0.4639, 0.4433
0.4381, 0.4381
0.4072, 0.4381
0.3815, 0.4330
0.3608, 0.4330
0.3505, 0.4330
0.3299, 0.4227
0.3196, 0.4227
0.3093, 0.4227
0.2990, 0.4227
0.2938, 0.4175
