0.0000, 0.5674
0.0087, 0.5674
0.0261, 0.5674
0.0522, 0.5674
0.0783, 0.5674
0.1000, 0.5674
0.1217, 0.5674
0.1435, 0.5674
0.1565, 0.5674
0.1739, 0.5674
0.1826, 0.5674
0.1870, 0.5674
0.1913, 0.5674
0.1957, 0.5674
0.2043, 0.5674
0.2087, 0.5674
0.2130, 0.5630
0.2130, 0.5587
0.2130, 0.5500
0.2174, 0.5457
0.2174, 0.5370
0.2174, 0.5283
0.2217, 0.5239
0.2217, 0.5152
0.2217, 0.5022
0.2261, 0.4978
0.2304, 0.4891
0.2304, 0.4848
0.2391, 0.4761
0.2435, 0.4630
0.2478, 0.4543
0.2478, 0.4456
0.2565, 0.4370
0.2565, 0.4283
0.2609, 0.4196
0.2652, 0.4152
0.2652, 0.4065
0.2696, 0.3935
0.2783, 0.3848
0.2826, 0.3804
0.2870, 0.3717
0.2870, 0.3587
0.2956, 0.3500
0.2956, 0.3456
0.3000, 0.3370
0.3043, 0.3326
0.3130, 0.3239
0.3130, 0.3196
0.3174, 0.3152
0.3217, 0.3109
0.3261, 0.3065
0.3304, 0.3022
0.3348, 0.3022
0.3391, 0.2978
0.3478, 0.2978
0.3522, 0.2935
0.3565, 0.2935
0.3609, 0.2848
0.3652, 0.2848
0.3696, 0.2804
0.3739, 0.2761
0.3783, 0.2761
0.3913, 0.2761
0.3956, 0.2761
0.4043, 0.2717
0.4130, 0.2717
0.4261, 0.2717
0.4391, 0.2717
0.4565, 0.2717
0.4696, 0.2761
0.4826, 0.2804
0.4956, 0.2935
0.5087, 0.2978
0.5174, 0.3065
0.5348, 0.3152
0.5435, 0.3283
0.5565, 0.3370
0.5652, 0.3456
0.5739, 0.3543
0.5783, 0.3674
0.5870, 0.3717
0.5913, 0.3804
0.6000, 0.3891
0.6087, 0.4065
0.6130, 0.4152
0.6174, 0.4239
0.6261, 0.4413
0.6348, 0.4500
0.6435, 0.4630
0.6478, 0.4804
0.6522, 0.4935
0.6609, 0.5109
0.6739, 0.5239
0.6783, 0.5413
0.6870, 0.5544
0.6913, 0.5674
0.6957, 0.5848
0.7087, 0.5978
0.7130, 0.6152
0.7174, 0.6239
0.7217, 0.6370
0.7261, 0.6500
0.7304, 0.6587
0.7435, 0.6674
0.7478, 0.6761
0.7565, 0.6891
0.7609, 0.6891
0.7652, 0.6978
0.7696, 0.6978
0.7826, 0.7022
0.7870, 0.7065
0.7957, 0.7065
0.8087, 0.7065
0.8218, 0.7109
0.8348, 0.7109
0.8522, 0.7196
0.8609, 0.7196
0.8739, 0.7196
0.8913, 0.7196
0.9087, 0.7196
0.9261, 0.7239
0.9391, 0.7239
0.9522, 0.7283
0.9696, 0.7283
0.9739, 0.7283
0.9826, 0.7283
0.9957, 0.7283
1.0000, 0.7283

0.6217, 0.5413
0.6044, 0.5370
0.5913, 0.5370
0.5652, 0.5326
0.5435, 0.5283
0.5130, 0.5283
0.4826, 0.5239
0.4522, 0.5239
0.4174, 0.5196
0.3956, 0.5196
0.3739, 0.5196
0.3652, 0.5196
0.3522, 0.5196
0.3435, 0.5196
0.3391, 0.5196
0.3348, 0.5152
0.3304, 0.5152
0.3174, 0.5152
0.3087, 0.5152
0.2956, 0.5065
0.2870, 0.5065
0.2739, 0.5065
0.2652, 0.5022
0.2609, 0.5022
