0.0000, 0.6020
0.0149, 0.6020
0.0299, 0.6020
0.0597, 0.6020
0.0846, 0.6020
0.1194, 0.6020
0.1443, 0.6020
0.1692, 0.6020
0.1891, 0.6020
0.2090, 0.6020
0.2189, 0.6020
0.2289, 0.6020
0.2388, 0.6020
0.2537, 0.5970
0.2637, 0.5970
0.2687, 0.5970
0.2786, 0.5970
0.2836, 0.5970
0.2935, 0.5970
0.2985, 0.5970
0.2985, 0.5920
0.2985, 0.5771
0.2985, 0.5721
0.2985, 0.5672
0.2985, 0.5622
0.2985, 0.5572
0.2985, 0.5423
0.2985, 0.5373
0.2985, 0.5274
0.2985, 0.5224
0.2985, 0.5174
0.2985, 0.5025
0.2985, 0.4925
0.2985, 0.4876
0.2985, 0.4776
0.2985, 0.4677
0.2985, 0.4478
0.3035, 0.4378
0.3085, 0.4179
0.3085, 0.4080
0.3134, 0.3980
0.3184, 0.3881
0.3184, 0.3731
0.3234, 0.3582
0.3333, 0.3483
0.3383, 0.3333
0.3383, 0.3184
0.3433, 0.3134
0.3483, 0.2935
0.3532, 0.2836
0.3582, 0.2736
0.3632, 0.2687
0.3632, 0.2537
0.3731, 0.2438
0.3781, 0.2388
0.3831, 0.2289
0.3881, 0.2239
0.3881, 0.2139
0.3930, 0.2090
0.3930, 0.2040
0.3980, 0.2040
0.4030, 0.2040
0.4080, 0.2040
0.4179, 0.2040
0.4229, 0.2040
0.4328, 0.2040
0.4478, 0.2090
0.4677, 0.2189
0.4826, 0.2239
0.5025, 0.2289
0.5124, 0.2338
0.5274, 0.2388
0.5373, 0.2438
0.5423, 0.2438
0.5473, 0.2438
0.5522, 0.2488
0.5572, 0.2488
0.5572, 0.2587
0.5622, 0.2587
0.5672, 0.2637
0.5721, 0.2687
0.5821, 0.2736
0.5920, 0.2836
0.5920, 0.2886
0.6020, 0.3035
0.6020, 0.3085
0.6070, 0.3184
0.6119, 0.3284
0.6119, 0.3433
0.6219, 0.3532
0.6219, 0.3632
0.6269, 0.3731
0.6269, 0.3930
0.6269, 0.4030
0.6269, 0.4229
0.6269, 0.4328
0.6269, 0.4527
0.6269, 0.4677
0.6269, 0.4776
0.6269, 0.4876
0.6269, 0.5075
0.6269, 0.5224
0.6269, 0.5373
0.6269, 0.5572
0.6269, 0.5721
0.6269, 0.5970
0.6318, 0.6119
0.6368, 0.6368
0.6418, 0.6517
0.6517, 0.6617
0.6617, 0.6816
0.6667, 0.6915
0.6766, 0.7015
0.6816, 0.7164
0.6866, 0.7214
0.6915, 0.7264
0.7015, 0.7313
0.7065, 0.7363
0.7114, 0.7413
0.7164, 0.7512
0.7214, 0.7512
0.7313, 0.7562
0.7363, 0.7562
0.7512, 0.7612
0.7612, 0.7612
0.7761, 0.7662
0.7910, 0.7662
0.8060, 0.7711
0.8259, 0.7761
0.8358, 0.7761
0.8507, 0.7811
0.8657, 0.7811
0.8756, 0.7910
0.8856, 0.7910
0.8955, 0.7910
0.9005, 0.7910
0.9104, 0.7910
0.9204, 0.7960
0.9254, 0.7960
0.9303, 0.7960
0.9353, 0.7960
0.9403, 0.7960
0.9552, 0.7960
0.9602, 0.7960
0.9701, 0.7960
0.9751, 0.7960
0.9801, 0.7960
0.9900, 0.7960
0.9950, 0.7960
1.0000, 0.7960
1.0000, 0.7861
1.0000, 0.7811
1.0000, 0.7761
1.0000, 0.7711
1.0000, 0.7662

0.6667, 0.5721
0.6567, 0.5721
0.6517, 0.5672
0.6468, 0.5672
0.6368, 0.5622
0.6318, 0.5572
0.6119, 0.5522
0.5920, 0.5522
0.5622, 0.5423
0.5423, 0.5373
0.5124, 0.5373
0.4776, 0.5323
0.4527, 0.5274
0.4279, 0.5224
0.3980, 0.5224
0.3781, 0.5174
0.3582, 0.5174
0.3383, 0.5124
0.3284, 0.5124
0.3234, 0.5124
0.3184, 0.5124
0.3134, 0.5124
