0.0000, 0.6040
0.0050, 0.6040
0.0099, 0.6040
0.0198, 0.6040
0.0396, 0.6040
0.0594, 0.5990
0.0842, 0.5990
0.1089, 0.5990
0.1238, 0.5990
0.1436, 0.5990
0.1584, 0.5990
0.1683, 0.5941
0.1782, 0.5941
0.1832, 0.5941
0.1931, 0.5941
0.2030, 0.5941
0.2079, 0.5941
0.2129, 0.5941
0.2178, 0.5891
0.2228, 0.5891
0.2228, 0.5842
0.2228, 0.5792
0.2228, 0.5644
0.2228, 0.5594
0.2228, 0.5545
0.2178, 0.5495
0.2178, 0.5396
0.2178, 0.5297
0.2178, 0.5248
0.2178, 0.5149
0.2178, 0.5050
0.2178, 0.4950
0.2178, 0.4802
0.2178, 0.4703
0.2178, 0.4554
0.2178, 0.4406
0.2178, 0.4258
0.2228, 0.4059
0.2327, 0.3911
0.2327, 0.3713
0.2327, 0.3515
0.2426, 0.3366
0.2426, 0.3119
0.2475, 0.2921
0.2525, 0.2723
0.2525, 0.2574
0.2574, 0.2426
0.2624, 0.2327
0.2624, 0.2277
0.2723, 0.2228
0.2772, 0.2228
0.2772, 0.2178
0.2822, 0.2129
0.2871, 0.2129
0.2921, 0.2129
0.2970, 0.2129
0.3020, 0.2129
0.3267, 0.2129
0.3465, 0.2129
0.3713, 0.2129
0.3861, 0.2129
0.4059, 0.2129
0.4159, 0.2129
0.4208, 0.2178
0.4357, 0.2228
0.4455, 0.2277
0.4505, 0.2327
0.4604, 0.2475
0.4653, 0.2525
0.4802, 0.2624
0.4851, 0.2673
0.4951, 0.2871
0.5050, 0.3069
0.5198, 0.3267
0.5248, 0.3515
0.5396, 0.3960
0.5594, 0.4356
0.5693, 0.4703
0.5842, 0.5099
0.6040, 0.5495
0.6188, 0.5743
0.6287, 0.5990
0.6485, 0.6238
0.6634, 0.6386
0.6881, 0.6584
0.7079, 0.6782
0.7277, 0.6881
0.7475, 0.7079
0.7723, 0.7178
0.7970, 0.7376
0.8168, 0.7525
0.8366, 0.7624
0.8564, 0.7673
0.8663, 0.7822
0.8762, 0.7822
0.8960, 0.7822
0.9060, 0.7871
0.9158, 0.7871
0.9406, 0.7871
0.9505, 0.7871
0.9703, 0.7871
0.9752, 0.7822
0.9852, 0.7723
0.9901, 0.7673
0.9951, 0.7673
0.9951, 0.7624
1.0000, 0.7624
1.0000, 0.7574
1.0000, 0.7525
1.0000, 0.7475
0.9951, 0.7327
0.9852, 0.7277
0.9752, 0.7228

0.6089, 0.5396
0.6040, 0.5297
0.5941, 0.5248
0.5842, 0.5198
0.5644, 0.5099
0.5396, 0.5050
0.5050, 0.5000
0.4703, 0.4852
0.4307, 0.4802
0.3861, 0.4802
0.3564, 0.4752
0.3366, 0.4752
0.3168, 0.4703
0.3119, 0.4703
0.3069, 0.4703
0.3020, 0.4703
