0.0000, 0.5359
0.0084, 0.5359
0.0211, 0.5359
0.0422, 0.5316
0.0717, 0.5316
0.0970, 0.5274
0.1308, 0.5274
0.1561, 0.5274
0.1983, 0.5274
0.2236, 0.5274
0.2447, 0.5274
0.2616, 0.5274
0.2743, 0.5274
0.2827, 0.5274
0.2911, 0.5274
0.2954, 0.5274
0.2954, 0.5190
0.2954, 0.5063
0.2954, 0.4979
0.2911, 0.4894
0.2869, 0.4768
0.2827, 0.4684
0.2827, 0.4599
0.2785, 0.4515
0.2785, 0.4388
0.2743, 0.4346
0.2743, 0.4304
0.2743, 0.4219
0.2743, 0.4177
0.2743, 0.4051
0.2743, 0.4008
0.2743, 0.3966
0.2743, 0.3882
0.2743, 0.3840
0.2785, 0.3713
0.2827, 0.3671
0.2827, 0.3586
0.2869, 0.3544
0.2911, 0.3460
0.2954, 0.3375
0.3038, 0.3291
0.3080, 0.3207
0.3122, 0.3122
0.3165, 0.2996
0.3207, 0.2954
0.3249, 0.2869
0.3291, 0.2827
0.3376, 0.2785
0.3418, 0.2700
0.3460, 0.2658
0.3502, 0.2616
0.3544, 0.2574
0.3544, 0.2532
0.3629, 0.2489
0.3629, 0.2447
0.3671, 0.2447
0.3755, 0.2405
0.3797, 0.2321
0.3840, 0.2278
0.3882, 0.2278
0.3924, 0.2236
0.3966, 0.2236
0.4093, 0.2194
0.4135, 0.2194
0.4219, 0.2194
0.4304, 0.2194
0.4430, 0.2194
0.4515, 0.2194
0.4641, 0.2194
0.4810, 0.2236
0.4937, 0.2363
0.5148, 0.2447
0.5274, 0.2532
0.5359, 0.2658
0.5527, 0.2827
0.5654, 0.2954
0.5738, 0.3165
0.5865, 0.3333
0.5992, 0.3502
0.6076, 0.3671
0.6160, 0.3882
0.6245, 0.4008
0.6287, 0.4177
0.6371, 0.4262
0.6414, 0.4388
0.6456, 0.4515
0.6582, 0.4599
0.6624, 0.4726
0.6709, 0.4852
0.6751, 0.4979
0.6878, 0.5148
0.6920, 0.5274
0.7004, 0.5401
0.7046, 0.5612
0.7131, 0.5738
0.7215, 0.5907
0.7257, 0.6076
0.7342, 0.6287
0.7384, 0.6413
0.7426, 0.6582
0.7553, 0.6709
0.7595, 0.6793
0.7679, 0.6962
0.7764, 0.7089
0.7806, 0.7173
0.7932, 0.7257
0.7975, 0.7342
0.8059, 0.7384
0.8101, 0.7426
0.8143, 0.7468
0.8186, 0.7511
0.8312, 0.7595
0.8354, 0.7595
0.8397, 0.7637
0.8481, 0.7679
0.8523, 0.7679
0.8650, 0.7722
0.8692, 0.7722
0.8734, 0.7764
0.8819, 0.7764
0.8861, 0.7764
0.8987, 0.7764
0.9072, 0.7764
0.9156, 0.7806
0.9198, 0.7806
0.9325, 0.7806
0.9409, 0.7806
0.9494, 0.7806
0.9536, 0.7806
0.9662, 0.7806
0.9705, 0.7806
0.9747, 0.7806
0.9789, 0.7806
0.9831, 0.7806
0.9873, 0.7806
0.9873, 0.7764
0.9916, 0.7764
1.0000, 0.7722
1.0000, 0.7679
1.0000, 0.7637
1.0000, 0.7511
1.0000, 0.7468
1.0000, 0.7384
0.9916, 0.7342
0.9873, 0.7215
0.9789, 0.7173

0.6034, 0.4979
0.5907, 0.4937
0.5696, 0.4894
0.5443, 0.4894
0.5105, 0.4852
0.4852, 0.4768
0.4515, 0.4768
0.4093, 0.4726
0.3755, 0.4726
0.3502, 0.4684
0.3249, 0.4684
0.2996, 0.4684
0.2827, 0.4684
0.2700, 0.4684
0.2616, 0.4684
0.2532, 0.4684
0.2489, 0.4641
0.2405, 0.4641
0.2363, 0.4641
0.2321, 0.4641
0.2278, 0.4641
