0.0000, 0.5275
0.0085, 0.5275
0.0212, 0.5275
0.0466, 0.5275
0.0763, 0.5275
0.1102, 0.5275
0.1398, 0.5275
0.1653, 0.5275
0.1907, 0.5275
0.2161, 0.5275
0.2373, 0.5275
0.2500, 0.5275
0.2585, 0.5275
0.2712, 0.5275
0.2754, 0.5275
0.2797, 0.5275
0.2797, 0.5233
0.2797, 0.5148
0.2797, 0.5064
0.2797, 0.4936
0.2797, 0.4894
0.2797, 0.4809
0.2797, 0.4725
0.2797, 0.4597
0.2839, 0.4513
0.2839, 0.4428
0.2839, 0.4343
0.2881, 0.4174
0.2881, 0.4089
0.2881, 0.3920
0.2924, 0.3792
0.2966, 0.3665
0.3051, 0.3538
0.3051, 0.3411
0.3093, 0.3326
0.3136, 0.3199
0.3178, 0.3114
0.3178, 0.3030
0.3220, 0.2945
0.3263, 0.2860
0.3263, 0.2775
0.3305, 0.2733
0.3348, 0.2691
0.3348, 0.2648
0.3432, 0.2521
0.3475, 0.2479
0.3475, 0.2436
0.3517, 0.2436
0.3517, 0.2394
0.3559, 0.2352
0.3602, 0.2352
0.3602, 0.2309
0.3644, 0.2267
0.3686, 0.2267
0.3771, 0.2225
0.3814, 0.2140
0.3856, 0.2140
0.3898, 0.2140
0.3983, 0.2140
0.4153, 0.2182
0.4322, 0.2225
0.4534, 0.2267
0.4703, 0.2352
0.4915, 0.2436
0.5042, 0.2564
0.5212, 0.2648
0.5381, 0.2775
0.5508, 0.2903
0.5636, 0.3030
0.5720, 0.3157
0.5890, 0.3326
0.5975, 0.3453
0.6059, 0.3665
0.6144, 0.3792
0.6229, 0.3962
0.6314, 0.4174
0.6398, 0.4386
0.6483, 0.4640
0.6610, 0.4894
0.6652, 0.5106
0.6737, 0.5275
0.6780, 0.5487
0.6907, 0.5699
0.6992, 0.5869
0.7034, 0.6080
0.7076, 0.6208
0.7161, 0.6377
0.7246, 0.6504
0.7288, 0.6589
0.7373, 0.6758
0.7415, 0.6843
0.7458, 0.6928
0.7542, 0.7097
0.7627, 0.7182
0.7712, 0.7267
0.7754, 0.7309
0.7839, 0.7436
0.7881, 0.7479
0.8008, 0.7521
0.8093, 0.7563
0.8178, 0.7606
0.8305, 0.7606
0.8390, 0.7648
0.8475, 0.7691
0.8602, 0.7691
0.8771, 0.7691
0.8856, 0.7775
0.9025, 0.7775
0.9152, 0.7818
0.9280, 0.7818
0.9407, 0.7860
0.9534, 0.7860
0.9703, 0.7860
0.9788, 0.7860
0.9873, 0.7860
0.9915, 0.7860
0.9958, 0.7860
1.0000, 0.7733
1.0000, 0.7648
1.0000, 0.7563
0.9958, 0.7479
0.9915, 0.7394

0.6398, 0.5191
0.6314, 0.5191
0.6144, 0.5106
0.6017, 0.5064
0.5763, 0.5021
0.5424, 0.4894
0.4958, 0.4852
0.4534, 0.4809
0.4068, 0.4767
0.3644, 0.4682
0.3348, 0.4682
0.2924, 0.4640
0.2627, 0.4597
0.2415, 0.4597
0.2288, 0.4597
0.2203, 0.4597
0.2161, 0.4597
0.2119, 0.4597
0.2076, 0.4597
0.2034, 0.4555
0.1992, 0.4555
