0.0000, 0.6390
0.0097, 0.6293
0.0244, 0.6244
0.0488, 0.6195
0.0732, 0.6146
0.0976, 0.6098
0.1317, 0.6049
0.1561, 0.6049
0.1756, 0.6049
0.1854, 0.6000
0.1951, 0.6000
0.2000, 0.6000
0.2097, 0.6000
0.2146, 0.6000
0.2146, 0.5902
0.2146, 0.5805
0.2146, 0.5756
0.2146, 0.5659
0.2146, 0.5610
0.2146, 0.5463
0.2146, 0.5415
0.2146, 0.5317
0.2146, 0.5220
0.2146, 0.5073
0.2146, 0.5024
0.2146, 0.4927
0.2146, 0.4878
0.2195, 0.4781
0.2195, 0.4683
0.2195, 0.4585
0.2244, 0.4488
0.2293, 0.4390
0.2293, 0.4195
0.2341, 0.4098
0.2390, 0.3951
0.2390, 0.3805
0.2488, 0.3707
0.2537, 0.3561
0.2585, 0.3463
0.2634, 0.3366
0.2683, 0.3317
0.2683, 0.3220
0.2732, 0.3171
0.2780, 0.3073
0.2878, 0.3024
0.2878, 0.2976
0.2927, 0.2927
0.2976, 0.2878
0.2976, 0.2829
0.3024, 0.2781
0.3073, 0.2683
0.3122, 0.2634
0.3122, 0.2585
0.3171, 0.2585
0.3219, 0.2537
0.3219, 0.2488
0.3317, 0.2488
0.3366, 0.2439
0.3415, 0.2439
0.3463, 0.2439
0.3463, 0.2390
0.3512, 0.2390
0.3561, 0.2390
0.3610, 0.2390
0.3707, 0.2390
0.3805, 0.2390
0.3902, 0.2390
0.4000, 0.2439
0.4146, 0.2488
0.4244, 0.2488
0.4293, 0.2537
0.4390, 0.2585
0.4488, 0.2634
0.4537, 0.2732
0.4585, 0.2732
0.4683, 0.2781
0.4732, 0.2829
0.4780, 0.2927
0.4829, 0.2976
0.4976, 0.3024
0.5024, 0.3171
0.5073, 0.3220
0.5122, 0.3317
0.5171, 0.3415
0.5220, 0.3561
0.5317, 0.3659
0.5366, 0.3756
0.5415, 0.3903
0.5463, 0.4000
0.5463, 0.4098
0.5512, 0.4244
0.5561, 0.4439
0.5561, 0.4585
0.5610, 0.4781
0.5707, 0.4878
0.5707, 0.5024
0.5756, 0.5220
0.5805, 0.5366
0.5854, 0.5512
0.5902, 0.5707
0.5951, 0.5854
0.6000, 0.6049
0.6098, 0.6146
0.6195, 0.6341
0.6195, 0.6439
0.6244, 0.6537
0.6293, 0.6585
0.6341, 0.6732
0.6390, 0.6780
0.6439, 0.6829
0.6537, 0.6878
0.6634, 0.6927
0.6732, 0.6976
0.6829, 0.7024
0.6976, 0.7073
0.7171, 0.7171
0.7317, 0.7219
0.7463, 0.7219
0.7610, 0.7317
0.7805, 0.7317
0.7951, 0.7415
0.8146, 0.7415
0.8244, 0.7415
0.8390, 0.7463
0.8537, 0.7561
0.8683, 0.7561
0.8829, 0.7610
0.8976, 0.7610
0.9171, 0.7610
0.9317, 0.7610
0.9415, 0.7610
0.9512, 0.7610
0.9561, 0.7610
0.9610, 0.7610
0.9659, 0.7610
0.9756, 0.7610
0.9805, 0.7610
0.9854, 0.7512
0.9903, 0.7512
0.9903, 0.7463
0.9951, 0.7463
0.9951, 0.7415
1.0000, 0.7415
1.0000, 0.7366
1.0000, 0.7317
1.0000, 0.7268
0.9903, 0.7219
0.9805, 0.7073
0.9659, 0.7024
0.9561, 0.6976
0.9464, 0.6927

0.5854, 0.5317
0.5756, 0.5317
0.5659, 0.5268
0.5512, 0.5268
0.5268, 0.5220
0.5073, 0.5220
0.4780, 0.5220
0.4390, 0.5220
0.4000, 0.5171
0.3756, 0.5171
0.3415, 0.5171
0.3073, 0.5073
0.2780, 0.5073
0.2537, 0.5073
0.2341, 0.5073
0.2244, 0.5024
0.2097, 0.5024
0.2049, 0.5024
0.2000, 0.5024
0.1951, 0.5024
0.1902, 0.5024
0.1854, 0.5024
0.1756, 0.5024
