0.0000, 0.5383
0.0045, 0.5383
0.0135, 0.5383
0.0270, 0.5383
0.0495, 0.5383
0.0721, 0.5383
0.1036, 0.5383
0.1216, 0.5383
0.1486, 0.5383
0.1622, 0.5383
0.1847, 0.5383
0.1892, 0.5383
0.1982, 0.5383
0.2027, 0.5383
0.2072, 0.5248
0.2072, 0.5113
0.2162, 0.5022
0.2162, 0.4887
0.2207, 0.4842
0.2207, 0.4752
0.2207, 0.4707
0.2252, 0.4617
0.2297, 0.4572
0.2297, 0.4437
0.2342, 0.4392
0.2387, 0.4347
0.2387, 0.4257
0.2432, 0.4121
0.2522, 0.4077
0.2522, 0.3986
0.2568, 0.3941
0.2613, 0.3851
0.2658, 0.3761
0.2703, 0.3671
0.2703, 0.3626
0.2748, 0.3536
0.2793, 0.3491
0.2883, 0.3401
0.2928, 0.3356
0.2928, 0.3266
0.2973, 0.3221
0.3018, 0.3176
0.3018, 0.3130
0.3018, 0.2995
0.3063, 0.2950
0.3108, 0.2905
0.3108, 0.2860
0.3198, 0.2770
0.3198, 0.2725
0.3198, 0.2635
0.3288, 0.2590
0.3333, 0.2545
0.3378, 0.2500
0.3378, 0.2455
0.3423, 0.2455
0.3513, 0.2455
0.3649, 0.2455
0.3784, 0.2455
0.4054, 0.2455
0.4234, 0.2500
0.4414, 0.2545
0.4550, 0.2680
0.4640, 0.2725
0.4775, 0.2770
0.4865, 0.2815
0.4955, 0.2905
0.5045, 0.3040
0.5180, 0.3086
0.5225, 0.3130
0.5315, 0.3221
0.5405, 0.3311
0.5495, 0.3446
0.5586, 0.3536
0.5631, 0.3671
0.5721, 0.3806
0.5766, 0.3941
0.5901, 0.4077
0.5946, 0.4257
0.5991, 0.4392
0.6036, 0.4527
0.6081, 0.4662
0.6126, 0.4797
0.6261, 0.4977
0.6261, 0.5068
0.6306, 0.5158
0.6351, 0.5338
0.6396, 0.5428
0.6441, 0.5563
0.6487, 0.5743
0.6531, 0.5833
0.6622, 0.6013
0.6712, 0.6104
0.6757, 0.6239
0.6847, 0.6329
0.6892, 0.6464
0.7027, 0.6599
0.7117, 0.6689
0.7162, 0.6824
0.7252, 0.6869
0.7297, 0.6914
0.7478, 0.7004
0.7568, 0.7050
0.7658, 0.7140
0.7838, 0.7185
0.7973, 0.7230
0.8153, 0.7275
0.8288, 0.7320
0.8469, 0.7365
0.8559, 0.7365
0.8694, 0.7410
0.8784, 0.7410
0.8919, 0.7500
0.9054, 0.7500
0.9144, 0.7500
0.9324, 0.7545
0.9460, 0.7545
0.9595, 0.7545
0.9730, 0.7545
0.9820, 0.7545
0.9865, 0.7545
1.0000, 0.7545
1.0000, 0.7455
1.0000, 0.7365
1.0000, 0.7320

0.6351, 0.5248
0.6216, 0.5248
0.6036, 0.5203
0.5811, 0.5158
0.5631, 0.5113
0.5360, 0.5068
0.5045, 0.5022
0.4685, 0.4977
0.4369, 0.4887
0.3964, 0.4887
0.3694, 0.4842
0.3423, 0.4842
0.3198, 0.4842
0.3063, 0.4797
0.2973, 0.4797
0.2928, 0.4797
0.2838, 0.4797
