0.0000, 0.5134
0.0054, 0.5134
0.0160, 0.5241
0.0374, 0.5241
0.0642, 0.5241
0.0909, 0.5241
0.1283, 0.5241
0.1551, 0.5294
0.1872, 0.5294
0.2193, 0.5347
0.2353, 0.5401
0.2460, 0.5401
0.2620, 0.5401
0.2674, 0.5401
0.2727, 0.5455
0.2781, 0.5455
0.2834, 0.5455
0.2834, 0.5347
0.2834, 0.5294
0.2834, 0.5134
0.2834, 0.5080
0.2834, 0.5027
0.2834, 0.4920
0.2834, 0.4866
0.2834, 0.4706
0.2834, 0.4652
0.2834, 0.4545
0.2834, 0.4438
0.2834, 0.4278
0.2834, 0.4171
0.2834, 0.4064
0.2834, 0.3957
0.2834, 0.3850
0.2834, 0.3743
0.2834, 0.3636
0.2834, 0.3529
0.2834, 0.3422
0.2888, 0.3316
0.2941, 0.3262
0.3048, 0.3155
0.3048, 0.3102
0.3102, 0.2941
0.3155, 0.2888
0.3155, 0.2834
0.3209, 0.2727
0.3262, 0.2674
0.3315, 0.2567
0.3369, 0.2460
0.3476, 0.2406
0.3529, 0.2353
0.3529, 0.2299
0.3583, 0.2299
0.3636, 0.2246
0.3636, 0.2192
0.3690, 0.2192
0.3743, 0.2086
0.3797, 0.2032
0.3904, 0.2032
0.3957, 0.2032
0.3957, 0.1979
0.4011, 0.1979
0.4011, 0.1925
0.4064, 0.1925
0.4118, 0.1925
0.4171, 0.1872
0.4225, 0.1872
0.4278, 0.1872
0.4385, 0.1872
0.4439, 0.1872
0.4545, 0.1872
0.4652, 0.1872
0.4813, 0.1872
0.4920, 0.1925
0.5027, 0.1979
0.5134, 0.2139
0.5294, 0.2246
0.5401, 0.2353
0.5454, 0.2460
0.5508, 0.2620
0.5668, 0.2727
0.5722, 0.2834
0.5829, 0.3048
0.5936, 0.3208
0.5989, 0.3369
0.6043, 0.3529
0.6150, 0.3743
0.6203, 0.3904
0.6257, 0.4064
0.6310, 0.4225
0.6310, 0.4438
0.6364, 0.4599
0.6417, 0.4866
0.6578, 0.5027
0.6631, 0.5294
0.6684, 0.5455
0.6738, 0.5722
0.6791, 0.5882
0.6845, 0.6150
0.6898, 0.6310
0.7005, 0.6577
0.7059, 0.6738
0.7166, 0.6845
0.7166, 0.7005
0.7219, 0.7112
0.7273, 0.7166
0.7326, 0.7219
0.7380, 0.7326
0.7487, 0.7486
0.7540, 0.7486
0.7647, 0.7540
0.7700, 0.7594
0.7807, 0.7700
0.7914, 0.7700
0.8021, 0.7754
0.8075, 0.7807
0.8182, 0.7807
0.8235, 0.7914
0.8396, 0.7968
0.8503, 0.7968
0.8556, 0.8021
0.8663, 0.8021
0.8823, 0.8075
0.8930, 0.8075
0.8984, 0.8075
0.9091, 0.8128
0.9251, 0.8128
0.9358, 0.8128
0.9465, 0.8128
0.9519, 0.8128
0.9572, 0.8128
0.9679, 0.8128
0.9733, 0.8128
0.9786, 0.8128
0.9839, 0.8128
0.9893, 0.8128
0.9946, 0.8128
1.0000, 0.8128
1.0000, 0.8075
1.0000, 0.7968

0.5829, 0.4759
0.5508, 0.4652
0.5134, 0.4599
0.4866, 0.4545
0.4599, 0.4438
0.4332, 0.4331
0.4171, 0.4331
0.3904, 0.4278
0.3690, 0.4225
0.3422, 0.4171
0.3209, 0.4171
0.2995, 0.4118
0.2888, 0.4118
0.2781, 0.4064
0.2727, 0.4064
0.2620, 0.4064
