1.0000, 0.6734
1.0000, 0.6774
0.9960, 0.6815
0.9879, 0.6815
0.9758, 0.6855
0.9597, 0.6895
0.9476, 0.6895
0.9355, 0.6935
0.9193, 0.6935
0.9073, 0.6935
0.8952, 0.6976
0.8831, 0.6976
0.8750, 0.6976
0.8629, 0.6976
0.8548, 0.6976
0.8468, 0.6976
0.8306, 0.6976
0.8226, 0.6935
0.8145, 0.6895
0.8064, 0.6895
0.7944, 0.6855
0.7863, 0.6815
0.7782, 0.6815
0.7702, 0.6774
0.7621, 0.6774
0.7540, 0.6694
0.7460, 0.6694
0.7419, 0.6653
0.7379, 0.6613
0.7298, 0.6613
0.7258, 0.6573
0.7218, 0.6532
0.7177, 0.6492
0.7137, 0.6492
0.7097, 0.6452
0.7056, 0.6371
0.6976, 0.6290
0.6895, 0.6210
0.6895, 0.6169
0.6814, 0.6048
0.6814, 0.5968
0.6774, 0.5927
0.6734, 0.5847
0.6694, 0.5766
0.6613, 0.5645
0.6613, 0.5565
0.6573, 0.5444
0.6532, 0.5323
0.6492, 0.5242
0.6452, 0.5121
0.6411, 0.4960
0.6290, 0.4839
0.6250, 0.4718
0.6210, 0.4597
0.6129, 0.4516
0.6089, 0.4355
0.5968, 0.4274
0.5927, 0.4194
0.5887, 0.4113
0.5847, 0.3992
0.5766, 0.3911
0.5726, 0.3831
0.5605, 0.3710
0.5564, 0.3629
0.5484, 0.3508
0.5403, 0.3468
0.5363, 0.3347
0.5242, 0.3266
0.5161, 0.3226
0.5081, 0.3185
0.4960, 0.3185
0.4919, 0.3145
0.4839, 0.3105
0.4758, 0.3105
0.4637, 0.3024
0.4516, 0.3024
0.4395, 0.3024
0.4234, 0.3024
0.4153, 0.3024
0.4032, 0.3024
0.3871, 0.3024
0.3790, 0.3024
0.3710, 0.3065
0.3589, 0.3065
0.3508, 0.3105
0.3387, 0.3185
0.3266, 0.3226
0.3185, 0.3306
0.3105, 0.3468
0.2944, 0.3589
0.2823, 0.3750
0.2742, 0.3911
0.2621, 0.4073
0.2581, 0.4153
0.2500, 0.4274
0.2500, 0.4315
0.2460, 0.4435
0.2419, 0.4516
0.2379, 0.4557
0.2298, 0.4677
0.2298, 0.4798
0.2258, 0.4879
0.2258, 0.4960
0.2258, 0.5081
0.2258, 0.5161
0.2258, 0.5242
0.2258, 0.5282
0.2258, 0.5323
0.2258, 0.5403
0.2258, 0.5444
0.2258, 0.5484
0.2258, 0.5524
0.2258, 0.5565
0.2339, 0.5565
0.2218, 0.5605
0.1895, 0.5726
0.1532, 0.5766
0.1008, 0.5807
0.0645, 0.5847
0.0403, 0.5887
0.0282, 0.5887
0.0202, 0.5927
0.0040, 0.5927
0.0000, 0.5927

0.2137, 0.4637
0.2177, 0.4637
0.2218, 0.4637
0.2339, 0.4637
0.2540, 0.4637
0.2782, 0.4637
0.2984, 0.4637
0.3266, 0.4637
0.3589, 0.4637
0.3790, 0.4637
0.4072, 0.4637
0.4314, 0.4637
0.4516, 0.4677
0.4677, 0.4677
0.4839, 0.4677
0.4960, 0.4758
0.5081, 0.4758
0.5161, 0.4758
0.5242, 0.4798
0.5282, 0.4798
0.5323, 0.4798
