0.2353, 0.0000
0.2294, 0.0000
0.2235, 0.0000
0.2118, 0.0000
0.2059, 0.0176
0.1882, 0.0353
0.1824, 0.0529
0.1706, 0.0647
0.1588, 0.0941
0.1471, 0.1118
0.1353, 0.1412
0.1294, 0.1647
0.1176, 0.1941
0.1118, 0.2177
0.1059, 0.2471
0.0941, 0.2647
0.0882, 0.2941
0.0824, 0.3118
0.0765, 0.3412
0.0706, 0.3588
0.0706, 0.3824
0.0706, 0.4118
0.0647, 0.4412
0.0647, 0.4706
0.0588, 0.4882
0.0588, 0.5118
0.0588, 0.5353
0.0588, 0.5588
0.0588, 0.5824
0.0588, 0.6000
0.0588, 0.6294
0.0647, 0.6471
0.0706, 0.6706
0.0765, 0.6882
0.0824, 0.7059
0.1000, 0.7294
0.1059, 0.7471
0.1118, 0.7647
0.1235, 0.7765
0.1353, 0.7941
0.1412, 0.8118
0.1588, 0.8235
0.1706, 0.8353
0.1824, 0.8412
0.2059, 0.8471
0.2177, 0.8647
0.2353, 0.8706
0.2529, 0.8765
0.2706, 0.8824
0.2941, 0.8941
0.3118, 0.9000
0.3294, 0.9118
0.3588, 0.9118
0.3765, 0.9176
0.4059, 0.9235
0.4235, 0.9294
0.4471, 0.9294
0.4647, 0.9294
0.4941, 0.9294
0.5118, 0.9294
0.5294, 0.9294
0.5529, 0.9294
0.5706, 0.9235
0.5941, 0.9176
0.6059, 0.9059
0.6235, 0.8941
0.6471, 0.8882
0.6647, 0.8706
0.6882, 0.8529
0.7000, 0.8412
0.7177, 0.8294
0.7353, 0.8235
0.7471, 0.8059
0.7588, 0.7882
0.7706, 0.7765
0.7882, 0.7588
0.8000, 0.7412
0.8176, 0.7235
0.8412, 0.7000
0.8529, 0.6765
0.8706, 0.6471
0.8882, 0.6235
0.8941, 0.6000
0.9059, 0.5765
0.9176, 0.5529
0.9294, 0.5294
0.9294, 0.5000
0.9353, 0.4824
0.9353, 0.4529
0.9412, 0.4294
0.9412, 0.4059
0.9412, 0.3824
0.9412, 0.3529
0.9412, 0.3353
0.9412, 0.3118
0.9412, 0.2941
0.9412, 0.2823
0.9412, 0.2706
0.9412, 0.2588
0.9353, 0.2529
0.9353, 0.2412
0.9235, 0.2353
0.9235, 0.2177
0.9235, 0.2118
0.9176, 0.2059
0.9176, 0.1941
0.9118, 0.1765
0.9118, 0.1706
0.9059, 0.1588
0.9000, 0.1471
0.9000, 0.1412
0.9000, 0.1294
0.8941, 0.1294
0.8882, 0.1235
0.8882, 0.1177
0.8765, 0.1118
0.8706, 0.1059
0.8647, 0.1000
0.8588, 0.0941
0.8529, 0.0882
0.8471, 0.0765
0.8412, 0.0706
0.8353, 0.0706
0.8235, 0.0706

0.5706, 1.0000
0.5647, 1.0000
0.5353, 0.9941
0.5000, 0.9765
0.4765, 0.9647
0.4529, 0.9529
0.4294, 0.9353
0.4059, 0.9235
0.3882, 0.9176
0.3765, 0.9059
0.3706, 0.9000
0.3647, 0.8882
0.3588, 0.8882
0.3588, 0.8824
0.3647, 0.8706
0.3765, 0.8588
0.4000, 0.8529
0.4176, 0.8353
0.4353, 0.8294
0.4588, 0.8235
0.4706, 0.8118
0.4765, 0.8059
0.4824, 0.8059
0.4941, 0.8000
0.4941, 0.7882
0.5000, 0.7823
0.5059, 0.7765
0.5059, 0.7706
0.5118, 0.7647
0.5118, 0.7588
0.5176, 0.7412
0.5176, 0.7353
0.5176, 0.7235
0.5176, 0.7059
0.5176, 0.6882
0.5118, 0.6706
0.5059, 0.6588
0.5000, 0.6353
0.5000, 0.6235
0.4882, 0.6059
0.4882, 0.5882
0.4824, 0.5824
0.4824, 0.5706
0.4824, 0.5647
0.4824, 0.5471
0.4824, 0.5412
0.4824, 0.5294
0.4824, 0.5235
0.4941, 0.5118
0.5059, 0.4941
0.5176, 0.4882
0.5353, 0.4765
0.5588, 0.4706
0.5824, 0.4588
0.6059, 0.4471
0.6176, 0.4412
0.6294, 0.4353
0.6412, 0.4353
0.6412, 0.4294
0.6412, 0.4235
0.6412, 0.4176
0.6412, 0.4000
0.6412, 0.3941
0.6412, 0.3882
0.6294, 0.3765
0.6294, 0.3706
0.6235, 0.3647
0.6176, 0.3529
0.6176, 0.3471
0.6118, 0.3412
0.6059, 0.3412
