0.1892, 0.0338
0.1892, 0.0405
0.1824, 0.0405
0.1757, 0.0405
0.1689, 0.0405
0.1689, 0.0473
0.1622, 0.0473
0.1554, 0.0541
0.1351, 0.0743
0.1284, 0.0811
0.1216, 0.0946
0.1081, 0.1081
0.1014, 0.1351
0.0811, 0.1554
0.0676, 0.1824
0.0608, 0.2027
0.0473, 0.2365
0.0338, 0.2568
0.0270, 0.2770
0.0203, 0.3108
0.0135, 0.3446
0.0068, 0.3716
0.0068, 0.4054
0.0000, 0.4257
0.0000, 0.4595
0.0000, 0.4797
0.0000, 0.5068
0.0000, 0.5270
0.0000, 0.5608
0.0000, 0.5811
0.0000, 0.6014
0.0068, 0.6284
0.0135, 0.6486
0.0203, 0.6689
0.0405, 0.6960
0.0541, 0.7095
0.0608, 0.7365
0.0743, 0.7500
0.0946, 0.7703
0.1081, 0.7973
0.1216, 0.8108
0.1486, 0.8243
0.1622, 0.8446
0.1757, 0.8581
0.2027, 0.8716
0.2162, 0.8919
0.2365, 0.8987
0.2703, 0.9122
0.2906, 0.9189
0.3176, 0.9257
0.3378, 0.9324
0.3581, 0.9392
0.3784, 0.9527
0.3987, 0.9527
0.4257, 0.9595
0.4527, 0.9595
0.4730, 0.9662
0.5068, 0.9662
0.5270, 0.9662
0.5608, 0.9662
0.6081, 0.9662
0.6487, 0.9662
0.6757, 0.9595
0.7095, 0.9595
0.7365, 0.9459
0.7703, 0.9392
0.7905, 0.9324
0.8176, 0.9189
0.8379, 0.8987
0.8514, 0.8784
0.8784, 0.8514
0.8987, 0.8243
0.9122, 0.7973
0.9325, 0.7635
0.9527, 0.7230
0.9662, 0.6757
0.9730, 0.6351
0.9865, 0.5946
0.9933, 0.5473
0.9933, 0.5135
1.0000, 0.4730
1.0000, 0.4392
1.0000, 0.4054
1.0000, 0.3716
1.0000, 0.3514
1.0000, 0.3176
1.0000, 0.2973
1.0000, 0.2703
1.0000, 0.2568
1.0000, 0.2365
1.0000, 0.2162
1.0000, 0.2027
1.0000, 0.1892
1.0000, 0.1824
1.0000, 0.1757
1.0000, 0.1622
1.0000, 0.1554
1.0000, 0.1487

0.6081, 0.9527
0.5946, 0.9527
0.5811, 0.9459
0.5676, 0.9392
0.5473, 0.9257
0.5338, 0.9189
0.5270, 0.8987
0.5135, 0.8851
0.5068, 0.8716
0.4865, 0.8581
0.4797, 0.8446
0.4730, 0.8378
0.4730, 0.8311
0.4730, 0.8243
0.4730, 0.8176
0.5000, 0.8108
0.5135, 0.7906
0.5338, 0.7838
0.5608, 0.7770
0.5811, 0.7635
0.5946, 0.7568
0.6081, 0.7500
0.6216, 0.7365
0.6216, 0.7297
0.6284, 0.7297
0.6284, 0.7230
0.6351, 0.7230
0.6351, 0.7162
0.6351, 0.7095
0.6351, 0.6960
0.6351, 0.6757
0.6351, 0.6622
0.6216, 0.6419
0.6014, 0.6216
0.5878, 0.6014
0.5811, 0.5878
0.5676, 0.5676
0.5608, 0.5540
0.5338, 0.5338
0.5270, 0.5203
0.5203, 0.5068
0.5135, 0.4932
0.5068, 0.4932
0.5068, 0.4865
0.5068, 0.4797
0.5068, 0.4730
0.5068, 0.4662
0.5068, 0.4527
0.5068, 0.4392
0.5068, 0.4257
0.5068, 0.4122
0.5135, 0.3986
0.5135, 0.3784
0.5135, 0.3649
0.5203, 0.3446
0.5203, 0.3311
0.5270, 0.3176
0.5270, 0.3041
0.5270, 0.2838
0.5270, 0.2703
0.5203, 0.2568
0.5135, 0.2433
0.5068, 0.2297
0.5000, 0.2162
0.5000, 0.2095
0.5000, 0.2027
0.4865, 0.2027
