0.1923, 0.0000
0.1864, 0.0000
0.1805, 0.0000
0.1686, 0.0177
0.1509, 0.0296
0.1450, 0.0414
0.1390, 0.0592
0.1272, 0.0769
0.1213, 0.0887
0.1035, 0.1183
0.0917, 0.1420
0.0858, 0.1598
0.0858, 0.1775
0.0739, 0.2071
0.0739, 0.2248
0.0621, 0.2426
0.0621, 0.2722
0.0444, 0.2899
0.0444, 0.3136
0.0385, 0.3373
0.0325, 0.3669
0.0325, 0.4024
0.0325, 0.4319
0.0325, 0.4675
0.0325, 0.4970
0.0325, 0.5325
0.0325, 0.5503
0.0325, 0.5680
0.0325, 0.5976
0.0385, 0.6213
0.0444, 0.6391
0.0621, 0.6568
0.0739, 0.6864
0.0858, 0.7041
0.0976, 0.7278
0.1154, 0.7515
0.1331, 0.7811
0.1568, 0.7988
0.1746, 0.8284
0.1923, 0.8521
0.2160, 0.8757
0.2278, 0.8876
0.2515, 0.9053
0.2692, 0.9231
0.2870, 0.9349
0.3106, 0.9467
0.3343, 0.9586
0.3521, 0.9763
0.3639, 0.9823
0.3817, 0.9882
0.4053, 0.9882
0.4171, 0.9941
0.4290, 0.9941
0.4467, 1.0000
0.4645, 1.0000
0.4822, 1.0000
0.5000, 1.0000
0.5118, 1.0000
0.5296, 0.9941
0.5532, 0.9882
0.5710, 0.9823
0.5947, 0.9645
0.6124, 0.9527
0.6302, 0.9408
0.6598, 0.9172
0.6775, 0.9053
0.7012, 0.8935
0.7189, 0.8698
0.7485, 0.8521
0.7663, 0.8343
0.7899, 0.8047
0.8077, 0.7870
0.8195, 0.7692
0.8373, 0.7456
0.8550, 0.7219
0.8728, 0.6923
0.8905, 0.6686
0.9024, 0.6391
0.9083, 0.6154
0.9201, 0.5799
0.9260, 0.5562
0.9438, 0.5266
0.9438, 0.5089
0.9497, 0.4793
0.9556, 0.4497
0.9556, 0.4260
0.9615, 0.3965
0.9615, 0.3787
0.9615, 0.3550
0.9615, 0.3373
0.9615, 0.3136
0.9615, 0.2958
0.9615, 0.2781
0.9615, 0.2604
0.9675, 0.2426
0.9675, 0.2248
0.9675, 0.2071
0.9675, 0.1953
0.9675, 0.1834
0.9675, 0.1598
0.9675, 0.1479
0.9675, 0.1361
0.9675, 0.1183
0.9675, 0.1124
0.9675, 0.1065
0.9675, 0.1006
0.9615, 0.1006
0.9615, 0.0947
0.9556, 0.0947
0.9497, 0.0947
0.9438, 0.0947

0.5651, 0.9527
0.5651, 0.9408
0.5651, 0.9231
0.5651, 0.9053
0.5651, 0.8876
0.5651, 0.8698
0.5651, 0.8639
0.5651, 0.8462
0.5651, 0.8402
0.5710, 0.8402
0.5710, 0.8343
0.5710, 0.8284
0.5710, 0.8225
0.5592, 0.8106
0.5355, 0.7929
0.5178, 0.7811
0.5000, 0.7692
0.4822, 0.7633
0.4645, 0.7456
0.4586, 0.7396
0.4527, 0.7337
0.4408, 0.7278
0.4349, 0.7278
0.4349, 0.7219
0.4349, 0.7160
0.4349, 0.6982
0.4527, 0.6745
0.4763, 0.6627
0.5000, 0.6450
0.5178, 0.6331
0.5473, 0.6272
0.5592, 0.6154
0.5769, 0.6095
0.5888, 0.5976
0.5947, 0.5917
0.5947, 0.5858
0.5947, 0.5799
0.5947, 0.5680
0.5947, 0.5621
0.5947, 0.5385
0.5947, 0.5266
0.5828, 0.5148
0.5710, 0.4970
0.5592, 0.4793
0.5532, 0.4734
0.5473, 0.4556
0.5296, 0.4438
0.5237, 0.4379
0.5178, 0.4260
0.5118, 0.4142
0.5059, 0.3965
0.5000, 0.3905
0.5000, 0.3846
0.4882, 0.3728
0.4882, 0.3669
0.4882, 0.3491
0.4882, 0.3432
0.4882, 0.3373
0.4882, 0.3314
0.4882, 0.3195
0.4941, 0.3077
0.4941, 0.3018
0.5000, 0.2899
0.5059, 0.2840
0.5059, 0.2781
0.5118, 0.2722
0.5178, 0.2604
0.5178, 0.2544
0.5237, 0.2485
0.5237, 0.2426
0.5296, 0.2367
0.5296, 0.2308
0.5414, 0.2308
0.5414, 0.2248
0.5414, 0.2189
0.5414, 0.2071
0.5414, 0.2012
0.5414, 0.1953
0.5414, 0.1893
0.5414, 0.1834
