0.2516, 0.0621
0.2453, 0.0621
0.2329, 0.0621
0.2143, 0.0683
0.2019, 0.0807
0.1770, 0.0932
0.1646, 0.1118
0.1398, 0.1366
0.1211, 0.1553
0.1087, 0.1863
0.0839, 0.2112
0.0776, 0.2422
0.0652, 0.2733
0.0590, 0.2981
0.0528, 0.3292
0.0404, 0.3540
0.0404, 0.3851
0.0342, 0.4099
0.0342, 0.4348
0.0342, 0.4658
0.0342, 0.4907
0.0342, 0.5155
0.0342, 0.5404
0.0342, 0.5590
0.0466, 0.5901
0.0590, 0.6087
0.0652, 0.6398
0.0714, 0.6646
0.0776, 0.6894
0.0963, 0.7143
0.1025, 0.7391
0.1149, 0.7578
0.1211, 0.7702
0.1335, 0.7950
0.1460, 0.8137
0.1584, 0.8385
0.1708, 0.8509
0.1832, 0.8696
0.2019, 0.8944
0.2143, 0.9068
0.2267, 0.9130
0.2391, 0.9255
0.2578, 0.9441
0.2702, 0.9503
0.2888, 0.9565
0.3075, 0.9689
0.3261, 0.9689
0.3509, 0.9814
0.3758, 0.9814
0.4006, 0.9938
0.4193, 1.0000
0.4379, 1.0000
0.4627, 1.0000
0.4752, 1.0000
0.4876, 1.0000
0.5062, 1.0000
0.5186, 1.0000
0.5311, 1.0000
0.5435, 0.9876
0.5683, 0.9814
0.5870, 0.9689
0.6180, 0.9565
0.6366, 0.9503
0.6615, 0.9317
0.6739, 0.9193
0.6988, 0.9068
0.7236, 0.8944
0.7360, 0.8758
0.7609, 0.8634
0.7795, 0.8509
0.7919, 0.8323
0.8106, 0.8199
0.8230, 0.8012
0.8354, 0.7826
0.8478, 0.7702
0.8540, 0.7516
0.8727, 0.7329
0.8789, 0.7143
0.8913, 0.6957
0.9037, 0.6646
0.9161, 0.6460
0.9224, 0.6211
0.9286, 0.5963
0.9348, 0.5652
0.9410, 0.5404
0.9472, 0.5093
0.9534, 0.4907
0.9534, 0.4658
0.9658, 0.4472
0.9658, 0.4224
0.9658, 0.4037
0.9658, 0.3851
0.9658, 0.3602
0.9658, 0.3416
0.9658, 0.3168
0.9658, 0.2981
0.9596, 0.2795
0.9596, 0.2609
0.9534, 0.2422
0.9472, 0.2298
0.9410, 0.2050
0.9348, 0.1925
0.9348, 0.1801
0.9224, 0.1615
0.9099, 0.1491
0.8975, 0.1304
0.8913, 0.1118
0.8789, 0.0994
0.8602, 0.0870
0.8478, 0.0621
0.8354, 0.0497
0.8230, 0.0373
0.8168, 0.0311
0.8043, 0.0248
0.7981, 0.0124
0.7919, 0.0062
0.7857, 0.0000
0.7795, 0.0000

0.5497, 0.9752
0.5435, 0.9689
0.5311, 0.9503
0.5124, 0.9193
0.5000, 0.9006
0.4876, 0.8820
0.4814, 0.8571
0.4814, 0.8385
0.4689, 0.8137
0.4627, 0.7950
0.4627, 0.7826
0.4627, 0.7640
0.4627, 0.7578
0.4627, 0.7516
0.4627, 0.7453
0.4627, 0.7391
0.4627, 0.7329
0.4627, 0.7267
0.4627, 0.7143
0.4752, 0.7081
0.4752, 0.7019
0.4814, 0.7019
0.4876, 0.7019
0.4876, 0.6957
0.4938, 0.6894
0.5000, 0.6770
0.5000, 0.6646
0.5000, 0.6522
0.5062, 0.6460
0.5062, 0.6335
0.5062, 0.6149
0.5062, 0.6025
0.5000, 0.5901
0.5000, 0.5776
0.4938, 0.5590
0.4876, 0.5528
0.4814, 0.5404
0.4689, 0.5280
0.4689, 0.5217
0.4627, 0.5093
0.4627, 0.5031
0.4565, 0.4969
0.4565, 0.4907
0.4565, 0.4783
0.4565, 0.4720
0.4565, 0.4596
0.4565, 0.4472
0.4565, 0.4410
0.4565, 0.4348
0.4565, 0.4224
0.4752, 0.4037
0.4814, 0.3913
0.4938, 0.3789
0.5000, 0.3727
0.5124, 0.3540
0.5311, 0.3540
0.5311, 0.3478
0.5435, 0.3478
0.5435, 0.3416
0.5497, 0.3416
0.5559, 0.3416
0.5621, 0.3416
0.5621, 0.3354
0.5621, 0.3292
0.5621, 0.3230
0.5621, 0.3168
0.5621, 0.3043
0.5621, 0.2981
0.5621, 0.2919
0.5559, 0.2857
0.5559, 0.2795
0.5559, 0.2733
0.5559, 0.2671
0.5559, 0.2547
0.5559, 0.2484
0.5559, 0.2422
0.5559, 0.2360
0.5559, 0.2298
0.5559, 0.2236
0.5559, 0.2174
0.5559, 0.2050
0.5497, 0.1988
0.5497, 0.1925
0.5497, 0.1863
0.5497, 0.1801
0.5497, 0.1739
0.5435, 0.1677
0.5435, 0.1615
0.5373, 0.1491
0.5373, 0.1429
0.5373, 0.1304
0.5311, 0.1242
0.5311, 0.1180
0.5186, 0.1118
0.5186, 0.0994
0.5186, 0.0932
0.5186, 0.0870
