0.1722, 0.2000
0.1667, 0.2000
0.1556, 0.2000
0.1500, 0.2000
0.1389, 0.2000
0.1333, 0.2000
0.1222, 0.2056
0.1111, 0.2222
0.1000, 0.2333
0.0889, 0.2444
0.0778, 0.2667
0.0667, 0.2778
0.0556, 0.2944
0.0500, 0.3056
0.0445, 0.3222
0.0278, 0.3278
0.0222, 0.3389
0.0167, 0.3556
0.0167, 0.3611
0.0111, 0.3722
0.0056, 0.3778
0.0056, 0.3889
0.0000, 0.4056
0.0000, 0.4167
0.0000, 0.4278
0.0000, 0.4444
0.0000, 0.4611
0.0000, 0.4889
0.0000, 0.5056
0.0111, 0.5222
0.0222, 0.5556
0.0389, 0.5833
0.0500, 0.6000
0.0667, 0.6278
0.0833, 0.6444
0.1000, 0.6611
0.1167, 0.6833
0.1389, 0.7000
0.1556, 0.7111
0.1833, 0.7278
0.2056, 0.7389
0.2278, 0.7444
0.2500, 0.7556
0.2833, 0.7667
0.3111, 0.7722
0.3389, 0.7833
0.3722, 0.7889
0.4056, 0.7944
0.4278, 0.8000
0.4556, 0.8000
0.4889, 0.8000
0.5111, 0.8000
0.5389, 0.8000
0.5611, 0.8000
0.5889, 0.8000
0.6111, 0.7944
0.6389, 0.7889
0.6722, 0.7833
0.6945, 0.7722
0.7222, 0.7556
0.7389, 0.7444
0.7667, 0.7333
0.7833, 0.7278
0.8000, 0.7111
0.8222, 0.7000
0.8389, 0.6833
0.8611, 0.6667
0.8778, 0.6500
0.8945, 0.6333
0.9111, 0.6167
0.9222, 0.6056
0.9333, 0.5889
0.9500, 0.5667
0.9611, 0.5500
0.9722, 0.5333
0.9778, 0.5167
0.9833, 0.5056
0.9833, 0.4944
0.9945, 0.4833
1.0000, 0.4722
1.0000, 0.4667
1.0000, 0.4611
1.0000, 0.4556
1.0000, 0.4500
1.0000, 0.4389
1.0000, 0.4333
0.9889, 0.4333

0.4945, 0.7500
0.4889, 0.7333
0.4833, 0.7222
0.4722, 0.7056
0.4667, 0.6944
0.4500, 0.6833
0.4445, 0.6778
0.4389, 0.6611
0.4333, 0.6611
0.4333, 0.6556
0.4278, 0.6556
0.4278, 0.6500
0.4500, 0.6389
0.4833, 0.6333
0.5167, 0.6278
0.5500, 0.6222
0.5722, 0.6111
0.6000, 0.6056
0.6111, 0.6056
0.6111, 0.6000
0.6111, 0.5944
0.6111, 0.5889
0.6111, 0.5778
0.6111, 0.5667
0.6111, 0.5556
0.5945, 0.5444
0.5833, 0.5333
0.5722, 0.5111
0.5611, 0.5000
0.5445, 0.4889
0.5333, 0.4722
0.5278, 0.4667
0.5222, 0.4611
0.5222, 0.4556
0.5167, 0.4500
0.5167, 0.4444
0.5167, 0.4389
0.5167, 0.4278
0.5167, 0.4167
0.5167, 0.4056
0.5167, 0.4000
0.5222, 0.3833
0.5222, 0.3722
0.5222, 0.3611
0.5222, 0.3556
0.5222, 0.3333
0.5222, 0.3222
0.5222, 0.3167
0.5222, 0.3056
0.5167, 0.2944
0.5167, 0.2889
0.5111, 0.2833
0.5111, 0.2778
0.5111, 0.2722
0.5111, 0.2667
