0.2097, 0.0000
0.1989, 0.0054
0.1882, 0.0215
0.1774, 0.0323
0.1613, 0.0484
0.1505, 0.0699
0.1398, 0.0860
0.1183, 0.1183
0.1075, 0.1398
0.0968, 0.1774
0.0806, 0.2097
0.0699, 0.2473
0.0591, 0.2742
0.0591, 0.3011
0.0484, 0.3333
0.0484, 0.3548
0.0376, 0.3817
0.0322, 0.4032
0.0322, 0.4301
0.0322, 0.4516
0.0322, 0.4839
0.0269, 0.5215
0.0269, 0.5645
0.0269, 0.6021
0.0322, 0.6290
0.0322, 0.6613
0.0538, 0.6989
0.0645, 0.7312
0.0860, 0.7527
0.1022, 0.7903
0.1290, 0.8226
0.1505, 0.8441
0.1774, 0.8763
0.2043, 0.9032
0.2312, 0.9193
0.2527, 0.9301
0.2849, 0.9409
0.3118, 0.9570
0.3387, 0.9677
0.3710, 0.9731
0.4086, 0.9839
0.4409, 0.9946
0.4677, 1.0000
0.4946, 1.0000
0.5108, 1.0000
0.5430, 1.0000
0.5645, 1.0000
0.5968, 0.9839
0.6236, 0.9731
0.6505, 0.9624
0.6828, 0.9462
0.7150, 0.9301
0.7365, 0.9086
0.7634, 0.8871
0.7796, 0.8710
0.8064, 0.8387
0.8280, 0.8011
0.8495, 0.7634
0.8656, 0.7366
0.8871, 0.6989
0.9032, 0.6559
0.9193, 0.6236
0.9301, 0.5914
0.9409, 0.5699
0.9462, 0.5430
0.9516, 0.5108
0.9570, 0.4892
0.9624, 0.4624
0.9731, 0.4409
0.9731, 0.3979
0.9731, 0.3602
0.9731, 0.3226
0.9731, 0.2849
0.9624, 0.2419
0.9624, 0.2151
0.9516, 0.1882
0.9462, 0.1667
0.9409, 0.1505
0.9355, 0.1452
0.9247, 0.1344
0.9140, 0.1290
0.9032, 0.1237
0.8763, 0.1237

0.5860, 1.0000
0.5860, 0.9946
0.5860, 0.9516
0.5806, 0.9193
0.5645, 0.8817
0.5538, 0.8495
0.5430, 0.8226
0.5269, 0.8065
0.5215, 0.7957
0.5161, 0.7849
0.5430, 0.7849
0.5645, 0.7849
0.5806, 0.7849
0.5860, 0.7849
0.5914, 0.7849
0.5914, 0.7473
0.5645, 0.7097
0.5430, 0.6774
0.5054, 0.6398
0.4785, 0.6183
0.4624, 0.6021
0.4409, 0.5860
0.4355, 0.5860
0.4355, 0.5753
0.4355, 0.5645
0.4462, 0.5538
0.4570, 0.5430
0.4677, 0.5269
0.4731, 0.5161
0.4785, 0.5108
0.4892, 0.5054
0.4946, 0.4839
0.5000, 0.4677
0.5054, 0.4516
0.5054, 0.4301
0.5108, 0.4140
0.5108, 0.3871
0.5108, 0.3602
0.5161, 0.3333
0.5161, 0.3064
0.5161, 0.2903
0.5215, 0.2742
0.5215, 0.2581
0.5215, 0.2527
0.5215, 0.2419
0.5215, 0.2366
0.5323, 0.2204
0.5323, 0.2097
0.5376, 0.1989
0.5430, 0.1882
0.5430, 0.1828
0.5484, 0.1720
0.5484, 0.1667
0.5538, 0.1667
0.5538, 0.1613
0.5591, 0.1613
