0.3353, 0.0228
0.3353, 0.0228
0.3353, 0.0228
0.3353, 0.0228
0.3353, 0.0228
0.3353, 0.0228
0.3353, 0.0228
0.3353, 0.0228
0.3353, 0.0228
0.3353, 0.0228
0.3353, 0.0228
0.3353, 0.0228
0.3353, 0.0228
0.3353, 0.0228
0.3353, 0.0228
0.3353, 0.0228
0.3353, 0.0228
0.3353, 0.0228
0.3353, 0.0228
0.3353, 0.0228
0.3353, 0.0228
0.3353, 0.0228
0.3353, 0.0228
0.3353, 0.0228
0.3353, 0.0228
0.3353, 0.0228
0.3353, 0.0228
0.3353, 0.0228
0.3353, 0.0228
0.3353, 0.0228
0.3353, 0.0228
0.3353, 0.0228
0.3353, 0.0228
0.3353, 0.0228
0.3353, 0.0228
0.3353, 0.0228
0.3353, 0.0228
0.3353, 0.0228
0.3353, 0.0228
0.3353, 0.0228
0.3353, 0.0228
0.3353, 0.0228
0.3353, 0.0228
0.3353, 0.0228
0.3353, 0.0228
0.3353, 0.0228
0.3353, 0.0228
0.3353, 0.0228
0.3353, 0.0228
0.3353, 0.0228
0.3353, 0.0228
0.3353, 0.0228
0.3353, 0.0228
0.3353, 0.0228
0.3353, 0.0228
0.3353, 0.0228
0.3353, 0.0228
0.3353, 0.0228
0.3353, 0.0228
0.3353, 0.0253
0.3353, 0.0253
0.3353, 0.0253
0.3353, 0.0253
0.3353, 0.0253
0.3353, 0.0253
0.3353, 0.0253
0.3353, 0.0253
0.3353, 0.0253
0.3353, 0.0253
0.3353, 0.0253
0.3353, 0.0253
0.3353, 0.0253
0.3353, 0.0253
0.3353, 0.0278
0.3353, 0.0278
0.3353, 0.0278
0.3353, 0.0278
0.3353, 0.0278
0.3353, 0.0278
0.3353, 0.0278
0.3353, 0.0278
0.3353, 0.0278
0.3353, 0.0278
0.3353, 0.0278
0.3353, 0.0278
0.3353, 0.0278
0.3353, 0.0278
0.3353, 0.0278
0.3353, 0.0278
0.3353, 0.0278
0.3353, 0.0304
0.3353, 0.0304
0.3353, 0.0304
0.3353, 0.0304
0.3353, 0.0304
0.3353, 0.0304
0.3353, 0.0304
0.3353, 0.0304
0.3353, 0.0304
0.3353, 0.0304
0.3353, 0.0304
0.3353, 0.0304
0.3353, 0.0304
0.3353, 0.0329
0.3353, 0.0329
0.3353, 0.0329
0.3353, 0.0329
0.3353, 0.0329
0.3353, 0.0329
0.3353, 0.0329
0.3353, 0.0329
0.3353, 0.0354
0.3353, 0.0354
0.3353, 0.0354
0.3353, 0.0354
0.3353, 0.0354
0.3353, 0.0354
0.3353, 0.0354
0.3353, 0.0354
0.3353, 0.0354
0.3353, 0.0354
0.3353, 0.0354
0.3353, 0.0354
0.3353, 0.0354
0.3353, 0.0354
0.3353, 0.0354
0.3353, 0.0354
0.3353, 0.0354
0.3353, 0.0380
0.3353, 0.0380
0.3353, 0.0380
0.3353, 0.0380
0.3353, 0.0405
0.3353, 0.0405
0.3353, 0.0405
0.3353, 0.0405
0.3309, 0.0405
0.3309, 0.0405
0.3309, 0.0405
0.3309, 0.0405
0.3309, 0.0405
0.3309, 0.0405
0.3309, 0.0405
0.3309, 0.0405
0.3309, 0.0405
0.3309, 0.0405
0.3309, 0.0405
0.3309, 0.0405
0.3309, 0.0405
0.3309, 0.0405
0.3309, 0.0405
0.3309, 0.0405
0.3309, 0.0405
0.3309, 0.0405
0.3309, 0.0405
0.3309, 0.0405
0.3309, 0.0430
0.3309, 0.0430
0.3309, 0.0430
0.3309, 0.0430
0.3309, 0.0430
0.3309, 0.0430
0.3309, 0.0430
0.3309, 0.0430
0.3309, 0.0430
0.3309, 0.0430
0.3309, 0.0430
0.3309, 0.0430
0.3309, 0.0430
0.3309, 0.0456
0.3309, 0.0456
0.3309, 0.0456
0.3309, 0.0456
0.3309, 0.0481
0.3309, 0.0481
0.3309, 0.0481
0.3309, 0.0481
0.3309, 0.0481
0.3309, 0.0481
0.3309, 0.0481
0.3309, 0.0481
0.3309, 0.0481
0.3309, 0.0481
0.3309, 0.0481
0.3309, 0.0481
0.3309, 0.0481
0.3309, 0.0481
0.3309, 0.0481
0.3309, 0.0481
0.3309, 0.0481
0.3309, 0.0481
0.3309, 0.0506
0.3309, 0.0506
0.3309, 0.0506
0.3309, 0.0506
0.3309, 0.0506
0.3309, 0.0506
0.3309, 0.0506
0.3309, 0.0506
0.3266, 0.0532
0.3266, 0.0532
0.3266, 0.0532
0.3266, 0.0532
0.3266, 0.0532
0.3266, 0.0532
0.3266, 0.0532
0.3266, 0.0532
0.3266, 0.0532
0.3266, 0.0532
0.3266, 0.0532
0.3266, 0.0532
0.3266, 0.0532
0.3266, 0.0532
0.3266, 0.0532
0.3266, 0.0532
0.3266, 0.0532
0.3266, 0.0557
0.3266, 0.0557
0.3266, 0.0557
0.3266, 0.0557
0.3266, 0.0557
0.3266, 0.0557
0.3266, 0.0557
0.3266, 0.0557
0.3266, 0.0557
0.3266, 0.0557
0.3266, 0.0557
0.3266, 0.0557
0.3266, 0.0582
0.3266, 0.0582
0.3266, 0.0582
0.3266, 0.0582
0.3266, 0.0582
0.3266, 0.0582
0.3266, 0.0582
0.3266, 0.0582
0.3266, 0.0582
0.3223, 0.0608
0.3223, 0.0608
0.3223, 0.0608
0.3223, 0.0608
0.3223, 0.0608
0.3223, 0.0608
0.3223, 0.0608
0.3223, 0.0608
0.3223, 0.0608
0.3223, 0.0608
0.3223, 0.0608
0.3223, 0.0608
0.3223, 0.0608
0.3223, 0.0608
0.3223, 0.0608
0.3223, 0.0633
0.3223, 0.0633
0.3223, 0.0633
0.3223, 0.0633
0.3223, 0.0633
0.3223, 0.0633
0.3223, 0.0633
0.3223, 0.0633
0.3180, 0.0658
0.3180, 0.0658
0.3180, 0.0658
0.3180, 0.0658
0.3180, 0.0658
0.3180, 0.0658
0.3180, 0.0658
0.3180, 0.0658
0.3180, 0.0658
0.3180, 0.0658
0.3180, 0.0658
0.3180, 0.0658
0.3180, 0.0658
0.3180, 0.0658
0.3180, 0.0684
0.3180, 0.0684
0.3180, 0.0684
0.3180, 0.0684
0.3180, 0.0684
0.3180, 0.0684
0.3180, 0.0709
0.3180, 0.0709
0.3180, 0.0709
0.3180, 0.0709
0.3180, 0.0709
0.3180, 0.0709
0.3180, 0.0709
0.3180, 0.0709
0.3180, 0.0709
0.3180, 0.0709
0.3180, 0.0709
0.3180, 0.0709
0.3180, 0.0709
0.3180, 0.0734
0.3180, 0.0734
0.3180, 0.0734
0.3180, 0.0734
0.3180, 0.0734
0.3180, 0.0734
0.3180, 0.0734
0.3180, 0.0759
0.3180, 0.0759
0.3180, 0.0759
0.3180, 0.0759
0.3180, 0.0759
0.3180, 0.0759
0.3180, 0.0759
0.3180, 0.0785
0.3180, 0.0785
0.3180, 0.0785
0.3180, 0.0785
0.3180, 0.0785
0.3180, 0.0785
0.3180, 0.0785
0.3180, 0.0785
0.3180, 0.0785
0.3180, 0.0785
0.3136, 0.0785
0.3136, 0.0785
0.3136, 0.0785
0.3136, 0.0785
0.3136, 0.0785
0.3136, 0.0785
0.3136, 0.0785
0.3136, 0.0785
0.3136, 0.0810
0.3136, 0.0810
0.3136, 0.0810
0.3136, 0.0810
0.3136, 0.0810
0.3136, 0.0810
0.3136, 0.0810
0.3136, 0.0810
0.3136, 0.0835
0.3136, 0.0835
0.3136, 0.0835
0.3136, 0.0835
0.3136, 0.0835
0.3136, 0.0835
0.3136, 0.0835
0.3136, 0.0835
0.3136, 0.0835
0.3136, 0.0835
0.3136, 0.0835
0.3136, 0.0861
0.3136, 0.0861
0.3136, 0.0861
0.3136, 0.0861
0.3093, 0.0886
0.3093, 0.0886
0.3093, 0.0886
0.3093, 0.0886
0.3093, 0.0911
0.3093, 0.0911
0.3093, 0.0911
0.3093, 0.0911
0.3093, 0.0911
0.3093, 0.0911
0.3093, 0.0911
0.3093, 0.0911
0.3093, 0.0911
0.3093, 0.0911
0.3093, 0.0911
0.3093, 0.0937
0.3093, 0.0937
0.3093, 0.0937
0.3093, 0.0937
0.3093, 0.0937
0.3093, 0.0937
0.3093, 0.0937
0.3093, 0.0937
0.3093, 0.0962
0.3093, 0.0962
0.3093, 0.0962
0.3093, 0.0962
0.3093, 0.0962
0.3093, 0.0962
0.3093, 0.0962
0.3093, 0.0962
0.3093, 0.0962
0.3093, 0.0962
0.3093, 0.0962
0.3093, 0.0962
0.3093, 0.0962
0.3093, 0.0987
0.3093, 0.0987
0.3093, 0.0987
0.3093, 0.0987
0.3093, 0.0987
0.3093, 0.0987
0.3093, 0.0987
0.3093, 0.1013
0.3093, 0.1013
0.3093, 0.1013
0.3093, 0.1013
0.3093, 0.1038
0.3093, 0.1038
0.3093, 0.1038
0.3093, 0.1038
0.3093, 0.1038
0.3093, 0.1038
0.3093, 0.1038
0.3093, 0.1038
0.3093, 0.1038
0.3093, 0.1038
0.3093, 0.1063
0.3093, 0.1063
0.3093, 0.1063
0.3093, 0.1063
0.3093, 0.1089
0.3093, 0.1089
0.3093, 0.1089
0.3093, 0.1089
0.3093, 0.1089
0.3093, 0.1089
0.3093, 0.1089
0.3093, 0.1089
0.3093, 0.1089
0.3093, 0.1089
0.3093, 0.1089
0.3093, 0.1089
0.3093, 0.1089
0.3093, 0.1089
0.3093, 0.1089
0.3093, 0.1089
0.3093, 0.1114
0.3093, 0.1114
0.3093, 0.1114
0.3093, 0.1114
0.3093, 0.1114
0.3093, 0.1114
0.3093, 0.1114
0.3093, 0.1114
0.3093, 0.1114
0.3093, 0.1114
0.3093, 0.1114
0.3093, 0.1114
0.3093, 0.1139
0.3093, 0.1139
0.3093, 0.1139
0.3093, 0.1139
0.3093, 0.1165
0.3093, 0.1165
0.3093, 0.1165
0.3093, 0.1165
0.3093, 0.1165
0.3093, 0.1165
0.3093, 0.1165
0.3093, 0.1165
0.3093, 0.1165
0.3093, 0.1165
0.3093, 0.1165
0.3093, 0.1165
0.3093, 0.1190
0.3093, 0.1190
0.3093, 0.1190
0.3093, 0.1215
0.3093, 0.1215
0.3093, 0.1215
0.3093, 0.1215
0.3093, 0.1215
0.3093, 0.1215
0.3093, 0.1215
0.3093, 0.1215
0.3093, 0.1215
0.3093, 0.1215
0.3093, 0.1215
0.3093, 0.1215
0.3093, 0.1241
0.3093, 0.1241
0.3093, 0.1241
0.3093, 0.1241
0.3093, 0.1266
0.3093, 0.1266
0.3093, 0.1266
0.3093, 0.1266
0.3093, 0.1291
0.3093, 0.1291
0.3093, 0.1291
0.3093, 0.1291
0.3093, 0.1291
0.3093, 0.1291
0.3093, 0.1291
0.3093, 0.1316
0.3093, 0.1316
0.3093, 0.1316
0.3093, 0.1342
0.3093, 0.1342
0.3093, 0.1342
0.3093, 0.1342
0.3093, 0.1342
0.3093, 0.1342
0.3093, 0.1342
0.3093, 0.1367
0.3093, 0.1367
0.3093, 0.1367
0.3093, 0.1367
0.3093, 0.1367
0.3093, 0.1367
0.3093, 0.1367
0.3093, 0.1392
0.3093, 0.1392
0.3093, 0.1392
0.3093, 0.1392
0.3093, 0.1418
0.3093, 0.1418
0.3093, 0.1418
0.3093, 0.1418
0.3093, 0.1418
0.3093, 0.1418
0.3093, 0.1418
0.3093, 0.1443
0.3093, 0.1443
0.3093, 0.1443
0.3093, 0.1443
0.3093, 0.1468
0.3093, 0.1468
0.3093, 0.1468
0.3093, 0.1468
0.3093, 0.1468
0.3093, 0.1468
0.3093, 0.1468
0.3093, 0.1494
0.3093, 0.1494
0.3093, 0.1494
0.3093, 0.1494
0.3093, 0.1519
0.3093, 0.1519
0.3093, 0.1519
0.3093, 0.1519
0.3093, 0.1519
0.3093, 0.1519
0.3093, 0.1519
0.3093, 0.1519
0.3093, 0.1519
0.3093, 0.1519
0.3093, 0.1519
0.3093, 0.1519
0.3093, 0.1544
0.3093, 0.1544
0.3093, 0.1544
0.3093, 0.1570
0.3093, 0.1570
0.3093, 0.1570
0.3093, 0.1570
0.3093, 0.1595
0.3093, 0.1595
0.3093, 0.1595
0.3093, 0.1595
0.3093, 0.1595
0.3093, 0.1595
0.3093, 0.1595
0.3093, 0.1620
0.3093, 0.1620
0.3093, 0.1620
0.3093, 0.1620
0.3093, 0.1646
0.3093, 0.1646
0.3093, 0.1646
0.3093, 0.1646
0.3093, 0.1646
0.3093, 0.1646
0.3093, 0.1646
0.3093, 0.1646
0.3093, 0.1646
0.3093, 0.1646
0.3093, 0.1646
0.3093, 0.1671
0.3093, 0.1671
0.3093, 0.1671
0.3093, 0.1671
0.3093, 0.1696
0.3093, 0.1696
0.3093, 0.1696
0.3093, 0.1696
0.3093, 0.1696
0.3093, 0.1696
0.3093, 0.1696
0.3093, 0.1722
0.3093, 0.1722
0.3093, 0.1722
0.3093, 0.1722
0.3093, 0.1722
0.3093, 0.1722
0.3093, 0.1722
0.3093, 0.1722
0.3093, 0.1722
0.3093, 0.1722
0.3093, 0.1722
0.3093, 0.1747
0.3093, 0.1747
0.3093, 0.1747
0.3093, 0.1747
0.3093, 0.1747
0.3093, 0.1747
0.3093, 0.1747
0.3093, 0.1772
0.3093, 0.1772
0.3093, 0.1772
0.3093, 0.1772
0.3093, 0.1772
0.3093, 0.1772
0.3093, 0.1772
0.3093, 0.1772
0.3093, 0.1772
0.3093, 0.1772
0.3093, 0.1772
0.3136, 0.1797
0.3136, 0.1797
0.3136, 0.1797
0.3136, 0.1797
0.3136, 0.1797
0.3136, 0.1797
0.3136, 0.1797
0.3136, 0.1823
0.3136, 0.1823
0.3136, 0.1823
0.3136, 0.1823
0.3136, 0.1823
0.3136, 0.1823
0.3136, 0.1823
0.3136, 0.1823
0.3136, 0.1848
0.3136, 0.1848
0.3136, 0.1848
0.3136, 0.1848
0.3136, 0.1848
0.3136, 0.1848
0.3136, 0.1848
0.3136, 0.1848
0.3136, 0.1848
0.3136, 0.1848
0.3136, 0.1848
0.3136, 0.1848
0.3136, 0.1848
0.3136, 0.1848
0.3136, 0.1848
0.3136, 0.1873
0.3136, 0.1873
0.3136, 0.1873
0.3136, 0.1899
0.3136, 0.1899
0.3136, 0.1899
0.3136, 0.1899
0.3136, 0.1899
0.3136, 0.1899
0.3136, 0.1899
0.3136, 0.1899
0.3136, 0.1899
0.3136, 0.1899
0.3136, 0.1899
0.3136, 0.1899
0.3180, 0.1924
0.3180, 0.1924
0.3180, 0.1924
0.3180, 0.1949
0.3180, 0.1949
0.3180, 0.1949
0.3180, 0.1949
0.3180, 0.1975
0.3180, 0.1975
0.3180, 0.1975
0.3180, 0.1975
0.3180, 0.1975
0.3180, 0.1975
0.3180, 0.1975
0.3180, 0.1975
0.3180, 0.1975
0.3180, 0.1975
0.3180, 0.1975
0.3180, 0.2000
0.3180, 0.2000
0.3180, 0.2000
0.3180, 0.2000
0.3223, 0.2000
0.3223, 0.2000
0.3223, 0.2000
0.3223, 0.2000
0.3223, 0.2025
0.3223, 0.2025
0.3223, 0.2025
0.3223, 0.2025
0.3223, 0.2025
0.3223, 0.2025
0.3223, 0.2025
0.3223, 0.2025
0.3223, 0.2025
0.3223, 0.2025
0.3223, 0.2025
0.3223, 0.2051
0.3223, 0.2051
0.3223, 0.2051
0.3223, 0.2076
0.3223, 0.2076
0.3223, 0.2076
0.3223, 0.2101
0.3223, 0.2101
0.3223, 0.2101
0.3223, 0.2101
0.3266, 0.2101
0.3266, 0.2101
0.3266, 0.2101
0.3266, 0.2101
0.3266, 0.2101
0.3266, 0.2101
0.3266, 0.2101
0.3266, 0.2127
0.3266, 0.2127
0.3266, 0.2127
0.3266, 0.2127
0.3266, 0.2152
0.3266, 0.2152
0.3266, 0.2152
0.3266, 0.2152
0.3266, 0.2152
0.3266, 0.2152
0.3266, 0.2152
0.3266, 0.2152
0.3266, 0.2152
0.3266, 0.2152
0.3266, 0.2177
0.3266, 0.2177
0.3266, 0.2177
0.3266, 0.2177
0.3266, 0.2203
0.3266, 0.2203
0.3266, 0.2203
0.3266, 0.2228
0.3266, 0.2228
0.3266, 0.2228
0.3266, 0.2228
0.3266, 0.2228
0.3266, 0.2228
0.3266, 0.2228
0.3266, 0.2228
0.3266, 0.2228
0.3266, 0.2228
0.3266, 0.2253
0.3266, 0.2253
0.3266, 0.2253
0.3266, 0.2253
0.3266, 0.2278
0.3266, 0.2278
0.3266, 0.2278
0.3266, 0.2278
0.3266, 0.2278
0.3266, 0.2278
0.3266, 0.2278
0.3266, 0.2304
0.3266, 0.2304
0.3266, 0.2304
0.3266, 0.2304
0.3266, 0.2304
0.3266, 0.2304
0.3266, 0.2304
0.3266, 0.2329
0.3266, 0.2329
0.3266, 0.2329
0.3309, 0.2329
0.3309, 0.2329
0.3309, 0.2329
0.3309, 0.2329
0.3309, 0.2329
0.3309, 0.2329
0.3309, 0.2329
0.3309, 0.2329
0.3309, 0.2354
0.3309, 0.2354
0.3309, 0.2354
0.3309, 0.2380
0.3309, 0.2380
0.3309, 0.2380
0.3309, 0.2380
0.3309, 0.2405
0.3309, 0.2405
0.3309, 0.2405
0.3309, 0.2405
0.3309, 0.2405
0.3309, 0.2405
0.3309, 0.2430
0.3309, 0.2430
0.3309, 0.2430
0.3309, 0.2430
0.3353, 0.2456
0.3353, 0.2456
0.3353, 0.2456
0.3353, 0.2456
0.3353, 0.2456
0.3353, 0.2456
0.3353, 0.2456
0.3353, 0.2481
0.3353, 0.2481
0.3353, 0.2481
0.3353, 0.2481
0.3353, 0.2481
0.3353, 0.2481
0.3353, 0.2481
0.3353, 0.2481
0.3353, 0.2506
0.3353, 0.2506
0.3353, 0.2506
0.3353, 0.2532
0.3353, 0.2532
0.3353, 0.2532
0.3353, 0.2532
0.3353, 0.2532
0.3353, 0.2532
0.3353, 0.2532
0.3353, 0.2532
0.3353, 0.2532
0.3353, 0.2532
0.3353, 0.2532
0.3353, 0.2557
0.3353, 0.2557
0.3353, 0.2557
0.3353, 0.2557
0.3396, 0.2582
0.3396, 0.2582
0.3396, 0.2582
0.3396, 0.2582
0.3396, 0.2582
0.3396, 0.2582
0.3396, 0.2582
0.3396, 0.2582
0.3396, 0.2582
0.3396, 0.2582
0.3396, 0.2582
0.3396, 0.2608
0.3396, 0.2608
0.3396, 0.2608
0.3440, 0.2608
0.3440, 0.2608
0.3440, 0.2608
0.3440, 0.2608
0.3440, 0.2633
0.3440, 0.2633
0.3440, 0.2633
0.3440, 0.2658
0.3440, 0.2658
0.3440, 0.2658
0.3440, 0.2658
0.3440, 0.2658
0.3440, 0.2658
0.3440, 0.2658
0.3440, 0.2658
0.3484, 0.2658
0.3484, 0.2658
0.3484, 0.2658
0.3484, 0.2684
0.3484, 0.2684
0.3484, 0.2684
0.3484, 0.2684
0.3484, 0.2684
0.3484, 0.2684
0.3484, 0.2684
0.3484, 0.2709
0.3484, 0.2709
0.3484, 0.2709
0.3484, 0.2709
0.3484, 0.2709
0.3484, 0.2709
0.3484, 0.2709
0.3527, 0.2709
0.3527, 0.2709
0.3527, 0.2709
0.3527, 0.2734
0.3527, 0.2734
0.3527, 0.2734
0.3527, 0.2759
0.3527, 0.2759
0.3527, 0.2759
0.3527, 0.2759
0.3570, 0.2759
0.3570, 0.2759
0.3570, 0.2759
0.3570, 0.2785
0.3570, 0.2785
0.3570, 0.2785
0.3570, 0.2785
0.3570, 0.2785
0.3570, 0.2785
0.3570, 0.2785
0.3570, 0.2785
0.3570, 0.2785
0.3570, 0.2785
0.3570, 0.2785
0.3570, 0.2810
0.3570, 0.2810
0.3570, 0.2810
0.3570, 0.2810
0.3570, 0.2810
0.3570, 0.2810
0.3570, 0.2810
0.3614, 0.2835
0.3614, 0.2835
0.3614, 0.2835
0.3614, 0.2835
0.3614, 0.2835
0.3614, 0.2835
0.3614, 0.2835
0.3614, 0.2835
0.3614, 0.2835
0.3614, 0.2835
0.3614, 0.2835
0.3657, 0.2861
0.3657, 0.2861
0.3657, 0.2861
0.3657, 0.2861
0.3657, 0.2861
0.3657, 0.2861
0.3657, 0.2861
0.3657, 0.2886
0.3657, 0.2886
0.3657, 0.2886
0.3657, 0.2886
0.3657, 0.2886
0.3657, 0.2886
0.3657, 0.2886
0.3657, 0.2911
0.3657, 0.2911
0.3657, 0.2911
0.3657, 0.2911
0.3657, 0.2911
0.3657, 0.2911
0.3657, 0.2911
0.3657, 0.2911
0.3657, 0.2911
0.3657, 0.2911
0.3657, 0.2911
0.3700, 0.2911
0.3700, 0.2911
0.3700, 0.2911
0.3700, 0.2911
0.3700, 0.2911
0.3700, 0.2911
0.3700, 0.2911
0.3700, 0.2937
0.3700, 0.2937
0.3700, 0.2937
0.3743, 0.2937
0.3743, 0.2937
0.3743, 0.2937
0.3743, 0.2962
0.3743, 0.2962
0.3743, 0.2962
0.3743, 0.2962
0.3743, 0.2962
0.3743, 0.2962
0.3787, 0.2962
0.3787, 0.2962
0.3787, 0.2962
0.3787, 0.2962
0.3787, 0.2962
0.3787, 0.2962
0.3787, 0.2962
0.3787, 0.2962
0.3787, 0.2962
0.3787, 0.2962
0.3787, 0.2987
0.3787, 0.2987
0.3787, 0.2987
0.3787, 0.2987
0.3787, 0.2987
0.3787, 0.2987
0.3787, 0.2987
0.3830, 0.3013
0.3830, 0.3013
0.3830, 0.3013
0.3830, 0.3013
0.3830, 0.3038
0.3830, 0.3038
0.3830, 0.3038
0.3873, 0.3038
0.3873, 0.3038
0.3873, 0.3038
0.3873, 0.3038
0.3873, 0.3038
0.3873, 0.3038
0.3873, 0.3038
0.3873, 0.3038
0.3873, 0.3038
0.3873, 0.3038
0.3873, 0.3038
0.3873, 0.3063
0.3873, 0.3063
0.3873, 0.3063
0.3873, 0.3063
0.3873, 0.3063
0.3873, 0.3063
0.3873, 0.3063
0.3917, 0.3089
0.3917, 0.3089
0.3917, 0.3089
0.3917, 0.3089
0.3917, 0.3089
0.3917, 0.3089
0.3917, 0.3089
0.3960, 0.3089
0.3960, 0.3089
0.3960, 0.3089
0.3960, 0.3089
0.3960, 0.3089
0.3960, 0.3089
0.3960, 0.3114
0.3960, 0.3114
0.3960, 0.3114
0.3960, 0.3114
0.4003, 0.3114
0.4003, 0.3114
0.4003, 0.3114
0.4003, 0.3139
0.4003, 0.3139
0.4003, 0.3139
0.4003, 0.3139
0.4003, 0.3139
0.4003, 0.3139
0.4003, 0.3139
0.4003, 0.3139
0.4003, 0.3139
0.4003, 0.3139
0.4003, 0.3139
0.4003, 0.3139
0.4003, 0.3139
0.4003, 0.3139
0.4046, 0.3165
0.4046, 0.3165
0.4046, 0.3165
0.4046, 0.3165
0.4046, 0.3165
0.4046, 0.3165
0.4046, 0.3165
0.4090, 0.3190
0.4090, 0.3190
0.4090, 0.3190
0.4090, 0.3190
0.4090, 0.3190
0.4090, 0.3190
0.4090, 0.3190
0.4090, 0.3215
0.4090, 0.3215
0.4090, 0.3215
0.4090, 0.3215
0.4090, 0.3215
0.4090, 0.3215
0.4090, 0.3215
0.4090, 0.3215
0.4090, 0.3215
0.4090, 0.3215
0.4133, 0.3215
0.4133, 0.3215
0.4133, 0.3215
0.4133, 0.3215
0.4133, 0.3241
0.4133, 0.3241
0.4133, 0.3241
0.4176, 0.3266
0.4176, 0.3266
0.4176, 0.3266
0.4176, 0.3266
0.4176, 0.3266
0.4176, 0.3266
0.4176, 0.3266
0.4220, 0.3266
0.4220, 0.3266
0.4220, 0.3266
0.4220, 0.3266
0.4220, 0.3266
0.4220, 0.3266
0.4220, 0.3266
0.4220, 0.3291
0.4220, 0.3291
0.4220, 0.3291
0.4220, 0.3291
0.4220, 0.3291
0.4220, 0.3291
0.4220, 0.3291
0.4220, 0.3291
0.4220, 0.3291
0.4220, 0.3291
0.4263, 0.3316
0.4263, 0.3316
0.4263, 0.3316
0.4263, 0.3316
0.4263, 0.3316
0.4263, 0.3316
0.4263, 0.3316
0.4263, 0.3316
0.4263, 0.3316
0.4263, 0.3316
0.4306, 0.3342
0.4306, 0.3342
0.4306, 0.3342
0.4306, 0.3342
0.4306, 0.3342
0.4306, 0.3342
0.4306, 0.3342
0.4306, 0.3342
0.4306, 0.3342
0.4306, 0.3342
0.4306, 0.3342
0.4306, 0.3342
0.4306, 0.3342
0.4306, 0.3342
0.4306, 0.3342
0.4306, 0.3342
0.4306, 0.3342
0.4306, 0.3342
0.4306, 0.3342
0.4350, 0.3342
0.4350, 0.3342
0.4350, 0.3342
0.4350, 0.3367
0.4350, 0.3367
0.4350, 0.3367
0.4393, 0.3392
0.4393, 0.3392
0.4393, 0.3392
0.4393, 0.3392
0.4393, 0.3392
0.4393, 0.3392
0.4393, 0.3392
0.4436, 0.3392
0.4436, 0.3392
0.4436, 0.3392
0.4436, 0.3392
0.4436, 0.3392
0.4436, 0.3392
0.4436, 0.3392
0.4436, 0.3392
0.4436, 0.3392
0.4436, 0.3418
0.4436, 0.3418
0.4436, 0.3418
0.4480, 0.3418
0.4480, 0.3418
0.4480, 0.3418
0.4480, 0.3443
0.4480, 0.3443
0.4480, 0.3443
0.4524, 0.3443
0.4524, 0.3443
0.4524, 0.3443
0.4524, 0.3443
0.4524, 0.3468
0.4524, 0.3468
0.4524, 0.3468
0.4524, 0.3468
0.4524, 0.3468
0.4524, 0.3468
0.4567, 0.3468
0.4567, 0.3468
0.4567, 0.3468
0.4567, 0.3468
0.4567, 0.3468
0.4567, 0.3468
0.4610, 0.3468
0.4610, 0.3468
0.4610, 0.3468
0.4610, 0.3468
0.4610, 0.3468
0.4610, 0.3468
0.4610, 0.3468
0.4610, 0.3494
0.4610, 0.3494
0.4610, 0.3494
0.4654, 0.3494
0.4654, 0.3494
0.4654, 0.3494
0.4654, 0.3494
0.4654, 0.3494
0.4654, 0.3494
0.4654, 0.3494
0.4654, 0.3494
0.4654, 0.3494
0.4654, 0.3494
0.4654, 0.3519
0.4654, 0.3519
0.4654, 0.3519
0.4697, 0.3519
0.4697, 0.3519
0.4697, 0.3519
0.4697, 0.3519
0.4697, 0.3519
0.4697, 0.3519
0.4697, 0.3519
0.4740, 0.3519
0.4740, 0.3519
0.4740, 0.3519
0.4740, 0.3519
0.4740, 0.3519
0.4740, 0.3519
0.4740, 0.3544
0.4740, 0.3544
0.4740, 0.3544
0.4784, 0.3544
0.4784, 0.3544
0.4784, 0.3544
0.4827, 0.3544
0.4827, 0.3544
0.4827, 0.3544
0.4827, 0.3570
0.4827, 0.3570
0.4827, 0.3570
0.4870, 0.3570
0.4870, 0.3570
0.4870, 0.3570
0.4870, 0.3570
0.4870, 0.3570
0.4870, 0.3570
0.4870, 0.3570
0.4870, 0.3570
0.4870, 0.3570
0.4913, 0.3570
0.4913, 0.3570
0.4913, 0.3570
0.4913, 0.3595
0.4913, 0.3595
0.4913, 0.3595
0.4913, 0.3595
0.4957, 0.3595
0.4957, 0.3595
0.4957, 0.3595
0.4957, 0.3595
0.4957, 0.3595
0.5000, 0.3595
0.5000, 0.3595
0.5000, 0.3595
0.5000, 0.3595
0.5000, 0.3595
0.5000, 0.3595
0.5000, 0.3595
0.5043, 0.3595
0.5043, 0.3595
0.5043, 0.3595
0.5043, 0.3595
0.5043, 0.3595
0.5043, 0.3595
0.5043, 0.3620
0.5043, 0.3620
0.5043, 0.3620
0.5087, 0.3620
0.5087, 0.3620
0.5087, 0.3620
0.5087, 0.3620
0.5087, 0.3620
0.5087, 0.3620
0.5087, 0.3620
0.5087, 0.3620
0.5087, 0.3620
0.5087, 0.3620
0.5130, 0.3620
0.5130, 0.3620
0.5130, 0.3620
0.5130, 0.3620
0.5130, 0.3620
0.5130, 0.3620
0.5130, 0.3620
0.5130, 0.3620
0.5130, 0.3620
0.5130, 0.3620
0.5173, 0.3620
0.5173, 0.3620
0.5173, 0.3620
0.5173, 0.3646
0.5173, 0.3646
0.5173, 0.3646
0.5173, 0.3646
0.5173, 0.3646
0.5173, 0.3646
0.5216, 0.3646
0.5216, 0.3646
0.5216, 0.3646
0.5260, 0.3646
0.5260, 0.3646
0.5260, 0.3646
0.5260, 0.3646
0.5260, 0.3646
0.5260, 0.3646
0.5260, 0.3646
0.5260, 0.3646
0.5260, 0.3646
0.5260, 0.3646
0.5260, 0.3646
0.5260, 0.3646
0.5260, 0.3646
0.5303, 0.3646
0.5303, 0.3646
0.5303, 0.3646
0.5303, 0.3646
0.5303, 0.3646
0.5303, 0.3646
0.5346, 0.3671
0.5346, 0.3671
0.5346, 0.3671
0.5346, 0.3671
0.5346, 0.3671
0.5346, 0.3671
0.5346, 0.3671
0.5390, 0.3671
0.5390, 0.3671
0.5390, 0.3671
0.5390, 0.3671
0.5390, 0.3671
0.5390, 0.3671
0.5390, 0.3671
0.5390, 0.3671
0.5390, 0.3671
0.5390, 0.3671
0.5390, 0.3696
0.5390, 0.3696
0.5390, 0.3696
0.5433, 0.3696
0.5433, 0.3696
0.5433, 0.3696
0.5476, 0.3696
0.5476, 0.3696
0.5476, 0.3696
0.5476, 0.3722
0.5476, 0.3722
0.5476, 0.3722
0.5476, 0.3722
0.5476, 0.3722
0.5476, 0.3722
0.5476, 0.3722
0.5520, 0.3722
0.5520, 0.3722
0.5520, 0.3722
0.5520, 0.3722
0.5520, 0.3722
0.5520, 0.3722
0.5520, 0.3722
0.5520, 0.3722
0.5520, 0.3722
0.5520, 0.3722
0.5564, 0.3722
0.5564, 0.3722
0.5564, 0.3722
0.5564, 0.3722
0.5564, 0.3722
0.5564, 0.3722
0.5607, 0.3722
0.5607, 0.3722
0.5607, 0.3722
0.5607, 0.3747
0.5607, 0.3747
0.5607, 0.3747
0.5607, 0.3747
0.5607, 0.3747
0.5607, 0.3747
0.5607, 0.3747
0.5607, 0.3747
0.5607, 0.3747
0.5607, 0.3747
0.5650, 0.3772
0.5650, 0.3772
0.5650, 0.3772
0.5694, 0.3772
0.5694, 0.3772
0.5694, 0.3772
0.5694, 0.3772
0.5694, 0.3772
0.5694, 0.3772
0.5694, 0.3772
0.5694, 0.3772
0.5694, 0.3772
0.5694, 0.3772
0.5737, 0.3772
0.5737, 0.3772
0.5737, 0.3772
0.5737, 0.3772
0.5737, 0.3772
0.5737, 0.3772
0.5737, 0.3772
0.5737, 0.3772
0.5780, 0.3772
0.5780, 0.3772
0.5780, 0.3797
0.5780, 0.3797
0.5780, 0.3797
0.5780, 0.3797
0.5780, 0.3797
0.5780, 0.3797
0.5824, 0.3797
0.5824, 0.3797
0.5824, 0.3797
0.5824, 0.3797
0.5824, 0.3797
0.5824, 0.3823
0.5824, 0.3823
0.5824, 0.3823
0.5824, 0.3823
0.5824, 0.3823
0.5824, 0.3823
0.5824, 0.3823
0.5824, 0.3823
0.5824, 0.3823
0.5824, 0.3823
0.5824, 0.3823
0.5867, 0.3823
0.5867, 0.3823
0.5867, 0.3823
0.5867, 0.3823
0.5867, 0.3823
0.5910, 0.3848
0.5910, 0.3848
0.5910, 0.3848
0.5910, 0.3848
0.5910, 0.3848
0.5910, 0.3848
0.5910, 0.3848
0.5910, 0.3848
0.5910, 0.3848
0.5910, 0.3848
0.5910, 0.3848
0.5910, 0.3848
0.5910, 0.3848
0.5910, 0.3848
0.5954, 0.3848
0.5954, 0.3848
0.5954, 0.3848
0.5954, 0.3848
0.5954, 0.3848
0.5954, 0.3848
0.5954, 0.3848
0.5954, 0.3848
0.5954, 0.3848
0.5954, 0.3848
0.5954, 0.3848
0.5954, 0.3848
0.5997, 0.3848
0.5997, 0.3848
0.5997, 0.3848
0.5997, 0.3848
0.5997, 0.3848
0.5997, 0.3848
0.5997, 0.3848
0.5997, 0.3848
0.6040, 0.3848
0.6040, 0.3848
0.6040, 0.3848
0.6040, 0.3848
0.6040, 0.3848
0.6040, 0.3848
0.6040, 0.3848
0.6040, 0.3848
0.6040, 0.3848
0.6040, 0.3848
0.6040, 0.3848
0.6040, 0.3848
0.6040, 0.3848
0.6040, 0.3848
0.6083, 0.3848
0.6083, 0.3848
0.6083, 0.3848
0.6083, 0.3848
0.6083, 0.3848
0.6127, 0.3848
0.6127, 0.3848
0.6127, 0.3848
0.6127, 0.3848
0.6127, 0.3848
0.6127, 0.3848
0.6127, 0.3848
0.6127, 0.3848
0.6127, 0.3848
0.6127, 0.3848
0.6127, 0.3848
0.6170, 0.3848
0.6170, 0.3848
0.6170, 0.3848
0.6213, 0.3848
0.6213, 0.3848
0.6257, 0.3848
0.6257, 0.3848
0.6257, 0.3848
0.6257, 0.3873
0.6257, 0.3873
0.6257, 0.3873
0.6257, 0.3873
0.6257, 0.3873
0.6300, 0.3873
0.6300, 0.3873
0.6300, 0.3873
0.6343, 0.3873
0.6343, 0.3873
0.6343, 0.3873
0.6343, 0.3873
0.6343, 0.3873
0.6386, 0.3873
0.6386, 0.3873
0.6386, 0.3873
0.6386, 0.3873
0.6386, 0.3873
0.6430, 0.3873
0.6430, 0.3873
0.6430, 0.3873
0.6430, 0.3873
0.6430, 0.3873
0.6430, 0.3873
0.6430, 0.3873
0.6430, 0.3873
0.6473, 0.3873
0.6473, 0.3873
0.6473, 0.3873
0.6473, 0.3873
0.6473, 0.3873
0.6473, 0.3873
0.6516, 0.3873
0.6516, 0.3873
0.6560, 0.3873
0.6560, 0.3873
0.6560, 0.3873
0.6560, 0.3873
0.6560, 0.3873
0.6560, 0.3873
0.6560, 0.3873
0.6560, 0.3873
0.6604, 0.3873
0.6604, 0.3873
0.6604, 0.3873
0.6647, 0.3873
0.6647, 0.3873
0.6647, 0.3873
0.6647, 0.3873
0.6647, 0.3873
0.6647, 0.3873
0.6647, 0.3873
0.6647, 0.3873
0.6647, 0.3873
0.6691, 0.3873
0.6691, 0.3873
0.6691, 0.3873
0.6691, 0.3873
0.6691, 0.3873
0.6734, 0.3873
0.6734, 0.3873
0.6734, 0.3873
0.6734, 0.3873
0.6734, 0.3873
0.6777, 0.3873
0.6777, 0.3873
0.6777, 0.3873
0.6777, 0.3873
0.6777, 0.3873
0.6777, 0.3873
0.6777, 0.3873
0.6777, 0.3873
0.6777, 0.3873
0.6777, 0.3873
0.6777, 0.3873
0.6777, 0.3873
0.6777, 0.3873
0.6777, 0.3873
0.6777, 0.3848
0.6777, 0.3848
0.6820, 0.3848
0.6820, 0.3848
0.6820, 0.3848
0.6820, 0.3848
0.6820, 0.3848
0.6864, 0.3848
0.6864, 0.3848
0.6864, 0.3848
0.6864, 0.3848
0.6864, 0.3848
0.6907, 0.3823
0.6907, 0.3823
0.6907, 0.3823
0.6950, 0.3823
0.6950, 0.3823
0.6950, 0.3823
0.6994, 0.3823
0.6994, 0.3823
0.7037, 0.3797
0.7037, 0.3797
0.7080, 0.3797
0.7080, 0.3797
0.7080, 0.3797
0.7124, 0.3797
0.7124, 0.3797
0.7124, 0.3797
0.7124, 0.3797
0.7124, 0.3797
0.7167, 0.3797
0.7167, 0.3797
0.7167, 0.3797
0.7167, 0.3797
0.7167, 0.3797
0.7167, 0.3797
0.7210, 0.3772
0.7210, 0.3772
0.7210, 0.3772
0.7210, 0.3772
0.7210, 0.3772
0.7210, 0.3772
0.7210, 0.3772
0.7210, 0.3772
0.7210, 0.3772
0.7210, 0.3772
0.7253, 0.3772
0.7253, 0.3772
0.7253, 0.3772
0.7297, 0.3747
0.7297, 0.3747
0.7297, 0.3747
0.7297, 0.3747
0.7297, 0.3747
0.7340, 0.3747
0.7340, 0.3747
0.7340, 0.3747
0.7340, 0.3747
0.7340, 0.3747
0.7383, 0.3722
0.7383, 0.3722
0.7383, 0.3722
0.7427, 0.3722
0.7427, 0.3722
0.7427, 0.3722
0.7427, 0.3722
0.7427, 0.3722
0.7427, 0.3722
0.7427, 0.3722
0.7470, 0.3722
0.7470, 0.3722
0.7470, 0.3722
0.7513, 0.3722
0.7513, 0.3722
0.7556, 0.3696
0.7556, 0.3696
0.7556, 0.3696
0.7556, 0.3696
0.7556, 0.3696
0.7556, 0.3696
0.7556, 0.3696
0.7556, 0.3696
0.7556, 0.3696
0.7600, 0.3696
0.7600, 0.3696
0.7644, 0.3671
0.7644, 0.3671
0.7644, 0.3671
0.7644, 0.3671
0.7644, 0.3671
0.7687, 0.3671
0.7687, 0.3671
0.7687, 0.3671
0.7731, 0.3671
0.7731, 0.3671
0.7774, 0.3671
0.7774, 0.3671
0.7774, 0.3671
0.7774, 0.3646
0.7774, 0.3646
0.7817, 0.3646
0.7817, 0.3646
0.7817, 0.3646
0.7861, 0.3646
0.7861, 0.3646
0.7904, 0.3620
0.7904, 0.3620
0.7904, 0.3620
0.7904, 0.3620
0.7904, 0.3620
0.7947, 0.3620
0.7947, 0.3620
0.7947, 0.3620
0.7990, 0.3595
0.7990, 0.3595
0.7990, 0.3595
0.7990, 0.3595
0.7990, 0.3595
0.7990, 0.3595
0.7990, 0.3595
0.7990, 0.3595
0.7990, 0.3595
0.7990, 0.3595
0.7990, 0.3595
0.7990, 0.3595
0.7990, 0.3595
0.8034, 0.3595
0.8034, 0.3595
0.8034, 0.3595
0.8034, 0.3595
0.8034, 0.3595
0.8034, 0.3595
0.8034, 0.3595
0.8034, 0.3595
0.8034, 0.3595
0.8034, 0.3595
0.8077, 0.3595
0.8077, 0.3595
0.8077, 0.3595
0.8077, 0.3595
0.8077, 0.3595
0.8077, 0.3595
0.8077, 0.3595
0.8077, 0.3595
0.8077, 0.3595
0.8077, 0.3570
0.8077, 0.3570
0.8077, 0.3570
0.8077, 0.3570
0.8077, 0.3570
0.8077, 0.3570
0.8077, 0.3570
0.8077, 0.3570
0.8077, 0.3570
0.8077, 0.3570
0.8120, 0.3570
0.8120, 0.3570
0.8120, 0.3570
0.8120, 0.3544
0.8120, 0.3544
0.8120, 0.3544
0.8120, 0.3544
0.8120, 0.3544
0.8120, 0.3544
0.8120, 0.3544
0.8120, 0.3544
0.8120, 0.3544
0.8120, 0.3544
0.8120, 0.3544
0.8164, 0.3544
0.8164, 0.3544
0.8164, 0.3544
0.8164, 0.3544
0.8164, 0.3544
0.8207, 0.3544
0.8207, 0.3544
0.8207, 0.3544
0.8207, 0.3544
0.8207, 0.3544
0.8207, 0.3544
0.8207, 0.3544
0.8207, 0.3544
0.8207, 0.3519
0.8207, 0.3519
0.8207, 0.3519
0.8207, 0.3519
0.8207, 0.3519
0.8207, 0.3519
0.8207, 0.3519
0.8207, 0.3519
0.8250, 0.3494
0.8250, 0.3494
0.8250, 0.3494
0.8250, 0.3494
0.8250, 0.3494
0.8250, 0.3494
0.8250, 0.3494
0.8250, 0.3494
0.8250, 0.3494
0.8294, 0.3494
0.8294, 0.3494
0.8294, 0.3494
0.8294, 0.3494
0.8294, 0.3494
0.8294, 0.3468
0.8294, 0.3468
0.8294, 0.3468
0.8294, 0.3468
0.8294, 0.3468
0.8294, 0.3468
0.8294, 0.3468
0.8294, 0.3468
0.8294, 0.3468
0.8294, 0.3468
0.8337, 0.3468
0.8337, 0.3468
0.8337, 0.3468
0.8337, 0.3468
0.8337, 0.3468
0.8337, 0.3468
0.8337, 0.3468
0.8337, 0.3468
0.8380, 0.3468
0.8380, 0.3468
0.8380, 0.3443
0.8380, 0.3443
0.8380, 0.3443
0.8380, 0.3443
0.8380, 0.3443
0.8380, 0.3443
0.8423, 0.3443
0.8423, 0.3443
0.8423, 0.3418
0.8423, 0.3418
0.8423, 0.3418
0.8423, 0.3418
0.8423, 0.3418
0.8423, 0.3418
0.8423, 0.3418
0.8423, 0.3418
0.8423, 0.3418
0.8423, 0.3418
0.8423, 0.3418
0.8423, 0.3418
0.8423, 0.3418
0.8423, 0.3418
0.8423, 0.3418
0.8423, 0.3418
0.8423, 0.3418
0.8467, 0.3392
0.8467, 0.3392
0.8467, 0.3392
0.8467, 0.3392
0.8467, 0.3392
0.8510, 0.3392
0.8510, 0.3392
0.8510, 0.3367
0.8510, 0.3367
0.8510, 0.3367
0.8510, 0.3367
0.8510, 0.3367
0.8510, 0.3367
0.8510, 0.3367
0.8510, 0.3367
0.8510, 0.3342
0.8510, 0.3342
0.8510, 0.3342
0.8510, 0.3342
0.8510, 0.3342
0.8553, 0.3342
0.8553, 0.3342
0.8553, 0.3342
0.8553, 0.3342
0.8553, 0.3342
0.8553, 0.3342
0.8553, 0.3342
0.8597, 0.3342
0.8597, 0.3342
0.8597, 0.3342
0.8597, 0.3316
0.8597, 0.3316
0.8597, 0.3316
0.8597, 0.3316
0.8597, 0.3316
0.8640, 0.3291
0.8640, 0.3291
0.8640, 0.3291
0.8640, 0.3291
0.8640, 0.3291
0.8640, 0.3291
0.8640, 0.3291
0.8640, 0.3291
0.8640, 0.3291
0.8640, 0.3291
0.8640, 0.3291
0.8640, 0.3291
0.8640, 0.3291
0.8684, 0.3266
0.8684, 0.3266
0.8684, 0.3266
0.8684, 0.3266
0.8684, 0.3266
0.8684, 0.3266
0.8684, 0.3266
0.8727, 0.3241
0.8727, 0.3241
0.8727, 0.3241
0.8727, 0.3241
0.8727, 0.3241
0.8727, 0.3241
0.8727, 0.3241
0.8727, 0.3215
0.8727, 0.3215
0.8727, 0.3215
0.8727, 0.3215
0.8727, 0.3215
0.8727, 0.3215
0.8727, 0.3215
0.8727, 0.3215
0.8771, 0.3215
0.8771, 0.3215
0.8771, 0.3190
0.8771, 0.3190
0.8771, 0.3190
0.8771, 0.3190
0.8771, 0.3190
0.8814, 0.3165
0.8814, 0.3165
0.8814, 0.3165
0.8814, 0.3165
0.8814, 0.3165
0.8814, 0.3165
0.8814, 0.3165
0.8857, 0.3165
0.8857, 0.3165
0.8857, 0.3165
0.8857, 0.3139
0.8857, 0.3139
0.8857, 0.3139
0.8857, 0.3139
0.8857, 0.3139
0.8857, 0.3114
0.8857, 0.3114
0.8857, 0.3114
0.8857, 0.3114
0.8857, 0.3114
0.8901, 0.3089
0.8901, 0.3089
0.8901, 0.3089
0.8901, 0.3089
0.8901, 0.3089
0.8944, 0.3063
0.8944, 0.3063
0.8944, 0.3063
0.8944, 0.3038
0.8944, 0.3038
0.8944, 0.3038
0.8944, 0.3038
0.8944, 0.3038
0.8987, 0.3038
0.8987, 0.3038
0.8987, 0.3013
0.8987, 0.3013
0.8987, 0.3013
0.9031, 0.2987
0.9031, 0.2987
0.9074, 0.2987
0.9074, 0.2987
0.9074, 0.2987
0.9074, 0.2962
0.9074, 0.2962
0.9074, 0.2962
0.9074, 0.2962
0.9074, 0.2962
0.9074, 0.2937
0.9074, 0.2937
0.9074, 0.2937
0.9117, 0.2911
0.9117, 0.2911
0.9117, 0.2911
0.9117, 0.2911
0.9117, 0.2911
0.9117, 0.2911
0.9117, 0.2911
0.9117, 0.2911
0.9160, 0.2911
0.9160, 0.2911
0.9160, 0.2886
0.9160, 0.2886
0.9160, 0.2886
0.9160, 0.2886
0.9160, 0.2886
0.9160, 0.2861
0.9160, 0.2861
0.9160, 0.2861
0.9160, 0.2861
0.9160, 0.2861
0.9160, 0.2861
0.9160, 0.2861
0.9160, 0.2861
0.9160, 0.2835
0.9160, 0.2835
0.9160, 0.2835
0.9204, 0.2835
0.9204, 0.2835
0.9204, 0.2810
0.9204, 0.2810
0.9204, 0.2810
0.9204, 0.2810
0.9204, 0.2810
0.9204, 0.2810
0.9247, 0.2785
0.9247, 0.2785
0.9247, 0.2785
0.9247, 0.2785
0.9247, 0.2785
0.9247, 0.2785
0.9247, 0.2785
0.9247, 0.2785
0.9247, 0.2759
0.9247, 0.2759
0.9247, 0.2759
0.9247, 0.2759
0.9247, 0.2759
0.9247, 0.2734
0.9247, 0.2734
0.9247, 0.2734
0.9247, 0.2734
0.9247, 0.2734
0.9247, 0.2734
0.9247, 0.2734
0.9247, 0.2734
0.9247, 0.2734
0.9247, 0.2734
0.9247, 0.2734
0.9290, 0.2734
0.9290, 0.2734
0.9290, 0.2734
0.9290, 0.2709
0.9290, 0.2709
0.9290, 0.2709
0.9290, 0.2709
0.9290, 0.2709
0.9290, 0.2684
0.9290, 0.2684
0.9290, 0.2684
0.9290, 0.2684
0.9290, 0.2684
0.9290, 0.2658
0.9290, 0.2658
0.9334, 0.2658
0.9334, 0.2658
0.9334, 0.2658
0.9334, 0.2658
0.9334, 0.2658
0.9334, 0.2633
0.9334, 0.2633
0.9334, 0.2633
0.9334, 0.2633
0.9334, 0.2633
0.9334, 0.2633
0.9377, 0.2608
0.9377, 0.2608
0.9377, 0.2608
0.9377, 0.2608
0.9377, 0.2608
0.9377, 0.2608
0.9377, 0.2608
0.9377, 0.2608
0.9377, 0.2608
0.9377, 0.2608
0.9377, 0.2582
0.9377, 0.2582
0.9377, 0.2582
0.9377, 0.2557
0.9377, 0.2557
0.9377, 0.2557
0.9377, 0.2557
0.9377, 0.2557
0.9377, 0.2532
0.9377, 0.2532
0.9377, 0.2532
0.9377, 0.2532
0.9377, 0.2532
0.9420, 0.2532
0.9420, 0.2532
0.9420, 0.2532
0.9420, 0.2532
0.9420, 0.2532
0.9420, 0.2506
0.9420, 0.2506
0.9420, 0.2506
0.9420, 0.2506
0.9420, 0.2506
0.9420, 0.2506
0.9420, 0.2481
0.9420, 0.2481
0.9420, 0.2481
0.9420, 0.2481
0.9420, 0.2481
0.9464, 0.2481
0.9464, 0.2481
0.9464, 0.2481
0.9464, 0.2481
0.9464, 0.2481
0.9464, 0.2481
0.9464, 0.2456
0.9464, 0.2456
0.9464, 0.2456
0.9464, 0.2456
0.9464, 0.2456
0.9464, 0.2430
0.9464, 0.2430
0.9464, 0.2430
0.9464, 0.2430
0.9464, 0.2430
0.9464, 0.2405
0.9464, 0.2405
0.9464, 0.2405
0.9464, 0.2405
0.9464, 0.2405
0.9464, 0.2405
0.9464, 0.2405
0.9464, 0.2405
0.9464, 0.2380
0.9464, 0.2380
0.9464, 0.2380
0.9464, 0.2380
0.9464, 0.2380
0.9464, 0.2354
0.9464, 0.2354
0.9507, 0.2354
0.9507, 0.2354
0.9507, 0.2354
0.9507, 0.2354
0.9507, 0.2354
0.9507, 0.2329
0.9507, 0.2329
0.9507, 0.2329
0.9507, 0.2304
0.9507, 0.2304
0.9507, 0.2278
0.9507, 0.2278
0.9507, 0.2278
0.9550, 0.2278
0.9550, 0.2278
0.9550, 0.2278
0.9550, 0.2278
0.9550, 0.2278
0.9550, 0.2253
0.9550, 0.2253
0.9593, 0.2228
0.9593, 0.2228
0.9593, 0.2228
0.9593, 0.2228
0.9593, 0.2228
0.9593, 0.2228
0.9593, 0.2228
0.9593, 0.2228
0.9593, 0.2203
0.9593, 0.2203
0.9593, 0.2177
0.9593, 0.2177
0.9593, 0.2177
0.9593, 0.2177
0.9593, 0.2177
0.9593, 0.2177
0.9593, 0.2177
0.9593, 0.2177
0.9593, 0.2177
0.9593, 0.2177
0.9593, 0.2152
0.9593, 0.2152
0.9593, 0.2152
0.9593, 0.2152
0.9593, 0.2152
0.9637, 0.2127
0.9637, 0.2127
0.9637, 0.2127
0.9637, 0.2127
0.9637, 0.2127
0.9637, 0.2101
0.9637, 0.2101
0.9637, 0.2101
0.9637, 0.2101
0.9637, 0.2101
0.9637, 0.2101
0.9637, 0.2101
0.9637, 0.2101
0.9637, 0.2076
0.9637, 0.2076
0.9637, 0.2051
0.9637, 0.2051
0.9680, 0.2051
0.9680, 0.2051
0.9680, 0.2051
0.9680, 0.2051
0.9680, 0.2051
0.9680, 0.2025
0.9680, 0.2025
0.9680, 0.2025
0.9680, 0.2025
0.9680, 0.2025
0.9680, 0.2000
0.9680, 0.2000
0.9680, 0.2000
0.9680, 0.2000
0.9680, 0.2000
0.9680, 0.1975
0.9680, 0.1975
0.9680, 0.1975
0.9680, 0.1975
0.9680, 0.1975
0.9680, 0.1949
0.9680, 0.1949
0.9680, 0.1949
0.9680, 0.1949
0.9680, 0.1949
0.9680, 0.1924
0.9680, 0.1924
0.9680, 0.1924
0.9680, 0.1924
0.9680, 0.1924
0.9680, 0.1899
0.9680, 0.1899
0.9680, 0.1899
0.9680, 0.1899
0.9680, 0.1899
0.9680, 0.1873
0.9680, 0.1873
0.9680, 0.1848
0.9680, 0.1848
0.9680, 0.1848
0.9680, 0.1848
0.9680, 0.1848
0.9680, 0.1848
0.9680, 0.1848
0.9680, 0.1848
0.9680, 0.1823
0.9680, 0.1823
0.9680, 0.1797
0.9680, 0.1797
0.9680, 0.1797
0.9680, 0.1797
0.9680, 0.1797
0.9680, 0.1797
0.9680, 0.1797
0.9680, 0.1797
0.9680, 0.1772
0.9680, 0.1772
0.9680, 0.1747
0.9680, 0.1747
0.9680, 0.1747
0.9680, 0.1722
0.9680, 0.1722
0.9680, 0.1722
0.9680, 0.1722
0.9680, 0.1722
0.9680, 0.1696
0.9680, 0.1696
0.9680, 0.1671
0.9680, 0.1671
0.9680, 0.1671
0.9680, 0.1671
0.9680, 0.1671
0.9680, 0.1671
0.9680, 0.1671
0.9680, 0.1671
0.9680, 0.1646
0.9680, 0.1646
0.9680, 0.1620
0.9680, 0.1620
0.9680, 0.1595
0.9680, 0.1595
0.9680, 0.1595
0.9680, 0.1595
0.9680, 0.1595
0.9680, 0.1570
0.9680, 0.1570
0.9680, 0.1570
0.9680, 0.1544
0.9680, 0.1544
0.9680, 0.1544
0.9680, 0.1544
0.9680, 0.1544
0.9680, 0.1519
0.9680, 0.1519
0.9680, 0.1519
0.9680, 0.1519
0.9680, 0.1494
0.9680, 0.1494
0.9680, 0.1494
0.9680, 0.1494
0.9680, 0.1494
0.9680, 0.1468
0.9680, 0.1468
0.9680, 0.1468
0.9680, 0.1468
0.9680, 0.1468
0.9680, 0.1468
0.9680, 0.1468
0.9680, 0.1468
0.9680, 0.1443
0.9680, 0.1443
0.9680, 0.1418
0.9680, 0.1418
0.9680, 0.1418
0.9680, 0.1418
0.9680, 0.1418
0.9680, 0.1392
0.9680, 0.1392
0.9680, 0.1367
0.9680, 0.1367
0.9680, 0.1367
0.9680, 0.1367
0.9680, 0.1367
0.9680, 0.1342
0.9680, 0.1342
0.9680, 0.1342
0.9680, 0.1316
0.9680, 0.1316
0.9680, 0.1291
0.9680, 0.1291
0.9680, 0.1291
0.9680, 0.1291
0.9680, 0.1291
0.9680, 0.1291
0.9680, 0.1291
0.9680, 0.1291
0.9680, 0.1266
0.9680, 0.1266
0.9680, 0.1241
0.9680, 0.1241
0.9680, 0.1241
0.9680, 0.1241
0.9680, 0.1241
0.9680, 0.1241
0.9680, 0.1241
0.9680, 0.1215
0.9680, 0.1215
0.9680, 0.1215
0.9680, 0.1190
0.9680, 0.1190
0.9680, 0.1165
0.9680, 0.1165
0.9680, 0.1165
0.9680, 0.1165
0.9680, 0.1165
0.9680, 0.1165
0.9680, 0.1165
0.9680, 0.1165
0.9680, 0.1139
0.9680, 0.1139
0.9680, 0.1114
0.9680, 0.1114
0.9680, 0.1114
0.9680, 0.1114
0.9680, 0.1114
0.9680, 0.1089
0.9680, 0.1089
0.9680, 0.1089
0.9680, 0.1089
0.9680, 0.1089
0.9680, 0.1063
0.9680, 0.1063
0.9680, 0.1038
0.9680, 0.1038
0.9680, 0.1038
0.9680, 0.1038
0.9680, 0.1038
0.9680, 0.1013
0.9680, 0.1013
0.9680, 0.1013
0.9680, 0.0987
0.9680, 0.0987
0.9680, 0.0987
0.9680, 0.0987
0.9680, 0.0962
0.9680, 0.0962
0.9680, 0.0937
0.9680, 0.0911
0.9680, 0.0911
0.9680, 0.0911
0.9680, 0.0886
0.9680, 0.0886
0.9680, 0.0861
0.9637, 0.0835
0.9637, 0.0835
0.9637, 0.0810
0.9637, 0.0810
0.9637, 0.0785
0.9637, 0.0785
0.9637, 0.0785
0.9637, 0.0785
0.9637, 0.0785
0.9637, 0.0759
0.9637, 0.0759
0.9593, 0.0734
0.9593, 0.0734
0.9593, 0.0734
0.9593, 0.0709
0.9593, 0.0709
0.9550, 0.0684
0.9550, 0.0684
0.9550, 0.0658
0.9550, 0.0658
0.9507, 0.0658
0.9507, 0.0658
0.9507, 0.0658
0.9507, 0.0658
0.9507, 0.0658
0.9507, 0.0633
0.9507, 0.0633
0.9507, 0.0608
0.9507, 0.0608
0.9507, 0.0608
0.9507, 0.0608
0.9507, 0.0608
0.9464, 0.0608
0.9464, 0.0608
0.9464, 0.0582
0.9464, 0.0582
0.9420, 0.0557
0.9420, 0.0557
0.9420, 0.0532
0.9420, 0.0532
0.9420, 0.0532
0.9420, 0.0532
0.9420, 0.0532
0.9420, 0.0532
0.9420, 0.0532
0.9420, 0.0506
0.9420, 0.0506
0.9420, 0.0506
0.9420, 0.0481
0.9420, 0.0481
0.9377, 0.0481
0.9377, 0.0481
0.9377, 0.0481
0.9377, 0.0481
0.9377, 0.0456
0.9377, 0.0456
0.9377, 0.0456
0.9334, 0.0430
0.9334, 0.0430
0.9334, 0.0430
0.9334, 0.0430
0.9334, 0.0405
0.9334, 0.0405
0.9334, 0.0405
0.9334, 0.0405
0.9334, 0.0405
0.9334, 0.0405
0.9334, 0.0405
0.9334, 0.0405
0.9290, 0.0380
0.9290, 0.0380
0.9290, 0.0380
0.9290, 0.0380
0.9290, 0.0354
0.9290, 0.0354
0.9290, 0.0354
0.9290, 0.0354
0.9290, 0.0354
0.9290, 0.0354
0.9290, 0.0354
0.9290, 0.0354
0.9290, 0.0329
0.9290, 0.0329
0.9290, 0.0329
0.9290, 0.0329
0.9290, 0.0304
0.9290, 0.0304
0.9290, 0.0304
0.9290, 0.0304
0.9247, 0.0278
0.9247, 0.0278
0.9247, 0.0278
0.9247, 0.0278
0.9247, 0.0278
0.9247, 0.0278
0.9247, 0.0278
0.9247, 0.0278
0.9247, 0.0278
0.9247, 0.0278
0.9247, 0.0278
0.9247, 0.0278
0.9247, 0.0278
0.9247, 0.0278
0.9247, 0.0278
0.9247, 0.0278
0.9247, 0.0278
0.9247, 0.0278
0.9247, 0.0278
0.9247, 0.0278
0.9247, 0.0278
0.9247, 0.0278
0.9247, 0.0278
0.9247, 0.0278
0.9247, 0.0278
0.9247, 0.0278
0.9247, 0.0278
0.9247, 0.0278
0.9247, 0.0278
0.9247, 0.0278
0.9247, 0.0278
0.9204, 0.0278
0.9204, 0.0278
0.9204, 0.0253
0.9204, 0.0253
0.9204, 0.0253
0.9204, 0.0253
0.9204, 0.0253
0.9204, 0.0253
0.9204, 0.0253
0.9160, 0.0253
0.9160, 0.0253
0.9117, 0.0253

0.6386, 0.3899
0.6386, 0.3899
0.6386, 0.3899
0.6386, 0.3899
0.6386, 0.3899
0.6386, 0.3899
0.6386, 0.3899
0.6386, 0.3899
0.6386, 0.3899
0.6386, 0.3899
0.6386, 0.3899
0.6386, 0.3899
0.6386, 0.3899
0.6386, 0.3899
0.6386, 0.3899
0.6386, 0.3899
0.6386, 0.3899
0.6386, 0.3899
0.6386, 0.3899
0.6386, 0.3899
0.6386, 0.3899
0.6386, 0.3899
0.6386, 0.3899
0.6386, 0.3899
0.6386, 0.3899
0.6386, 0.3899
0.6386, 0.3899
0.6386, 0.3899
0.6386, 0.3899
0.6386, 0.3899
0.6386, 0.3899
0.6386, 0.3899
0.6386, 0.3899
0.6386, 0.3899
0.6386, 0.3899
0.6386, 0.3899
0.6386, 0.3899
0.6386, 0.3899
0.6386, 0.3899
0.6386, 0.3899
0.6386, 0.3899
0.6386, 0.3899
0.6386, 0.3899
0.6386, 0.3899
0.6386, 0.3899
0.6386, 0.3899
0.6386, 0.3899
0.6386, 0.3873
0.6386, 0.3873
0.6386, 0.3873
0.6386, 0.3848
0.6386, 0.3848
0.6386, 0.3848
0.6386, 0.3848
0.6386, 0.3848
0.6386, 0.3848
0.6386, 0.3823
0.6386, 0.3823
0.6386, 0.3823
0.6343, 0.3797
0.6343, 0.3797
0.6343, 0.3797
0.6343, 0.3772
0.6343, 0.3772
0.6343, 0.3772
0.6343, 0.3772
0.6343, 0.3772
0.6343, 0.3772
0.6343, 0.3747
0.6343, 0.3747
0.6343, 0.3722
0.6343, 0.3722
0.6343, 0.3722
0.6343, 0.3722
0.6343, 0.3722
0.6343, 0.3722
0.6343, 0.3722
0.6343, 0.3722
0.6343, 0.3722
0.6343, 0.3696
0.6343, 0.3696
0.6343, 0.3696
0.6300, 0.3671
0.6300, 0.3671
0.6300, 0.3671
0.6300, 0.3671
0.6300, 0.3671
0.6300, 0.3671
0.6300, 0.3646
0.6300, 0.3646
0.6300, 0.3646
0.6300, 0.3646
0.6300, 0.3646
0.6300, 0.3646
0.6300, 0.3646
0.6300, 0.3646
0.6300, 0.3646
0.6300, 0.3620
0.6300, 0.3620
0.6300, 0.3620
0.6300, 0.3620
0.6300, 0.3620
0.6300, 0.3620
0.6300, 0.3595
0.6300, 0.3595
0.6300, 0.3595
0.6257, 0.3595
0.6257, 0.3595
0.6257, 0.3595
0.6257, 0.3595
0.6257, 0.3595
0.6257, 0.3570
0.6257, 0.3570
0.6257, 0.3570
0.6257, 0.3544
0.6257, 0.3544
0.6257, 0.3544
0.6257, 0.3544
0.6257, 0.3544
0.6257, 0.3544
0.6257, 0.3544
0.6257, 0.3519
0.6257, 0.3519
0.6257, 0.3494
0.6257, 0.3494
0.6257, 0.3494
0.6257, 0.3494
0.6257, 0.3494
0.6257, 0.3494
0.6257, 0.3468
0.6257, 0.3468
0.6257, 0.3468
0.6257, 0.3468
0.6257, 0.3468
0.6257, 0.3468
0.6257, 0.3468
0.6257, 0.3468
0.6257, 0.3468
0.6257, 0.3468
0.6257, 0.3468
0.6257, 0.3468
0.6257, 0.3443
0.6257, 0.3443
0.6257, 0.3443
0.6257, 0.3443
0.6257, 0.3443
0.6257, 0.3418
0.6257, 0.3418
0.6257, 0.3418
0.6257, 0.3418
0.6257, 0.3418
0.6257, 0.3418
0.6257, 0.3418
0.6257, 0.3418
0.6257, 0.3418
0.6257, 0.3392
0.6257, 0.3392
0.6257, 0.3392
0.6257, 0.3392
0.6257, 0.3392
0.6257, 0.3392
0.6257, 0.3367
0.6257, 0.3367
0.6257, 0.3367
0.6257, 0.3367
0.6257, 0.3367
0.6257, 0.3367
0.6257, 0.3342
0.6257, 0.3342
0.6257, 0.3342
0.6257, 0.3342
0.6257, 0.3342
0.6257, 0.3342
0.6257, 0.3342
0.6257, 0.3342
0.6257, 0.3342
0.6300, 0.3342
0.6300, 0.3342
0.6300, 0.3316
0.6300, 0.3316
0.6300, 0.3316
0.6300, 0.3291
0.6300, 0.3291
0.6300, 0.3291
0.6300, 0.3291
0.6300, 0.3291
0.6300, 0.3291
0.6300, 0.3291
0.6300, 0.3291
0.6343, 0.3266
0.6343, 0.3266
0.6343, 0.3266
0.6343, 0.3266
0.6343, 0.3266
0.6343, 0.3266
0.6386, 0.3241
0.6386, 0.3241
0.6386, 0.3241
0.6386, 0.3241
0.6386, 0.3241
0.6386, 0.3215
0.6386, 0.3215
0.6386, 0.3215
0.6386, 0.3215
0.6386, 0.3215
0.6386, 0.3215
0.6386, 0.3215
0.6386, 0.3215
0.6386, 0.3215
0.6386, 0.3215
0.6386, 0.3215
0.6430, 0.3215
0.6430, 0.3215
0.6430, 0.3215
0.6430, 0.3190
0.6430, 0.3190
0.6430, 0.3190
0.6430, 0.3190
0.6430, 0.3190
0.6430, 0.3190
0.6473, 0.3165
0.6473, 0.3165
0.6473, 0.3165
0.6473, 0.3165
0.6473, 0.3165
0.6473, 0.3165
0.6473, 0.3165
0.6473, 0.3165
0.6516, 0.3165
0.6516, 0.3165
0.6516, 0.3165
0.6516, 0.3165
0.6516, 0.3165
0.6516, 0.3165
0.6516, 0.3139
0.6516, 0.3139
0.6516, 0.3139
0.6516, 0.3139
0.6516, 0.3139
0.6516, 0.3139
0.6516, 0.3139
0.6516, 0.3139
0.6516, 0.3139
0.6560, 0.3114
0.6560, 0.3114
0.6560, 0.3114
0.6560, 0.3114
0.6560, 0.3114
0.6560, 0.3114
0.6560, 0.3089
0.6560, 0.3089
0.6560, 0.3089
0.6560, 0.3089
0.6560, 0.3089
0.6560, 0.3089
0.6604, 0.3089
0.6604, 0.3089
0.6604, 0.3089
0.6604, 0.3089
0.6604, 0.3089
0.6604, 0.3089
0.6604, 0.3089
0.6604, 0.3089
0.6604, 0.3089
0.6604, 0.3063
0.6604, 0.3063
0.6604, 0.3063
0.6604, 0.3063
0.6604, 0.3063
0.6647, 0.3063
0.6647, 0.3063
0.6647, 0.3063
0.6647, 0.3038
0.6647, 0.3038
0.6647, 0.3038
0.6647, 0.3038
0.6647, 0.3038
0.6647, 0.3038
0.6691, 0.3038
0.6691, 0.3038
0.6691, 0.3038
0.6691, 0.3038
0.6691, 0.3038
0.6691, 0.3038
0.6691, 0.3038
0.6691, 0.3038
0.6691, 0.3038
0.6691, 0.3038
0.6691, 0.3038
0.6691, 0.3038
0.6691, 0.3038
0.6691, 0.3038
0.6691, 0.3038
0.6734, 0.3038
0.6734, 0.3038
0.6734, 0.3038
0.6734, 0.3013
0.6734, 0.3013
0.6734, 0.3013
0.6734, 0.3013
0.6734, 0.3013
0.6734, 0.2987
0.6734, 0.2987
0.6734, 0.2987
0.6734, 0.2987
0.6734, 0.2987
0.6777, 0.2962
0.6777, 0.2962
0.6777, 0.2962
0.6777, 0.2962
0.6777, 0.2962
0.6777, 0.2962
0.6820, 0.2962
0.6820, 0.2962
0.6820, 0.2937
0.6820, 0.2937
0.6820, 0.2937
0.6820, 0.2937
0.6820, 0.2937
0.6820, 0.2937
0.6820, 0.2911
0.6820, 0.2911
0.6820, 0.2911
0.6864, 0.2911
0.6864, 0.2911
0.6864, 0.2911
0.6864, 0.2911
0.6864, 0.2911
0.6864, 0.2911
0.6864, 0.2911
0.6864, 0.2911
0.6864, 0.2911
0.6907, 0.2911
0.6907, 0.2911
0.6907, 0.2886
0.6907, 0.2886
0.6907, 0.2886
0.6907, 0.2886
0.6907, 0.2886
0.6907, 0.2886
0.6950, 0.2861
0.6950, 0.2861
0.6950, 0.2861
0.6950, 0.2861
0.6950, 0.2861
0.6950, 0.2861
0.6950, 0.2861
0.6950, 0.2861
0.6950, 0.2861
0.6950, 0.2861
0.6950, 0.2835
0.6950, 0.2835
0.6950, 0.2835
0.6950, 0.2835
0.6950, 0.2835
0.6950, 0.2835
0.6950, 0.2835
0.6950, 0.2835
0.6950, 0.2835
0.6950, 0.2835
0.6950, 0.2835
0.6950, 0.2835
0.6950, 0.2835
0.6950, 0.2835
0.6950, 0.2835
0.6950, 0.2835
0.6950, 0.2835
0.6950, 0.2835
0.6950, 0.2835
0.6950, 0.2835
0.6950, 0.2835
0.6950, 0.2835
0.6950, 0.2835
0.6950, 0.2810
0.6950, 0.2810
0.6950, 0.2810
0.6950, 0.2810
0.6950, 0.2810
0.6950, 0.2810
0.6994, 0.2810
0.6994, 0.2810
0.6994, 0.2810
0.6994, 0.2810
0.6994, 0.2810
0.6994, 0.2810
0.6994, 0.2810
0.6994, 0.2810
0.6994, 0.2810
0.6994, 0.2785
0.6994, 0.2785
0.6994, 0.2785
0.6994, 0.2785
0.6994, 0.2785
0.6994, 0.2785
0.6994, 0.2785
0.6994, 0.2785
0.6994, 0.2785
0.6994, 0.2785
0.6994, 0.2785
0.6994, 0.2785
0.6994, 0.2785
0.6994, 0.2785
0.6994, 0.2785
0.6994, 0.2759
0.6994, 0.2759
0.6994, 0.2759
0.6994, 0.2759
0.6994, 0.2759
0.6994, 0.2759
0.6994, 0.2734
0.6994, 0.2734
0.6994, 0.2734
0.6994, 0.2734
0.6994, 0.2734
0.6994, 0.2734
0.6994, 0.2734
0.6994, 0.2734
0.6994, 0.2734
0.6994, 0.2734
0.6994, 0.2734
0.6994, 0.2734
0.6950, 0.2709
0.6950, 0.2709
0.6950, 0.2709
0.6907, 0.2709
0.6907, 0.2709
0.6907, 0.2684
0.6907, 0.2684
0.6907, 0.2684
0.6864, 0.2684
0.6864, 0.2684
0.6864, 0.2684
0.6864, 0.2658
0.6864, 0.2658
0.6864, 0.2658
0.6864, 0.2658
0.6864, 0.2658
0.6864, 0.2658
0.6820, 0.2658
0.6820, 0.2658
0.6777, 0.2658
0.6777, 0.2658
0.6777, 0.2658
0.6777, 0.2633
0.6777, 0.2633
0.6777, 0.2633
0.6777, 0.2633
0.6777, 0.2633
0.6734, 0.2608
0.6734, 0.2608
0.6734, 0.2608
0.6691, 0.2608
0.6691, 0.2608
0.6691, 0.2608
0.6691, 0.2608
0.6691, 0.2608
0.6647, 0.2608
0.6647, 0.2608
0.6647, 0.2608
0.6647, 0.2608
0.6647, 0.2608
0.6647, 0.2582
0.6647, 0.2582
0.6647, 0.2582
0.6604, 0.2582
0.6604, 0.2582
0.6604, 0.2582
0.6604, 0.2582
0.6604, 0.2582
0.6604, 0.2582
0.6604, 0.2582
0.6604, 0.2557
0.6604, 0.2557
0.6560, 0.2557
0.6560, 0.2557
0.6560, 0.2557
0.6560, 0.2557
0.6560, 0.2557
0.6560, 0.2557
0.6560, 0.2532
0.6560, 0.2532
0.6560, 0.2532
0.6560, 0.2532
0.6560, 0.2532
0.6560, 0.2532
0.6516, 0.2532
0.6516, 0.2532
0.6516, 0.2532
0.6516, 0.2532
0.6516, 0.2532
0.6516, 0.2532
0.6516, 0.2532
0.6516, 0.2532
0.6473, 0.2532
0.6473, 0.2532
0.6473, 0.2532
0.6473, 0.2532
0.6473, 0.2532
0.6473, 0.2532
0.6473, 0.2532
0.6473, 0.2532
0.6473, 0.2532
0.6473, 0.2506
0.6473, 0.2506
0.6473, 0.2506
0.6430, 0.2506
0.6430, 0.2506
0.6430, 0.2506
0.6430, 0.2506
0.6430, 0.2506
0.6430, 0.2481
0.6430, 0.2481
0.6430, 0.2481
0.6430, 0.2481
0.6430, 0.2481
0.6430, 0.2481
0.6430, 0.2481
0.6430, 0.2481
0.6386, 0.2481
0.6386, 0.2481
0.6386, 0.2481
0.6386, 0.2481
0.6386, 0.2481
0.6386, 0.2481
0.6343, 0.2456
0.6343, 0.2456
0.6343, 0.2456
0.6343, 0.2456
0.6343, 0.2456
0.6343, 0.2430
0.6343, 0.2430
0.6343, 0.2430
0.6343, 0.2430
0.6343, 0.2430
0.6300, 0.2405
0.6300, 0.2405
0.6300, 0.2405
0.6257, 0.2405
0.6257, 0.2405
0.6257, 0.2405
0.6257, 0.2405
0.6257, 0.2405
0.6257, 0.2405
0.6213, 0.2405
0.6213, 0.2405
0.6213, 0.2405
0.6213, 0.2405
0.6213, 0.2405
0.6213, 0.2405
0.6213, 0.2405
0.6213, 0.2405
0.6213, 0.2405
0.6213, 0.2405
0.6213, 0.2405
0.6213, 0.2405
0.6170, 0.2380
0.6170, 0.2380
0.6170, 0.2380
0.6170, 0.2380
0.6170, 0.2380
0.6170, 0.2380
0.6170, 0.2380
0.6170, 0.2380
0.6170, 0.2380
0.6127, 0.2380
0.6127, 0.2380
0.6127, 0.2380
0.6127, 0.2354
0.6127, 0.2354
0.6127, 0.2354
0.6127, 0.2354
0.6127, 0.2354
0.6127, 0.2354
0.6127, 0.2354
0.6127, 0.2354
0.6127, 0.2354
0.6127, 0.2354
0.6127, 0.2354
0.6127, 0.2354
0.6083, 0.2354
0.6083, 0.2354
0.6083, 0.2354
0.6083, 0.2354
0.6083, 0.2354
0.6040, 0.2354
0.6040, 0.2354
0.6040, 0.2354
0.6040, 0.2354
0.6040, 0.2354
0.6040, 0.2354
0.6040, 0.2329
0.6040, 0.2329
0.6040, 0.2329
0.5997, 0.2329
0.5997, 0.2329
0.5997, 0.2329
0.5997, 0.2329
0.5997, 0.2329
0.5997, 0.2329
0.5997, 0.2329
0.5997, 0.2329
0.5997, 0.2304
0.5997, 0.2304
0.5997, 0.2304
0.5997, 0.2304
0.5997, 0.2304
0.5997, 0.2304
0.5997, 0.2304
0.5997, 0.2304
0.5997, 0.2304
0.5997, 0.2304
0.5997, 0.2304
0.5997, 0.2304
0.5997, 0.2304
0.5997, 0.2304
0.5997, 0.2304
0.5997, 0.2278
0.5997, 0.2278
0.5997, 0.2278
0.5954, 0.2278
0.5954, 0.2278
0.5954, 0.2278
0.5954, 0.2278
0.5954, 0.2278
0.5954, 0.2278
0.5954, 0.2278
0.5954, 0.2278
0.5954, 0.2278
0.5954, 0.2278
0.5954, 0.2278
0.5954, 0.2278
0.5954, 0.2278
0.5954, 0.2278
0.5954, 0.2278
0.5954, 0.2253
0.5954, 0.2253
0.5954, 0.2253
0.5954, 0.2253
0.5954, 0.2253
0.5954, 0.2253
0.5954, 0.2253
0.5954, 0.2253
0.5954, 0.2253
0.5954, 0.2253
0.5954, 0.2253
0.5954, 0.2253
0.5954, 0.2253
0.5954, 0.2253
0.5954, 0.2253
0.5954, 0.2228
0.5954, 0.2228
0.5954, 0.2228
0.5954, 0.2228
0.5954, 0.2228
0.5954, 0.2228
0.5954, 0.2228
0.5954, 0.2228
0.5954, 0.2228
0.5954, 0.2228
0.5954, 0.2228
0.5954, 0.2228
0.5954, 0.2228
0.5954, 0.2228
0.5954, 0.2228
0.5954, 0.2228
0.5954, 0.2228
0.5954, 0.2228
0.5954, 0.2228
0.5954, 0.2228
0.5954, 0.2228
0.5954, 0.2203
0.5954, 0.2203
0.5954, 0.2203
0.5954, 0.2203
0.5954, 0.2203
0.5954, 0.2203
0.5954, 0.2177
0.5954, 0.2177
0.5954, 0.2177
0.5954, 0.2177
0.5954, 0.2177
0.5954, 0.2177
0.5954, 0.2177
0.5954, 0.2177
0.5954, 0.2152
0.5954, 0.2152
0.5954, 0.2152
0.5997, 0.2152
0.5997, 0.2152
0.5997, 0.2152
0.5997, 0.2152
0.5997, 0.2152
0.5997, 0.2152
0.5997, 0.2152
0.5997, 0.2152
0.6040, 0.2127
0.6040, 0.2127
0.6040, 0.2127
0.6040, 0.2127
0.6040, 0.2127
0.6040, 0.2127
0.6083, 0.2127
0.6083, 0.2127
0.6083, 0.2127
0.6083, 0.2101
0.6083, 0.2101
0.6083, 0.2101
0.6083, 0.2101
0.6083, 0.2101
0.6083, 0.2101
0.6083, 0.2101
0.6083, 0.2101
0.6083, 0.2101
0.6083, 0.2101
0.6083, 0.2101
0.6127, 0.2101
0.6127, 0.2101
0.6127, 0.2101
0.6170, 0.2101
0.6170, 0.2101
0.6170, 0.2101
0.6170, 0.2076
0.6170, 0.2076
0.6170, 0.2076
0.6170, 0.2076
0.6170, 0.2076
0.6170, 0.2076
0.6213, 0.2051
0.6213, 0.2051
0.6257, 0.2051
0.6257, 0.2051
0.6257, 0.2051
0.6300, 0.2051
0.6300, 0.2051
0.6343, 0.2025
0.6343, 0.2025
0.6343, 0.2025
0.6386, 0.2025
0.6386, 0.2025
0.6386, 0.2025
0.6430, 0.2025
0.6430, 0.2025
0.6430, 0.2025
0.6430, 0.2025
0.6430, 0.2025
0.6473, 0.2025
0.6473, 0.2025
0.6473, 0.2025
0.6473, 0.2025
0.6473, 0.2025
0.6473, 0.2025
0.6516, 0.2025
0.6516, 0.2025
0.6516, 0.2025
0.6516, 0.2025
0.6516, 0.2025
0.6516, 0.2025
0.6516, 0.2025
0.6516, 0.2025
0.6516, 0.2025
0.6516, 0.2025
0.6516, 0.2025
0.6516, 0.2025
0.6516, 0.2025
0.6516, 0.2025
0.6516, 0.2025
0.6516, 0.2025
0.6516, 0.2025
0.6560, 0.2000
0.6560, 0.2000
0.6560, 0.2000
0.6604, 0.2000
0.6604, 0.2000
0.6647, 0.2000
0.6647, 0.2000
0.6647, 0.2000
0.6691, 0.2000
0.6691, 0.2000
0.6691, 0.2000
0.6734, 0.1975
0.6734, 0.1975
0.6734, 0.1975
0.6734, 0.1975
0.6734, 0.1975
0.6777, 0.1975
0.6777, 0.1975
0.6777, 0.1975
0.6820, 0.1975
0.6820, 0.1975
0.6820, 0.1975
0.6820, 0.1975
0.6820, 0.1975
0.6820, 0.1975
0.6864, 0.1975
0.6864, 0.1975
0.6864, 0.1975
0.6864, 0.1975
0.6864, 0.1975
0.6864, 0.1975
0.6864, 0.1975
0.6864, 0.1975
0.6864, 0.1975
0.6864, 0.1975
0.6864, 0.1975
0.6864, 0.1975
0.6864, 0.1975
0.6864, 0.1975
0.6907, 0.1975
0.6907, 0.1975
0.6907, 0.1975
0.6907, 0.1975
0.6907, 0.1975
0.6950, 0.1975
0.6950, 0.1975
0.6950, 0.1975
0.6950, 0.1975
0.6950, 0.1975
0.6950, 0.1975
0.6994, 0.1975
0.6994, 0.1975
0.6994, 0.1975
0.7037, 0.1949
0.7037, 0.1949
0.7037, 0.1949
0.7080, 0.1949
0.7080, 0.1949
0.7080, 0.1949
0.7080, 0.1949
0.7080, 0.1949
0.7080, 0.1949
0.7080, 0.1949
0.7124, 0.1949
0.7124, 0.1949
0.7124, 0.1924
0.7124, 0.1924
0.7124, 0.1924
0.7124, 0.1924
0.7124, 0.1924
0.7124, 0.1924
0.7124, 0.1924
0.7124, 0.1924
0.7124, 0.1924
0.7124, 0.1924
0.7124, 0.1924
0.7124, 0.1924
0.7124, 0.1924
0.7124, 0.1924
0.7124, 0.1924
0.7124, 0.1924
0.7124, 0.1924
0.7124, 0.1924
0.7124, 0.1924
0.7124, 0.1924
0.7124, 0.1924
0.7124, 0.1924
0.7124, 0.1924
0.7124, 0.1924
0.7124, 0.1924
0.7124, 0.1924
0.7124, 0.1924
0.7124, 0.1924
0.7124, 0.1924
0.7124, 0.1924
0.7124, 0.1924
0.7124, 0.1899
0.7124, 0.1899
0.7124, 0.1899
0.7124, 0.1899
0.7124, 0.1899
0.7124, 0.1899
0.7124, 0.1899
0.7124, 0.1899
0.7167, 0.1899
0.7167, 0.1899
0.7167, 0.1899
0.7167, 0.1899
0.7167, 0.1899
0.7167, 0.1899
0.7167, 0.1899
0.7167, 0.1899
0.7167, 0.1899
0.7167, 0.1899
0.7167, 0.1899
0.7167, 0.1899
0.7167, 0.1873
0.7167, 0.1873
0.7167, 0.1873
0.7167, 0.1873
0.7167, 0.1873
0.7167, 0.1848
0.7167, 0.1848
0.7167, 0.1848
0.7167, 0.1848
0.7167, 0.1848
0.7167, 0.1848
0.7167, 0.1848
0.7167, 0.1848
0.7167, 0.1848
0.7167, 0.1848
0.7167, 0.1848
0.7167, 0.1848
0.7167, 0.1848
0.7167, 0.1848
0.7167, 0.1848
0.7167, 0.1848
0.7167, 0.1848
0.7167, 0.1823
0.7167, 0.1823
0.7167, 0.1823
0.7167, 0.1823
0.7167, 0.1823
0.7167, 0.1823
0.7167, 0.1797
0.7167, 0.1797
0.7124, 0.1797
0.7124, 0.1797
0.7124, 0.1797
0.7124, 0.1797
0.7124, 0.1797
0.7124, 0.1797
0.7124, 0.1772
0.7124, 0.1772
0.7124, 0.1772
0.7124, 0.1772
0.7124, 0.1772
0.7124, 0.1772
0.7124, 0.1772
0.7124, 0.1772
0.7124, 0.1772
0.7124, 0.1772
0.7124, 0.1772
0.7080, 0.1747
0.7080, 0.1747
0.7080, 0.1747
0.7080, 0.1747
0.7080, 0.1747
0.7080, 0.1747
0.7080, 0.1747
0.7080, 0.1747
0.7080, 0.1747
0.7080, 0.1747
0.7080, 0.1747
0.7037, 0.1722
0.7037, 0.1722
0.7037, 0.1722
0.7037, 0.1722
0.7037, 0.1722
0.7037, 0.1722
0.7037, 0.1722
0.7037, 0.1722
0.6994, 0.1722
0.6994, 0.1722
0.6994, 0.1722
0.6994, 0.1722
0.6994, 0.1722
0.6994, 0.1722
0.6994, 0.1722
0.6994, 0.1722
0.6994, 0.1722
0.6994, 0.1722
0.6994, 0.1722
0.6994, 0.1722
0.6994, 0.1696
0.6994, 0.1696
0.6994, 0.1696
0.6994, 0.1696
0.6994, 0.1696
0.6950, 0.1696
0.6950, 0.1696
0.6950, 0.1696
0.6950, 0.1671
0.6950, 0.1671
0.6950, 0.1671
0.6950, 0.1671
0.6950, 0.1671
0.6907, 0.1671
0.6907, 0.1671
0.6907, 0.1671
0.6907, 0.1671
0.6907, 0.1671
0.6907, 0.1646
0.6907, 0.1646
0.6907, 0.1646
0.6907, 0.1646
0.6907, 0.1646
0.6864, 0.1646
0.6864, 0.1646
0.6864, 0.1646
0.6820, 0.1646
0.6820, 0.1646
0.6820, 0.1646
0.6820, 0.1646
0.6820, 0.1646
0.6777, 0.1646
0.6777, 0.1646
0.6777, 0.1646
0.6777, 0.1646
0.6777, 0.1646
0.6777, 0.1646
0.6777, 0.1620
0.6777, 0.1620
0.6777, 0.1620
0.6777, 0.1620
0.6777, 0.1620
0.6777, 0.1620
0.6777, 0.1620
0.6777, 0.1620
0.6734, 0.1620
0.6734, 0.1620
0.6734, 0.1595
0.6734, 0.1595
0.6734, 0.1595
0.6734, 0.1595
0.6691, 0.1595
0.6691, 0.1595
0.6691, 0.1595
0.6691, 0.1595
0.6691, 0.1595
0.6691, 0.1595
0.6691, 0.1595
0.6691, 0.1595
0.6691, 0.1595
0.6691, 0.1595
0.6691, 0.1595
0.6691, 0.1595
0.6691, 0.1595
0.6691, 0.1595
0.6647, 0.1595
0.6647, 0.1595
0.6647, 0.1595
0.6647, 0.1595
0.6647, 0.1595
0.6604, 0.1570
0.6604, 0.1570
0.6604, 0.1570
0.6604, 0.1570
0.6604, 0.1570
0.6604, 0.1570
0.6604, 0.1570
0.6604, 0.1570
0.6560, 0.1570
0.6560, 0.1570
0.6560, 0.1570
0.6560, 0.1570
0.6560, 0.1570
0.6560, 0.1570
0.6516, 0.1544
0.6516, 0.1544
0.6516, 0.1544
0.6516, 0.1544
0.6516, 0.1544
0.6473, 0.1544
0.6473, 0.1544
0.6473, 0.1544
0.6473, 0.1544
0.6473, 0.1544
0.6473, 0.1544
0.6473, 0.1544
0.6473, 0.1544
0.6473, 0.1544
0.6473, 0.1544
0.6473, 0.1544
0.6430, 0.1519
0.6430, 0.1519
0.6430, 0.1519
0.6430, 0.1519
0.6430, 0.1519
0.6430, 0.1519
0.6430, 0.1519
0.6430, 0.1519
0.6386, 0.1519
0.6386, 0.1519
0.6386, 0.1519
0.6386, 0.1519
0.6386, 0.1519
0.6386, 0.1519
0.6386, 0.1519
0.6386, 0.1519
0.6386, 0.1519
0.6386, 0.1519
0.6386, 0.1519
0.6343, 0.1519
0.6343, 0.1519
0.6343, 0.1519
0.6343, 0.1494
0.6343, 0.1494
0.6300, 0.1494
0.6300, 0.1494
0.6300, 0.1494
0.6300, 0.1494
0.6300, 0.1494
0.6300, 0.1494
0.6300, 0.1494
0.6300, 0.1494
0.6257, 0.1468
0.6257, 0.1468
0.6257, 0.1468
0.6257, 0.1468
0.6257, 0.1468
0.6257, 0.1468
0.6257, 0.1468
0.6257, 0.1468
0.6257, 0.1468
0.6257, 0.1468
0.6257, 0.1468
0.6257, 0.1468
0.6257, 0.1468
0.6257, 0.1468
0.6257, 0.1468
0.6257, 0.1468
0.6257, 0.1468
0.6257, 0.1468
0.6257, 0.1468
0.6213, 0.1468
0.6213, 0.1468
0.6213, 0.1443
0.6213, 0.1443
0.6213, 0.1443
0.6213, 0.1443
0.6213, 0.1443
0.6213, 0.1443
0.6170, 0.1418
0.6170, 0.1418
0.6170, 0.1418
0.6170, 0.1418
0.6170, 0.1418
0.6170, 0.1418
0.6170, 0.1418
0.6170, 0.1418
0.6170, 0.1418
0.6170, 0.1418
0.6170, 0.1418
0.6170, 0.1392
0.6170, 0.1392
0.6127, 0.1392
0.6127, 0.1392
0.6127, 0.1392
0.6127, 0.1367
0.6127, 0.1367
0.6127, 0.1367
0.6127, 0.1367
0.6127, 0.1367
0.6127, 0.1367
0.6127, 0.1367
0.6083, 0.1342
0.6083, 0.1342
0.6083, 0.1342
0.6083, 0.1342
0.6083, 0.1342
0.6083, 0.1342
0.6083, 0.1342
0.6083, 0.1342
0.6083, 0.1342
0.6083, 0.1342
0.6083, 0.1342
0.6083, 0.1342
0.6083, 0.1342
0.6083, 0.1342
0.6083, 0.1342
0.6083, 0.1342
0.6083, 0.1342
0.6040, 0.1342
0.6040, 0.1342
0.6040, 0.1316
0.6040, 0.1316
0.6040, 0.1316
0.6040, 0.1316
0.6040, 0.1316
0.6040, 0.1316
0.6040, 0.1316
0.6040, 0.1316
0.6040, 0.1316
0.6040, 0.1316
0.6040, 0.1316
0.6040, 0.1291
0.6040, 0.1291
0.6040, 0.1291
0.6040, 0.1291
0.6040, 0.1291
0.6040, 0.1291
0.6040, 0.1291
0.6040, 0.1291
0.6040, 0.1291
0.6040, 0.1291
0.6040, 0.1291
0.6040, 0.1291
0.6040, 0.1291
0.6040, 0.1291
0.6040, 0.1291
0.6040, 0.1291
0.6040, 0.1291
0.6040, 0.1291
0.6040, 0.1291
0.6040, 0.1291
0.6040, 0.1291
0.6040, 0.1291
0.6040, 0.1291
0.6040, 0.1291
0.6040, 0.1291
0.6040, 0.1291
0.6040, 0.1291
0.6040, 0.1291
0.6040, 0.1291
0.6040, 0.1291
0.6040, 0.1291
0.6040, 0.1291
0.6040, 0.1266
0.6040, 0.1266
0.6040, 0.1266
0.6040, 0.1266
0.6040, 0.1266
0.6040, 0.1266
0.6040, 0.1266
0.6040, 0.1266
0.6040, 0.1241
0.6040, 0.1241
0.6040, 0.1241
0.6040, 0.1241
0.6040, 0.1241
0.6040, 0.1241
0.6040, 0.1241
0.6040, 0.1241
0.6040, 0.1241
0.6040, 0.1241
0.6040, 0.1241
0.6040, 0.1215
0.6040, 0.1215
0.6040, 0.1215
0.6040, 0.1215
0.6040, 0.1215
0.6083, 0.1215
0.6083, 0.1215
0.6083, 0.1215
0.6083, 0.1190
0.6083, 0.1190
0.6083, 0.1190
0.6083, 0.1190
0.6083, 0.1190
0.6083, 0.1190
0.6083, 0.1190
0.6083, 0.1190
0.6127, 0.1165
0.6127, 0.1165
0.6127, 0.1165
0.6127, 0.1165
0.6127, 0.1165
0.6127, 0.1165
0.6127, 0.1165
0.6127, 0.1165
0.6127, 0.1165
0.6127, 0.1165
0.6127, 0.1165
0.6127, 0.1165
0.6127, 0.1165
0.6127, 0.1139
0.6127, 0.1139
0.6127, 0.1139
0.6127, 0.1139
0.6127, 0.1139
0.6170, 0.1139
0.6170, 0.1139
0.6170, 0.1139
0.6170, 0.1114
0.6170, 0.1114
0.6170, 0.1114
0.6170, 0.1114
0.6170, 0.1114
0.6170, 0.1114
0.6170, 0.1114
0.6213, 0.1089
0.6213, 0.1089
0.6213, 0.1089
0.6213, 0.1089
0.6213, 0.1089
0.6213, 0.1089
0.6213, 0.1089
0.6213, 0.1089
0.6213, 0.1089
0.6213, 0.1089
0.6257, 0.1063
0.6257, 0.1063
0.6257, 0.1063
0.6257, 0.1063
0.6257, 0.1063
0.6300, 0.1038
0.6300, 0.1038
0.6300, 0.1038
0.6300, 0.1038
0.6300, 0.1038
0.6343, 0.1038
0.6343, 0.1038
0.6343, 0.1038
0.6343, 0.1038
0.6343, 0.1038
0.6343, 0.1038
0.6343, 0.1038
0.6343, 0.1038
0.6343, 0.1013
0.6343, 0.1013
0.6386, 0.1013
0.6386, 0.1013
0.6386, 0.1013
0.6430, 0.0987
0.6430, 0.0987
0.6430, 0.0987
0.6430, 0.0987
0.6430, 0.0987
0.6430, 0.0962
0.6430, 0.0962
0.6473, 0.0962
0.6473, 0.0962
0.6473, 0.0962
0.6516, 0.0962
0.6516, 0.0962
0.6560, 0.0937
0.6560, 0.0937
0.6560, 0.0937
0.6560, 0.0937
0.6560, 0.0937
0.6604, 0.0911
0.6604, 0.0911
0.6647, 0.0911
0.6647, 0.0911
0.6647, 0.0911
0.6647, 0.0911
0.6647, 0.0911
0.6691, 0.0911
0.6691, 0.0911
0.6691, 0.0911
0.6734, 0.0911
0.6734, 0.0911
0.6734, 0.0911
0.6734, 0.0911
0.6734, 0.0911
0.6777, 0.0886
0.6777, 0.0886
0.6820, 0.0886
0.6820, 0.0886
0.6820, 0.0886
0.6820, 0.0886
0.6820, 0.0886
0.6864, 0.0886
0.6864, 0.0886
0.6864, 0.0886
0.6864, 0.0886
0.6864, 0.0886
0.6864, 0.0886
0.6864, 0.0886
0.6864, 0.0886
0.6864, 0.0886
0.6864, 0.0886
0.6864, 0.0861
0.6864, 0.0861
0.6864, 0.0861
0.6907, 0.0861
0.6907, 0.0861
0.6950, 0.0861
0.6950, 0.0861
0.6950, 0.0861
0.6950, 0.0861
0.6950, 0.0861
0.6994, 0.0861
0.6994, 0.0861
0.7037, 0.0861
0.7037, 0.0861
0.7037, 0.0861
0.7080, 0.0835
0.7080, 0.0835
0.7080, 0.0835
0.7080, 0.0835
0.7080, 0.0835
0.7080, 0.0835
0.7080, 0.0835
0.7080, 0.0835
0.7080, 0.0835
0.7080, 0.0835
0.7124, 0.0835
0.7124, 0.0835
0.7124, 0.0835
0.7124, 0.0835
0.7124, 0.0835
0.7124, 0.0835
0.7124, 0.0835
0.7124, 0.0835
0.7124, 0.0835
0.7124, 0.0835
0.7124, 0.0835
0.7124, 0.0835
0.7124, 0.0835
0.7124, 0.0835
0.7124, 0.0835
0.7124, 0.0835
0.7124, 0.0835
0.7124, 0.0835
0.7167, 0.0835
0.7167, 0.0835
0.7167, 0.0835
0.7167, 0.0835
0.7167, 0.0835
0.7167, 0.0835
0.7167, 0.0835
0.7167, 0.0835
0.7167, 0.0835
0.7167, 0.0835
0.7167, 0.0835
0.7167, 0.0835
0.7167, 0.0835
0.7167, 0.0810
0.7167, 0.0810
0.7167, 0.0810
0.7167, 0.0810
0.7167, 0.0810
0.7167, 0.0810
0.7167, 0.0810
0.7167, 0.0810
0.7167, 0.0810
0.7167, 0.0810
0.7167, 0.0810
0.7167, 0.0810
0.7167, 0.0810
0.7167, 0.0810
0.7167, 0.0810
0.7167, 0.0810
0.7167, 0.0810
0.7167, 0.0810
0.7167, 0.0785
0.7167, 0.0785
0.7167, 0.0785
0.7167, 0.0785
0.7167, 0.0785
0.7167, 0.0759
0.7167, 0.0759
0.7167, 0.0734
0.7167, 0.0734
0.7167, 0.0709
0.7167, 0.0709
0.7167, 0.0709
0.7167, 0.0709
0.7167, 0.0709
0.7167, 0.0684
0.7167, 0.0684
0.7167, 0.0684
0.7124, 0.0684
0.7124, 0.0684
0.7124, 0.0658
0.7124, 0.0658
0.7124, 0.0658
0.7124, 0.0658
0.7124, 0.0658
0.7080, 0.0633
0.7080, 0.0633
0.7037, 0.0633
0.7037, 0.0633
0.7037, 0.0633
0.7037, 0.0608
0.7037, 0.0608
0.6994, 0.0608
0.6994, 0.0608
0.6994, 0.0608
0.6994, 0.0608
0.6994, 0.0608
0.6994, 0.0582
0.6994, 0.0582
0.6950, 0.0582
0.6950, 0.0582
0.6950, 0.0582
0.6950, 0.0557
0.6950, 0.0557
0.6950, 0.0557
0.6950, 0.0557
0.6907, 0.0532
0.6907, 0.0532
0.6907, 0.0532
0.6907, 0.0532
0.6907, 0.0532
0.6907, 0.0532
0.6907, 0.0532
0.6907, 0.0532
0.6907, 0.0532
0.6907, 0.0532
0.6864, 0.0532
0.6864, 0.0532
0.6864, 0.0532
0.6820, 0.0506
0.6820, 0.0506
0.6820, 0.0481
0.6820, 0.0481
0.6777, 0.0481
0.6777, 0.0481
0.6777, 0.0481
0.6777, 0.0481
0.6777, 0.0481
0.6777, 0.0481
0.6777, 0.0481
0.6734, 0.0456
0.6734, 0.0456
0.6691, 0.0430
0.6691, 0.0430
0.6691, 0.0430
0.6691, 0.0430
0.6691, 0.0430
0.6647, 0.0405
0.6647, 0.0405
0.6647, 0.0405
0.6604, 0.0405
0.6604, 0.0405
0.6560, 0.0380
0.6560, 0.0380
0.6516, 0.0354
0.6516, 0.0354
0.6516, 0.0354
0.6473, 0.0329
0.6473, 0.0329
0.6430, 0.0329
0.6430, 0.0329
0.6430, 0.0329
0.6386, 0.0304
0.6386, 0.0304
0.6300, 0.0278
0.6300, 0.0278
0.6257, 0.0253
0.6257, 0.0253
0.6257, 0.0253
0.6213, 0.0253
0.6213, 0.0253
0.6170, 0.0228
0.6170, 0.0228
0.6170, 0.0203
0.6170, 0.0203
0.6170, 0.0203
0.6170, 0.0203
0.6170, 0.0203
0.6127, 0.0177
0.6127, 0.0177
0.6127, 0.0177
0.6127, 0.0177
0.6127, 0.0177
0.6040, 0.0127
0.6040, 0.0127
0.6040, 0.0127
0.6040, 0.0127
0.6040, 0.0127
0.6040, 0.0101
0.6040, 0.0101
0.6040, 0.0076
0.6040, 0.0076
0.5997, 0.0076
0.5997, 0.0076
0.5997, 0.0076
0.5997, 0.0076
0.5997, 0.0076
0.5997, 0.0051
0.5997, 0.0051
0.5954, 0.0051
0.5954, 0.0051
0.5954, 0.0051
0.5954, 0.0025
0.5954, 0.0025
0.5954, 0.0025
0.5954, 0.0025
0.5954, 0.0025
0.5954, 0.0025
0.5954, 0.0025
0.5954, 0.0025
0.5954, 0.0025
0.5954, 0.0025
0.5954, 0.0025
0.5954, 0.0025
0.5954, 0.0025
0.5954, 0.0025
0.5954, 0.0025
0.5954, 0.0000
0.5954, 0.0000
0.5954, 0.0000
0.5954, 0.0000
0.5954, 0.0000
0.5954, 0.0000
0.5954, 0.0000
0.5954, 0.0000
0.5954, 0.0000
0.5954, 0.0000
0.5954, 0.0000
0.5954, 0.0000
0.5954, 0.0000
0.5954, 0.0000
0.5910, 0.0000
0.5910, 0.0000
0.5910, 0.0000
0.5910, 0.0000
0.5910, 0.0000
0.5910, 0.0000
0.5910, 0.0000
0.5910, 0.0000
0.5910, 0.0000
0.5910, 0.0000
0.5910, 0.0000
0.5910, 0.0000
0.5910, 0.0000
0.5910, 0.0000
0.5910, 0.0000
0.5910, 0.0000
0.5910, 0.0000
0.5910, 0.0000
0.5910, 0.0000
0.5910, 0.0000
0.5910, 0.0000
0.5910, 0.0000
0.5910, 0.0000
0.5910, 0.0000
0.5910, 0.0000
0.5910, 0.0000
0.5910, 0.0000
0.5910, 0.0000
0.5910, 0.0000
0.5910, 0.0000
0.5910, 0.0000
0.5867, 0.0000
0.5867, 0.0000
0.5867, 0.0000
0.5867, 0.0000
0.5867, 0.0000
0.5867, 0.0000
0.5867, 0.0000
0.5867, 0.0000
0.5867, 0.0000
0.5867, 0.0000
0.5867, 0.0000
0.5867, 0.0000
