0.0798, 0.0828
0.0736, 0.1074
0.0675, 0.1257
0.0613, 0.1442
0.0552, 0.1687
0.0368, 0.1932
0.0307, 0.2239
0.0245, 0.2607
0.0245, 0.2853
0.0123, 0.3282
0.0123, 0.3650
0.0061, 0.4080
0.0061, 0.4509
0.0000, 0.4755
0.0000, 0.5061
0.0000, 0.5368
0.0000, 0.5675
0.0000, 0.5982
0.0000, 0.6227
0.0000, 0.6534
0.0000, 0.6718
0.0000, 0.7024
0.0000, 0.7147
0.0061, 0.7331
0.0184, 0.7577
0.0245, 0.7761
0.0429, 0.7822
0.0552, 0.8068
0.0675, 0.8190
0.0920, 0.8252
0.1104, 0.8374
0.1288, 0.8558
0.1595, 0.8620
0.1902, 0.8681
0.2147, 0.8804
0.2454, 0.8865
0.2638, 0.8926
0.2945, 0.8926
0.3190, 0.9049
0.3558, 0.9049
0.3865, 0.9110
0.4172, 0.9110
0.4478, 0.9110
0.4847, 0.9110
0.5092, 0.9110
0.5460, 0.9110
0.5706, 0.9110
0.6012, 0.9110
0.6196, 0.9110
0.6503, 0.9110
0.6687, 0.9110
0.6871, 0.9049
0.7055, 0.8926
0.7178, 0.8865
0.7362, 0.8804
0.7546, 0.8742
0.7669, 0.8620
0.7914, 0.8436
0.8098, 0.8313
0.8221, 0.8190
0.8405, 0.8068
0.8528, 0.7883
0.8650, 0.7699
0.8773, 0.7577
0.8957, 0.7393
0.9080, 0.7209
0.9202, 0.6902
0.9264, 0.6718
0.9448, 0.6411
0.9509, 0.6227
0.9632, 0.5982
0.9693, 0.5675
0.9755, 0.5368
0.9816, 0.5184
0.9939, 0.4877
0.9939, 0.4632
1.0000, 0.4386
1.0000, 0.4202
1.0000, 0.4018
1.0000, 0.3773
1.0000, 0.3589
1.0000, 0.3344
1.0000, 0.3159
1.0000, 0.3037
1.0000, 0.2853
1.0000, 0.2730
1.0000, 0.2607
1.0000, 0.2546
1.0000, 0.2485
1.0000, 0.2362
1.0000, 0.2300
1.0000, 0.2239
1.0000, 0.2178
0.9877, 0.2116
0.9816, 0.2116
0.9755, 0.2055
0.9632, 0.2055

0.6258, 0.9172
0.6135, 0.9049
0.5951, 0.8926
0.5706, 0.8804
0.5522, 0.8681
0.5276, 0.8497
0.5153, 0.8374
0.5031, 0.8313
0.4908, 0.8190
0.4785, 0.8068
0.4663, 0.8006
0.4601, 0.7945
0.4540, 0.7945
0.4540, 0.7883
0.4540, 0.7822
0.4540, 0.7761
0.4724, 0.7638
0.5031, 0.7515
0.5215, 0.7454
0.5522, 0.7331
0.5706, 0.7270
0.5951, 0.7209
0.6074, 0.7147
0.6135, 0.7024
0.6196, 0.6963
0.6196, 0.6902
0.6196, 0.6840
0.6196, 0.6718
0.6196, 0.6534
0.6196, 0.6411
0.6074, 0.6227
0.5828, 0.6043
0.5644, 0.5920
0.5460, 0.5798
0.5276, 0.5675
0.5153, 0.5613
0.5092, 0.5491
0.5031, 0.5429
0.4969, 0.5429
0.4969, 0.5368
0.5031, 0.5307
0.5153, 0.5307
0.5215, 0.5245
0.5337, 0.5245
0.5399, 0.5245
0.5399, 0.5184
0.5399, 0.5123
0.5399, 0.5000
0.5460, 0.4939
0.5460, 0.4877
0.5460, 0.4816
0.5460, 0.4755
0.5460, 0.4693
0.5460, 0.4632
0.5460, 0.4509
0.5460, 0.4448
0.5460, 0.4386
0.5460, 0.4264
0.5399, 0.4141
0.5276, 0.3957
0.5153, 0.3834
0.5031, 0.3711
0.5031, 0.3589
0.4908, 0.3466
0.4908, 0.3405
0.4785, 0.3344
0.4785, 0.3282
0.4724, 0.3282
0.4724, 0.3221
