0.2312, 0.0000
0.2254, 0.0000
0.2139, 0.0115
0.1965, 0.0289
0.1792, 0.0520
0.1676, 0.0751
0.1503, 0.0925
0.1387, 0.1098
0.1329, 0.1387
0.1214, 0.1792
0.1214, 0.2081
0.1098, 0.2428
0.1040, 0.2832
0.1040, 0.3179
0.1040, 0.3584
0.1040, 0.3931
0.0983, 0.4277
0.0983, 0.4566
0.0983, 0.4855
0.0983, 0.5145
0.0983, 0.5491
0.1040, 0.5723
0.1040, 0.6012
0.1156, 0.6243
0.1214, 0.6532
0.1272, 0.6821
0.1329, 0.7110
0.1445, 0.7341
0.1503, 0.7630
0.1676, 0.7919
0.1850, 0.8093
0.1965, 0.8382
0.2139, 0.8555
0.2254, 0.8670
0.2370, 0.8902
0.2485, 0.9017
0.2659, 0.9075
0.2775, 0.9191
0.2948, 0.9249
0.3179, 0.9364
0.3295, 0.9422
0.3526, 0.9480
0.3699, 0.9480
0.3873, 0.9538
0.4046, 0.9538
0.4162, 0.9538
0.4335, 0.9538
0.4624, 0.9480
0.4855, 0.9249
0.5145, 0.9075
0.5434, 0.8960
0.5665, 0.8728
0.5838, 0.8555
0.6127, 0.8266
0.6416, 0.8093
0.6590, 0.7861
0.6763, 0.7688
0.6994, 0.7399
0.7168, 0.7225
0.7399, 0.7052
0.7572, 0.6821
0.7746, 0.6590
0.7919, 0.6301
0.8092, 0.6069
0.8208, 0.5780
0.8381, 0.5549
0.8497, 0.5318
0.8613, 0.5087
0.8786, 0.4740
0.8844, 0.4451
0.8902, 0.4162
0.8960, 0.3931
0.8960, 0.3642
0.9017, 0.3295
0.9017, 0.3006
0.9017, 0.2717
0.9017, 0.2485
0.9017, 0.2312
0.9017, 0.2023
0.9017, 0.1850
0.8960, 0.1619
0.8960, 0.1503
0.8902, 0.1387
0.8844, 0.1272
0.8844, 0.1156
0.8728, 0.1098
0.8670, 0.1098
0.8670, 0.1040
0.8613, 0.1040

0.4913, 1.0000
0.4913, 0.9595
0.4913, 0.9191
0.4913, 0.8786
0.4855, 0.8382
0.4798, 0.7919
0.4740, 0.7630
0.4682, 0.7283
0.4682, 0.7168
0.4682, 0.7052
0.4740, 0.6994
0.5029, 0.6936
0.5318, 0.6936
0.5549, 0.6879
0.5665, 0.6879
0.5723, 0.6879
0.5723, 0.6821
0.5723, 0.6705
0.5549, 0.6532
0.5376, 0.6416
0.5260, 0.6301
0.5202, 0.6185
0.5087, 0.5954
0.4913, 0.5838
0.4913, 0.5723
0.4798, 0.5607
0.4798, 0.5549
0.4798, 0.5491
0.4740, 0.5434
0.4740, 0.5376
0.4740, 0.5318
0.4740, 0.5260
0.4740, 0.5145
0.4740, 0.5029
0.4798, 0.4913
0.4798, 0.4798
0.4913, 0.4624
0.4913, 0.4451
0.5087, 0.4277
0.5087, 0.3988
0.5145, 0.3873
0.5145, 0.3642
0.5145, 0.3468
0.5145, 0.3353
0.5145, 0.3179
0.5145, 0.3121
0.5145, 0.3006
0.5145, 0.2890
0.5145, 0.2717
0.5202, 0.2601
0.5202, 0.2485
0.5202, 0.2428
0.5202, 0.2254
0.5202, 0.2139
0.5202, 0.2023
0.5202, 0.1965
0.5202, 0.1907
0.5202, 0.1792
0.5202, 0.1734
0.5202, 0.1676
0.5202, 0.1619
0.5202, 0.1561
