0.1923, 0.0000
0.1859, 0.0000
0.1731, 0.0321
0.1602, 0.0577
0.1410, 0.0962
0.1218, 0.1346
0.1090, 0.1795
0.0833, 0.2179
0.0769, 0.2628
0.0641, 0.3077
0.0577, 0.3526
0.0577, 0.4038
0.0513, 0.4423
0.0513, 0.4872
0.0513, 0.5257
0.0513, 0.5577
0.0513, 0.5897
0.0641, 0.6346
0.0705, 0.6667
0.0833, 0.6987
0.1026, 0.7308
0.1154, 0.7628
0.1346, 0.7885
0.1602, 0.8205
0.1731, 0.8462
0.1987, 0.8718
0.2179, 0.8910
0.2372, 0.9039
0.2564, 0.9295
0.2756, 0.9423
0.2949, 0.9487
0.3205, 0.9551
0.3333, 0.9744
0.3590, 0.9744
0.3782, 0.9808
0.3974, 0.9872
0.4231, 0.9936
0.4487, 0.9936
0.4743, 1.0000
0.4936, 1.0000
0.5064, 1.0000
0.5256, 1.0000
0.5385, 1.0000
0.5449, 1.0000
0.5577, 1.0000
0.5769, 0.9936
0.5897, 0.9872
0.6026, 0.9808
0.6218, 0.9679
0.6410, 0.9616
0.6603, 0.9487
0.6859, 0.9359
0.7051, 0.9103
0.7308, 0.8974
0.7500, 0.8782
0.7692, 0.8526
0.7949, 0.8333
0.8141, 0.8013
0.8333, 0.7821
0.8526, 0.7500
0.8654, 0.7244
0.8910, 0.6923
0.8974, 0.6667
0.9167, 0.6282
0.9231, 0.5962
0.9231, 0.5705
0.9295, 0.5449
0.9423, 0.5128
0.9423, 0.4872
0.9423, 0.4615
0.9487, 0.4359
0.9487, 0.4038
0.9487, 0.3718
0.9487, 0.3462
0.9487, 0.3077
0.9359, 0.2756
0.9295, 0.2500
0.9231, 0.2179
0.9167, 0.1923
0.9167, 0.1731
0.9103, 0.1539
0.9038, 0.1410
0.8974, 0.1218
0.8974, 0.1090
0.8846, 0.1090
0.8846, 0.1026

0.5641, 0.9679
0.5641, 0.9616
0.5769, 0.9423
0.5897, 0.9295
0.5962, 0.9103
0.6026, 0.9039
0.6090, 0.8910
0.6218, 0.8846
0.6218, 0.8718
0.6218, 0.8526
0.6218, 0.8333
0.6154, 0.8013
0.5962, 0.7821
0.5769, 0.7628
0.5513, 0.7308
0.5320, 0.7180
0.5128, 0.6923
0.5000, 0.6795
0.4872, 0.6667
0.4808, 0.6538
0.4679, 0.6410
0.4679, 0.6346
0.4679, 0.6282
0.4679, 0.6154
0.4743, 0.6090
0.4872, 0.5897
0.4936, 0.5833
0.5000, 0.5769
0.5064, 0.5641
0.5192, 0.5513
0.5256, 0.5385
0.5320, 0.5192
0.5320, 0.5000
0.5320, 0.4808
0.5385, 0.4743
0.5385, 0.4615
0.5385, 0.4487
0.5385, 0.4423
0.5385, 0.4231
0.5385, 0.4103
0.5320, 0.3974
0.5256, 0.3782
0.5128, 0.3654
0.5000, 0.3526
0.4872, 0.3397
0.4743, 0.3205
0.4679, 0.3077
0.4551, 0.3013
0.4487, 0.2885
0.4423, 0.2756
0.4423, 0.2692
0.4423, 0.2628
0.4423, 0.2564
0.4423, 0.2500
0.4423, 0.2436
0.4423, 0.2372
0.4423, 0.2308
0.4423, 0.2115
0.4487, 0.2115
0.4487, 0.2051
0.4615, 0.2051
0.4615, 0.1987
0.4679, 0.1987
0.4679, 0.1923
0.4679, 0.1859
0.4743, 0.1795
0.4808, 0.1667
0.4808, 0.1602
0.4872, 0.1602
0.4872, 0.1539
0.4872, 0.1474
0.4872, 0.1410
0.4936, 0.1410
0.4936, 0.1346
0.5000, 0.1346
0.5064, 0.1346
0.5192, 0.1346
0.5256, 0.1346
0.5320, 0.1346
0.5385, 0.1346
