0.1941, 0.0088
0.1824, 0.0147
0.1765, 0.0324
0.1647, 0.0500
0.1530, 0.0735
0.1412, 0.0971
0.1353, 0.1147
0.1177, 0.1324
0.1118, 0.1618
0.1000, 0.1794
0.0882, 0.2206
0.0765, 0.2500
0.0647, 0.2794
0.0529, 0.3147
0.0412, 0.3500
0.0353, 0.3794
0.0235, 0.4029
0.0177, 0.4324
0.0118, 0.4559
0.0118, 0.4912
0.0059, 0.5206
0.0000, 0.5441
0.0000, 0.5735
0.0000, 0.6029
0.0000, 0.6324
0.0000, 0.6559
0.0000, 0.6853
0.0000, 0.7147
0.0059, 0.7382
0.0059, 0.7618
0.0118, 0.7853
0.0294, 0.8029
0.0353, 0.8206
0.0412, 0.8441
0.0529, 0.8618
0.0647, 0.8794
0.0882, 0.8971
0.1118, 0.9206
0.1294, 0.9323
0.1471, 0.9441
0.1647, 0.9500
0.1824, 0.9676
0.1941, 0.9676
0.2118, 0.9794
0.2294, 0.9794
0.2471, 0.9853
0.2588, 0.9912
0.2824, 0.9912
0.3000, 0.9912
0.3294, 0.9912
0.3529, 0.9912
0.3824, 0.9912
0.4177, 0.9912
0.4412, 0.9912
0.4706, 0.9912
0.4882, 0.9912
0.5235, 0.9853
0.5412, 0.9735
0.5706, 0.9676
0.5882, 0.9559
0.6118, 0.9441
0.6353, 0.9382
0.6588, 0.9265
0.6765, 0.9147
0.7000, 0.9029
0.7235, 0.8912
0.7471, 0.8794
0.7706, 0.8676
0.7882, 0.8441
0.8059, 0.8323
0.8177, 0.8206
0.8353, 0.7970
0.8588, 0.7794
0.8706, 0.7500
0.8882, 0.7324
0.9059, 0.7029
0.9176, 0.6794
0.9294, 0.6500
0.9353, 0.6265
0.9529, 0.5912
0.9588, 0.5618
0.9706, 0.5323
0.9765, 0.5030
0.9765, 0.4794
0.9823, 0.4500
0.9882, 0.4206
0.9882, 0.3971
0.9882, 0.3677
0.9882, 0.3441
1.0000, 0.3147
1.0000, 0.2971
1.0000, 0.2735
1.0000, 0.2618
1.0000, 0.2500
1.0000, 0.2383
1.0000, 0.2265
1.0000, 0.2206
1.0000, 0.2147
1.0000, 0.2088
1.0000, 0.2030
1.0000, 0.1971
1.0000, 0.1912
0.9941, 0.1912

0.4706, 0.9735
0.4823, 0.9676
0.4823, 0.9500
0.4823, 0.9323
0.4823, 0.9147
0.4765, 0.8853
0.4588, 0.8676
0.4529, 0.8559
0.4471, 0.8382
0.4412, 0.8265
0.4412, 0.8206
0.4412, 0.8147
0.4412, 0.8088
0.4647, 0.7970
0.4882, 0.7794
0.5177, 0.7735
0.5471, 0.7677
0.5765, 0.7559
0.6000, 0.7500
0.6118, 0.7382
0.6176, 0.7382
0.6176, 0.7265
0.6235, 0.7088
0.6235, 0.6853
0.6235, 0.6676
0.6000, 0.6441
0.5882, 0.6206
0.5588, 0.5912
0.5412, 0.5676
0.5235, 0.5559
0.5059, 0.5382
0.4941, 0.5265
0.4941, 0.5206
0.4882, 0.5206
0.4882, 0.5147
0.4823, 0.5088
0.4823, 0.4971
0.4823, 0.4912
0.4823, 0.4794
0.4882, 0.4677
0.5000, 0.4500
0.5177, 0.4382
0.5294, 0.4265
0.5412, 0.4147
0.5471, 0.4088
0.5530, 0.3971
0.5530, 0.3853
0.5647, 0.3794
0.5647, 0.3618
0.5647, 0.3441
0.5588, 0.3324
0.5530, 0.3206
0.5412, 0.3029
0.5294, 0.2912
0.5235, 0.2794
0.5059, 0.2676
0.4941, 0.2500
0.4823, 0.2441
0.4765, 0.2383
0.4706, 0.2324
0.4588, 0.2265
0.4588, 0.2206
0.4529, 0.2206
0.4529, 0.2147
0.4647, 0.2030
0.4823, 0.1971
0.4941, 0.1853
0.5118, 0.1794
0.5177, 0.1735
0.5235, 0.1677
0.5235, 0.1559
0.5235, 0.1500
0.5235, 0.1441
0.5235, 0.1382
