0.0897, 0.7949
0.0855, 0.7949
0.0812, 0.7949
0.0769, 0.7949
0.0726, 0.7906
0.0684, 0.7906
0.0641, 0.7906
0.0641, 0.7863
0.0598, 0.7863
0.0513, 0.7863
0.0513, 0.7821
0.0470, 0.7821
0.0427, 0.7821
0.0427, 0.7778
0.0385, 0.7735
0.0342, 0.7735
0.0342, 0.7692
0.0299, 0.7650
0.0256, 0.7607
0.0256, 0.7521
0.0171, 0.7479
0.0128, 0.7436
0.0128, 0.7393
0.0085, 0.7351
0.0085, 0.7308
0.0043, 0.7265
0.0043, 0.7179
0.0043, 0.7137
0.0043, 0.7094
0.0043, 0.7051
0.0043, 0.7009
0.0000, 0.6966
0.0000, 0.6923
0.0000, 0.6838
0.0000, 0.6795
0.0000, 0.6752
0.0000, 0.6709
0.0000, 0.6667
0.0000, 0.6624
0.0000, 0.6581
0.0000, 0.6496
0.0000, 0.6453
0.0043, 0.6410
0.0085, 0.6410
0.0128, 0.6368
0.0256, 0.6368
0.0342, 0.6368
0.0470, 0.6368
0.0598, 0.6368
0.0684, 0.6368
0.0769, 0.6368
0.0897, 0.6368
0.0940, 0.6368
0.1026, 0.6368
0.1111, 0.6368
0.1196, 0.6368
0.1282, 0.6410
0.1368, 0.6410
0.1410, 0.6410
0.1453, 0.6410
0.1538, 0.6410
0.1667, 0.6453
0.1709, 0.6453
0.1795, 0.6453
0.1838, 0.6453
0.1966, 0.6453
0.2051, 0.6453
0.2094, 0.6453
0.2179, 0.6453
0.2222, 0.6539
0.2350, 0.6539
0.2393, 0.6539
0.2479, 0.6539
0.2564, 0.6539
0.2607, 0.6581
0.2735, 0.6581
0.2820, 0.6581
0.2906, 0.6581
0.2949, 0.6581
0.3034, 0.6581
0.3077, 0.6581
0.3120, 0.6581
0.3162, 0.6581
0.3205, 0.6581
0.3248, 0.6581
0.3291, 0.6581
0.3376, 0.6581
0.3462, 0.6581
0.3504, 0.6581
0.3547, 0.6581
0.3590, 0.6581
0.3632, 0.6581
0.3718, 0.6581
0.3761, 0.6581
0.3803, 0.6581
0.3846, 0.6581
0.3889, 0.6581
0.3974, 0.6581
0.4017, 0.6581
0.4102, 0.6581
0.4145, 0.6581
0.4188, 0.6496
0.4273, 0.6496
0.4359, 0.6496
0.4444, 0.6496
0.4487, 0.6496
0.4530, 0.6496
0.4573, 0.6453
0.4658, 0.6453
0.4701, 0.6410
0.4786, 0.6410
0.4829, 0.6410
0.4872, 0.6368
0.4957, 0.6368
0.5043, 0.6368
0.5128, 0.6325
0.5171, 0.6325
0.5214, 0.6282
0.5256, 0.6282
0.5299, 0.6239
0.5342, 0.6239
0.5342, 0.6197
0.5385, 0.6197
0.5427, 0.6111
0.5427, 0.6068
0.5513, 0.6068
0.5556, 0.6026
0.5556, 0.5983
0.5598, 0.5983
0.5598, 0.5940
0.5641, 0.5897
0.5684, 0.5855
0.5726, 0.5769
0.5726, 0.5727
0.5726, 0.5684
0.5726, 0.5641
0.5769, 0.5598
0.5769, 0.5556
0.5769, 0.5513
0.5855, 0.5427
0.5855, 0.5342
0.5855, 0.5299
0.5855, 0.5256
0.5855, 0.5214
0.5812, 0.5171
0.5812, 0.5085
0.5769, 0.5085
0.5726, 0.5000
0.5684, 0.5000
0.5684, 0.4915
0.5641, 0.4915
0.5598, 0.4829
0.5556, 0.4786
0.5427, 0.4701
0.5385, 0.4658
0.5342, 0.4615
0.5299, 0.4573
0.5256, 0.4530
0.5214, 0.4487
0.5171, 0.4487
0.5085, 0.4445
0.5000, 0.4359
0.4957, 0.4316
0.4872, 0.4274
0.4829, 0.4274
0.4744, 0.4231
0.4701, 0.4231
0.4658, 0.4188
0.4615, 0.4145
0.4530, 0.4145
0.4530, 0.4103
0.4487, 0.4017
0.4402, 0.4017
0.4316, 0.3974
0.4273, 0.3974
0.4231, 0.3932
0.4188, 0.3889
0.4060, 0.3889
0.4017, 0.3846
0.3932, 0.3846
0.3846, 0.3803
0.3761, 0.3761
0.3632, 0.3675
0.3547, 0.3675
0.3504, 0.3633
0.3333, 0.3633
0.3248, 0.3590
0.3162, 0.3590
0.2991, 0.3547
0.2906, 0.3547
0.2820, 0.3547
0.2735, 0.3547
0.2564, 0.3504
0.2436, 0.3504
0.2393, 0.3504
0.2222, 0.3504
0.2094, 0.3504
0.2008, 0.3504
0.1880, 0.3504
0.1795, 0.3504
0.1709, 0.3504
0.1667, 0.3504
0.1538, 0.3504
0.1496, 0.3504
0.1410, 0.3504
0.1368, 0.3504
0.1325, 0.3504
0.1196, 0.3504
0.1154, 0.3504
0.1111, 0.3504
0.1068, 0.3547
0.1026, 0.3547
0.0983, 0.3547
0.0940, 0.3547
0.0855, 0.3547
0.0812, 0.3590
0.0769, 0.3590
0.0726, 0.3590
0.0684, 0.3590
0.0641, 0.3590
0.0598, 0.3547
0.0513, 0.3462
0.0470, 0.3419
0.0470, 0.3291
0.0427, 0.3205
0.0427, 0.3162
0.0427, 0.3077
0.0427, 0.2949
0.0427, 0.2906
0.0427, 0.2863
0.0427, 0.2778
0.0427, 0.2735
0.0427, 0.2692
0.0427, 0.2607
0.0427, 0.2564
0.0427, 0.2479
0.0470, 0.2436
0.0470, 0.2393
0.0556, 0.2351
0.0556, 0.2265
0.0598, 0.2222
0.0598, 0.2179
0.0641, 0.2179
0.0641, 0.2137
0.0641, 0.2094
0.0684, 0.2094
0.0684, 0.2051
0.0726, 0.2051

0.5769, 0.5470
0.5897, 0.5470
0.5940, 0.5470
0.5983, 0.5470
0.6026, 0.5470
0.6068, 0.5470
0.6111, 0.5470
0.6196, 0.5513
0.6239, 0.5513
0.6282, 0.5513
0.6325, 0.5513
0.6368, 0.5513
0.6410, 0.5513
0.6538, 0.5556
0.6624, 0.5556
0.6667, 0.5556
0.6752, 0.5598
0.6838, 0.5598
0.6966, 0.5598
0.7051, 0.5641
0.7137, 0.5684
0.7265, 0.5684
0.7350, 0.5727
0.7436, 0.5812
0.7479, 0.5812
0.7607, 0.5855
0.7692, 0.5897
0.7778, 0.5940
0.7863, 0.5983
0.7906, 0.6026
0.8034, 0.6068
0.8077, 0.6154
0.8162, 0.6154
0.8205, 0.6197
0.8248, 0.6239
0.8333, 0.6239
0.8376, 0.6282
0.8419, 0.6282
0.8462, 0.6282
0.8504, 0.6282
0.8504, 0.6325
0.8547, 0.6325
0.8590, 0.6325
0.8675, 0.6325
0.8718, 0.6325
0.8761, 0.6325
0.8803, 0.6325
0.8846, 0.6325
0.8889, 0.6325
0.8932, 0.6325
0.9017, 0.6325
0.9060, 0.6325
0.9102, 0.6282
0.9145, 0.6282
0.9188, 0.6282
0.9231, 0.6239
0.9273, 0.6239
0.9316, 0.6197
0.9402, 0.6111
0.9444, 0.6068
0.9487, 0.6026
0.9530, 0.5983
0.9573, 0.5940
0.9615, 0.5855
0.9658, 0.5769
0.9744, 0.5727
0.9786, 0.5684
0.9829, 0.5641
0.9829, 0.5556
0.9829, 0.5513
0.9872, 0.5427
0.9914, 0.5385
0.9914, 0.5342
0.9957, 0.5299
0.9957, 0.5256
0.9957, 0.5214
0.9957, 0.5171
1.0000, 0.5085
1.0000, 0.5043
1.0000, 0.5000
1.0000, 0.4957
1.0000, 0.4915
1.0000, 0.4872
0.9957, 0.4829
0.9914, 0.4786
0.9872, 0.4701
0.9829, 0.4658
0.9701, 0.4615
0.9658, 0.4573
0.9658, 0.4530
0.9573, 0.4487
0.9487, 0.4445
0.9444, 0.4359
0.9359, 0.4359
0.9273, 0.4359
0.9188, 0.4274
0.9145, 0.4274
0.9060, 0.4274
0.8974, 0.4274
0.8974, 0.4231
0.8932, 0.4231
0.8889, 0.4231
0.8846, 0.4231
0.8803, 0.4231
0.8761, 0.4231
0.8718, 0.4231
0.8632, 0.4231
0.8590, 0.4231
0.8547, 0.4231
0.8504, 0.4231
0.8462, 0.4231
0.8419, 0.4231
0.8376, 0.4231
0.8291, 0.4231
0.8248, 0.4231
0.8205, 0.4231
0.8162, 0.4231
0.8120, 0.4231
0.8077, 0.4231
0.8034, 0.4231
0.7949, 0.4231
0.7906, 0.4231
0.7863, 0.4231
0.7820, 0.4231
0.7778, 0.4231
0.7735, 0.4231
0.7692, 0.4231
0.7650, 0.4231
0.7564, 0.4231
0.7521, 0.4231
0.7479, 0.4231
0.7436, 0.4231
