0.1958, 0.8810
0.1905, 0.8810
0.1852, 0.8810
0.1746, 0.8810
0.1693, 0.8810
0.1640, 0.8810
0.1587, 0.8810
0.1481, 0.8810
0.1429, 0.8810
0.1270, 0.8757
0.1217, 0.8757
0.1111, 0.8704
0.1058, 0.8704
0.1005, 0.8704
0.0846, 0.8704
0.0794, 0.8651
0.0741, 0.8598
0.0688, 0.8598
0.0635, 0.8598
0.0582, 0.8545
0.0529, 0.8439
0.0423, 0.8439
0.0370, 0.8439
0.0317, 0.8386
0.0264, 0.8333
0.0212, 0.8333
0.0212, 0.8280
0.0159, 0.8280
0.0159, 0.8227
0.0159, 0.8175
0.0106, 0.8175
0.0106, 0.8122
0.0106, 0.8016
0.0000, 0.7963
0.0000, 0.7910
0.0000, 0.7857
0.0000, 0.7804
0.0000, 0.7751
0.0000, 0.7698
0.0000, 0.7593
0.0000, 0.7540
0.0000, 0.7487
0.0053, 0.7434
0.0053, 0.7381
0.0106, 0.7381
0.0106, 0.7328
0.0159, 0.7275
0.0159, 0.7222
0.0212, 0.7222
0.0264, 0.7116
0.0317, 0.7063
0.0370, 0.7010
0.0476, 0.6958
0.0529, 0.6905
0.0582, 0.6852
0.0688, 0.6799
0.0741, 0.6799
0.0794, 0.6693
0.0952, 0.6640
0.1058, 0.6587
0.1111, 0.6587
0.1164, 0.6534
0.1217, 0.6534
0.1323, 0.6534
0.1376, 0.6534
0.1429, 0.6534
0.1481, 0.6534
0.1534, 0.6534
0.1587, 0.6534
0.1640, 0.6534
0.1693, 0.6534
0.1799, 0.6534
0.1905, 0.6534
0.1958, 0.6534
0.2010, 0.6534
0.2063, 0.6534
0.2116, 0.6534
0.2275, 0.6534
0.2328, 0.6534
0.2381, 0.6534
0.2487, 0.6534
0.2540, 0.6587
0.2645, 0.6587
0.2698, 0.6587
0.2751, 0.6640
0.2804, 0.6640
0.2910, 0.6746
0.3069, 0.6746
0.3122, 0.6799
0.3227, 0.6852
0.3280, 0.6852
0.3333, 0.6905
0.3439, 0.6905
0.3545, 0.6958
0.3598, 0.6958
0.3704, 0.7010
0.3757, 0.7010
0.3810, 0.7010
0.3862, 0.7063
0.3968, 0.7063
0.4074, 0.7063
0.4127, 0.7063
0.4233, 0.7063
0.4391, 0.7063
0.4444, 0.7063
0.4550, 0.7063
0.4656, 0.7063
0.4815, 0.7063
0.4868, 0.7063
0.4974, 0.7063
0.5026, 0.7063
0.5079, 0.7063
0.5132, 0.7063
0.5185, 0.7063
0.5344, 0.7063
0.5344, 0.7010
0.5450, 0.7010
0.5502, 0.7010
0.5555, 0.6958
0.5714, 0.6958
0.5767, 0.6958
0.5820, 0.6958
0.5926, 0.6905
0.5979, 0.6905
0.6138, 0.6852
0.6190, 0.6852
0.6243, 0.6799
0.6349, 0.6799
0.6402, 0.6693
0.6455, 0.6693
0.6508, 0.6640
0.6614, 0.6587
0.6667, 0.6534
0.6719, 0.6534
0.6719, 0.6482
0.6772, 0.6482
0.6825, 0.6429
0.6825, 0.6376
0.6878, 0.6376
0.6878, 0.6270
0.6931, 0.6217
0.6931, 0.6164
0.7037, 0.6111
0.7037, 0.6058
0.7090, 0.6058
0.7090, 0.5952
0.7090, 0.5846
0.7090, 0.5741
0.7090, 0.5688
0.7090, 0.5582
0.7090, 0.5529
0.7090, 0.5370
0.7090, 0.5318
0.6984, 0.5212
0.6931, 0.5106
0.6878, 0.5053
0.6825, 0.4894
0.6772, 0.4841
0.6719, 0.4788
0.6561, 0.4682
0.6455, 0.4630
0.6402, 0.4471
0.6296, 0.4418
0.6190, 0.4365
0.6085, 0.4312
0.5979, 0.4259
0.5926, 0.4206
0.5820, 0.4101
0.5767, 0.4048
0.5608, 0.3995
0.5555, 0.3942
0.5450, 0.3942
0.5344, 0.3889
0.5185, 0.3889
0.5079, 0.3836
0.4974, 0.3836
0.4762, 0.3836
0.4603, 0.3783
0.4444, 0.3783
0.4286, 0.3783
0.4074, 0.3783
0.3862, 0.3783
0.3651, 0.3730
0.3439, 0.3730
0.3280, 0.3730
0.3122, 0.3730
0.2910, 0.3730
0.2804, 0.3624
0.2540, 0.3624
0.2381, 0.3624
0.2275, 0.3624
0.2063, 0.3571
0.1958, 0.3571
0.1905, 0.3518
0.1746, 0.3518
0.1693, 0.3518
0.1640, 0.3466
0.1587, 0.3466
0.1534, 0.3413
0.1481, 0.3413
0.1429, 0.3360
0.1429, 0.3307
0.1376, 0.3307
0.1376, 0.3201
0.1270, 0.3148
0.1270, 0.3095
0.1270, 0.3042
0.1270, 0.2989
0.1270, 0.2937
0.1270, 0.2884
0.1270, 0.2778
0.1270, 0.2725
0.1270, 0.2672
0.1270, 0.2619
0.1270, 0.2566
0.1323, 0.2513
0.1323, 0.2460
0.1323, 0.2354
0.1376, 0.2302
0.1429, 0.2249
0.1429, 0.2196
0.1429, 0.2143
0.1481, 0.2090
0.1534, 0.2037
0.1534, 0.1984
0.1587, 0.1878
0.1640, 0.1825
0.1693, 0.1772
0.1799, 0.1720
0.1799, 0.1667
0.1852, 0.1614
0.1905, 0.1561
0.1958, 0.1561
0.2010, 0.1455
0.2010, 0.1402
0.2063, 0.1402
0.2063, 0.1349
0.2116, 0.1349
0.2116, 0.1296
0.2222, 0.1296
0.2275, 0.1296
0.2328, 0.1296
0.2328, 0.1243
0.2381, 0.1243
0.2434, 0.1243
0.2434, 0.1190
0.2487, 0.1190
0.2540, 0.1190
0.2645, 0.1190
0.2698, 0.1190
0.2751, 0.1190
0.2804, 0.1190
0.2857, 0.1190
0.2910, 0.1190
0.2963, 0.1190
0.3069, 0.1190

0.7143, 0.6534
0.7196, 0.6534
0.7196, 0.6587
0.7302, 0.6587
0.7354, 0.6587
0.7460, 0.6587
0.7513, 0.6640
0.7566, 0.6640
0.7619, 0.6640
0.7672, 0.6640
0.7725, 0.6640
0.7778, 0.6640
0.7883, 0.6640
0.7936, 0.6640
0.7989, 0.6640
0.8042, 0.6640
0.8095, 0.6640
0.8201, 0.6640
0.8254, 0.6640
0.8413, 0.6640
0.8466, 0.6640
0.8571, 0.6640
0.8624, 0.6640
0.8783, 0.6640
0.8836, 0.6640
0.8889, 0.6640
0.8942, 0.6640
0.8995, 0.6640
0.9048, 0.6640
0.9100, 0.6640
0.9206, 0.6640
0.9259, 0.6640
0.9312, 0.6640
0.9365, 0.6640
0.9418, 0.6640
0.9471, 0.6640
0.9524, 0.6640
0.9630, 0.6587
0.9682, 0.6534
0.9735, 0.6534
0.9735, 0.6482
0.9788, 0.6482
0.9788, 0.6429
0.9841, 0.6376
0.9894, 0.6376
0.9894, 0.6270
0.9947, 0.6217
0.9947, 0.6164
0.9947, 0.6111
1.0000, 0.6111
1.0000, 0.6005
1.0000, 0.5952
1.0000, 0.5846
1.0000, 0.5741
1.0000, 0.5635
1.0000, 0.5529
1.0000, 0.5476
0.9947, 0.5318
0.9947, 0.5265
0.9841, 0.5212
0.9788, 0.5106
0.9735, 0.5106
0.9682, 0.5053
0.9577, 0.5053
0.9524, 0.4947
0.9471, 0.4947
0.9418, 0.4947
0.9365, 0.4947
0.9312, 0.4947
0.9259, 0.4947
0.9153, 0.4947
0.9100, 0.4947
0.9048, 0.4947
0.8995, 0.4947
0.8942, 0.4947
0.8889, 0.4947
0.8836, 0.5000
0.8730, 0.5000
0.8730, 0.5053
0.8677, 0.5053
