0.0788, 0.8758
0.0667, 0.8758
0.0606, 0.8758
0.0485, 0.8697
0.0485, 0.8636
0.0424, 0.8576
0.0364, 0.8515
0.0364, 0.8394
0.0303, 0.8333
0.0303, 0.8273
0.0182, 0.8212
0.0182, 0.8152
0.0182, 0.8091
0.0121, 0.8091
0.0121, 0.7909
0.0121, 0.7848
0.0061, 0.7788
0.0061, 0.7727
0.0061, 0.7667
0.0061, 0.7606
0.0000, 0.7545
0.0000, 0.7485
0.0000, 0.7364
0.0303, 0.7303
0.0727, 0.7303
0.0849, 0.7303
0.1030, 0.7303
0.1152, 0.7303
0.1333, 0.7303
0.1455, 0.7303
0.1576, 0.7303
0.1758, 0.7242
0.1879, 0.7242
0.2000, 0.7242
0.2121, 0.7242
0.2303, 0.7242
0.2424, 0.7242
0.2546, 0.7242
0.2727, 0.7242
0.2849, 0.7242
0.2970, 0.7242
0.3030, 0.7182
0.3091, 0.7182
0.3273, 0.7182
0.3394, 0.7182
0.3454, 0.7182
0.3515, 0.7182
0.3576, 0.7182
0.3636, 0.7182
0.3758, 0.7182
0.3818, 0.7182
0.3879, 0.7182
0.3940, 0.7182
0.4000, 0.7182
0.4061, 0.7182
0.4121, 0.7182
0.4242, 0.7121
0.4303, 0.7121
0.4364, 0.7121
0.4424, 0.7121
0.4485, 0.7121
0.4545, 0.7061
0.4727, 0.7061
0.4788, 0.7061
0.4909, 0.7000
0.4970, 0.7000
0.5091, 0.6879
0.5273, 0.6879
0.5394, 0.6818
0.5515, 0.6758
0.5758, 0.6697
0.5818, 0.6636
0.5939, 0.6576
0.6000, 0.6515
0.6121, 0.6394
0.6242, 0.6333
0.6364, 0.6212
0.6424, 0.6151
0.6485, 0.6030
0.6546, 0.5849
0.6606, 0.5727
0.6606, 0.5606
0.6727, 0.5485
0.6788, 0.5243
0.6788, 0.5121
0.6788, 0.5000
0.6788, 0.4818
0.6788, 0.4697
0.6788, 0.4576
0.6788, 0.4515
0.6788, 0.4333
0.6788, 0.4212
0.6667, 0.4152
0.6606, 0.4091
0.6546, 0.3909
0.6485, 0.3909
0.6364, 0.3788
0.6303, 0.3788
0.6121, 0.3788
0.6000, 0.3727
0.5818, 0.3667
0.5576, 0.3667
0.5394, 0.3667
0.5030, 0.3667
0.4848, 0.3667
0.4606, 0.3667
0.4364, 0.3667
0.4121, 0.3667
0.3879, 0.3667
0.3697, 0.3667
0.3454, 0.3667
0.3333, 0.3667
0.3030, 0.3667
0.2909, 0.3667
0.2788, 0.3667
0.2546, 0.3606
0.2485, 0.3606
0.2424, 0.3606
0.2303, 0.3606
0.2182, 0.3606
0.2121, 0.3545
0.2061, 0.3545
0.2000, 0.3545
0.1939, 0.3485
0.1879, 0.3485
0.1818, 0.3364
0.1818, 0.3303
0.1697, 0.3303
0.1636, 0.3303
0.1636, 0.3242
0.1636, 0.3182
0.1576, 0.3121
0.1576, 0.3061
0.1576, 0.3000
0.1576, 0.2879
0.1576, 0.2818
0.1576, 0.2758
0.1576, 0.2636
0.1576, 0.2576
0.1576, 0.2515
0.1576, 0.2394
0.1576, 0.2333
0.1576, 0.2212
0.1576, 0.2152
0.1576, 0.2091
0.1576, 0.2030
0.1576, 0.1909
0.1636, 0.1848
0.1636, 0.1788
0.1758, 0.1727
0.1758, 0.1667
0.1758, 0.1606
0.1818, 0.1545
0.1879, 0.1485
0.1879, 0.1364
0.1939, 0.1364
0.2000, 0.1303
0.2061, 0.1303
0.2121, 0.1242
0.2242, 0.1242
0.2303, 0.1242
0.2485, 0.1242
0.2727, 0.1303
0.2909, 0.1485

0.6061, 0.6333
0.6061, 0.6455
0.6121, 0.6455
0.6242, 0.6455
0.6303, 0.6455
0.6364, 0.6455
0.6485, 0.6455
0.6546, 0.6455
0.6727, 0.6455
0.6788, 0.6455
0.6909, 0.6515
0.7030, 0.6515
0.7091, 0.6515
0.7273, 0.6576
0.7333, 0.6576
0.7394, 0.6576
0.7455, 0.6576
0.7515, 0.6576
0.7576, 0.6576
0.7758, 0.6636
0.7818, 0.6636
0.7939, 0.6636
0.8000, 0.6636
0.8121, 0.6636
0.8243, 0.6636
0.8364, 0.6636
0.8424, 0.6636
0.8485, 0.6636
0.8546, 0.6636
0.8606, 0.6636
0.8667, 0.6636
0.8788, 0.6636
0.8849, 0.6636
0.8909, 0.6636
0.8970, 0.6636
0.9030, 0.6636
0.9091, 0.6636
0.9151, 0.6636
0.9273, 0.6636
0.9333, 0.6636
0.9394, 0.6636
0.9455, 0.6636
0.9515, 0.6576
0.9576, 0.6576
0.9576, 0.6515
0.9637, 0.6394
0.9758, 0.6333
0.9818, 0.6273
0.9879, 0.6091
0.9940, 0.5909
0.9940, 0.5788
1.0000, 0.5667
1.0000, 0.5606
1.0000, 0.5546
1.0000, 0.5485
1.0000, 0.5364
1.0000, 0.5303
0.9940, 0.5303
0.9879, 0.5243
0.9818, 0.5243
0.9697, 0.5243
0.9637, 0.5243
0.9576, 0.5243
0.9515, 0.5243
0.9455, 0.5243
0.9394, 0.5243
0.9333, 0.5243
0.9212, 0.5243
0.9151, 0.5243
0.9091, 0.5243
0.9030, 0.5243
0.8970, 0.5243
