0.2294, 0.8139
0.2165, 0.8139
0.2078, 0.8139
0.2035, 0.8139
0.1862, 0.8139
0.1775, 0.8139
0.1688, 0.8139
0.1515, 0.8139
0.1385, 0.8095
0.1299, 0.8095
0.1126, 0.8052
0.1082, 0.8052
0.0996, 0.8009
0.0909, 0.8009
0.0866, 0.8009
0.0779, 0.7965
0.0693, 0.7965
0.0649, 0.7965
0.0606, 0.7922
0.0563, 0.7922
0.0519, 0.7922
0.0433, 0.7835
0.0390, 0.7835
0.0346, 0.7835
0.0346, 0.7792
0.0303, 0.7792
0.0260, 0.7749
0.0216, 0.7749
0.0173, 0.7749
0.0173, 0.7706
0.0087, 0.7706
0.0087, 0.7662
0.0043, 0.7662
0.0043, 0.7619
0.0000, 0.7576
0.0000, 0.7489
0.0000, 0.7446
0.0000, 0.7403
0.0000, 0.7359
0.0000, 0.7316
0.0000, 0.7273
0.0000, 0.7229
0.0000, 0.7186
0.0000, 0.7100
0.0000, 0.7056
0.0000, 0.7013
0.0000, 0.6970
0.0043, 0.6926
0.0043, 0.6883
0.0130, 0.6840
0.0173, 0.6753
0.0216, 0.6710
0.0216, 0.6667
0.0260, 0.6623
0.0303, 0.6580
0.0346, 0.6537
0.0390, 0.6493
0.0476, 0.6407
0.0519, 0.6364
0.0563, 0.6364
0.0606, 0.6320
0.0649, 0.6277
0.0736, 0.6277
0.0823, 0.6277
0.0866, 0.6234
0.0952, 0.6234
0.0996, 0.6234
0.1082, 0.6190
0.1212, 0.6190
0.1299, 0.6190
0.1385, 0.6190
0.1429, 0.6190
0.1558, 0.6190
0.1645, 0.6147
0.1688, 0.6147
0.1775, 0.6147
0.1905, 0.6147
0.1991, 0.6147
0.2121, 0.6147
0.2251, 0.6147
0.2338, 0.6147
0.2467, 0.6147
0.2554, 0.6147
0.2727, 0.6147
0.2814, 0.6147
0.2987, 0.6147
0.3074, 0.6147
0.3247, 0.6147
0.3377, 0.6147
0.3463, 0.6147
0.3550, 0.6147
0.3680, 0.6147
0.3766, 0.6147
0.3810, 0.6147
0.3896, 0.6147
0.3983, 0.6147
0.4069, 0.6147
0.4156, 0.6061
0.4199, 0.6061
0.4242, 0.6017
0.4329, 0.6017
0.4459, 0.5974
0.4545, 0.5974
0.4632, 0.5931
0.4762, 0.5887
0.4848, 0.5887
0.4892, 0.5844
0.4935, 0.5844
0.5022, 0.5801
0.5108, 0.5801
0.5152, 0.5758
0.5195, 0.5671
0.5238, 0.5671
0.5325, 0.5628
0.5368, 0.5584
0.5411, 0.5541
0.5498, 0.5541
0.5541, 0.5498
0.5584, 0.5455
0.5628, 0.5411
0.5628, 0.5325
0.5671, 0.5281
0.5714, 0.5238
0.5714, 0.5195
0.5758, 0.5151
0.5758, 0.5108
0.5758, 0.4978
0.5758, 0.4935
0.5758, 0.4849
0.5758, 0.4805
0.5758, 0.4762
0.5671, 0.4632
0.5628, 0.4545
0.5541, 0.4545
0.5411, 0.4459
0.5325, 0.4459
0.5238, 0.4416
0.5152, 0.4372
0.5022, 0.4372
0.4848, 0.4329
0.4719, 0.4329
0.4589, 0.4329
0.4372, 0.4242
0.4199, 0.4199
0.3983, 0.4199
0.3723, 0.4156
0.3506, 0.4113
0.3290, 0.4113
0.3160, 0.4069
0.2944, 0.4026
0.2771, 0.3983
0.2684, 0.3896
0.2511, 0.3853
0.2381, 0.3853
0.2294, 0.3810
0.2208, 0.3766
0.2121, 0.3723
0.2078, 0.3723
0.1991, 0.3680
0.1948, 0.3680
0.1862, 0.3636
0.1775, 0.3550
0.1732, 0.3507
0.1688, 0.3507
0.1645, 0.3463
0.1602, 0.3420
0.1515, 0.3420
0.1472, 0.3377
0.1472, 0.3333
0.1429, 0.3290
0.1385, 0.3160
0.1342, 0.3160
0.1342, 0.3117
0.1342, 0.3074
0.1342, 0.3030
0.1342, 0.2987
0.1342, 0.2944
0.1342, 0.2900
0.1342, 0.2814
0.1342, 0.2771
0.1342, 0.2727
0.1342, 0.2684
0.1342, 0.2641
0.1385, 0.2597
0.1429, 0.2468
0.1429, 0.2424
0.1558, 0.2338
0.1645, 0.2294
0.1688, 0.2251
0.1732, 0.2208
0.1818, 0.2121
0.1905, 0.2121
0.1948, 0.2078
0.1991, 0.2035
0.2078, 0.2035
0.2121, 0.1991
0.2251, 0.1948
0.2338, 0.1905
0.2381, 0.1905
0.2424, 0.1905
0.2467, 0.1905
0.2511, 0.1905
0.2554, 0.1861
0.2641, 0.1861

0.5368, 0.5887
0.5455, 0.5887
0.5498, 0.5887
0.5541, 0.5887
0.5628, 0.5931
0.5671, 0.5931
0.5714, 0.5931
0.5844, 0.5931
0.5887, 0.5931
0.5974, 0.5931
0.6017, 0.6017
0.6147, 0.6017
0.6234, 0.6017
0.6320, 0.6017
0.6537, 0.6061
0.6710, 0.6147
0.6926, 0.6190
0.7100, 0.6234
0.7229, 0.6277
0.7403, 0.6364
0.7489, 0.6407
0.7662, 0.6450
0.7792, 0.6493
0.7879, 0.6537
0.8009, 0.6580
0.8095, 0.6623
0.8225, 0.6667
0.8355, 0.6667
0.8442, 0.6753
0.8528, 0.6797
0.8571, 0.6797
0.8701, 0.6840
0.8788, 0.6840
0.8831, 0.6840
0.8918, 0.6840
0.9004, 0.6840
0.9048, 0.6840
0.9091, 0.6840
0.9134, 0.6840
0.9177, 0.6840
0.9221, 0.6840
0.9264, 0.6840
0.9307, 0.6840
0.9394, 0.6840
0.9437, 0.6840
0.9480, 0.6840
0.9524, 0.6797
0.9567, 0.6710
0.9610, 0.6710
0.9654, 0.6667
0.9654, 0.6623
0.9740, 0.6623
0.9784, 0.6580
0.9827, 0.6537
0.9827, 0.6493
0.9870, 0.6450
0.9870, 0.6407
0.9913, 0.6277
0.9913, 0.6234
0.9957, 0.6190
0.9957, 0.6104
1.0000, 0.6061
1.0000, 0.5931
1.0000, 0.5887
1.0000, 0.5844
1.0000, 0.5801
1.0000, 0.5714
1.0000, 0.5628
1.0000, 0.5584
1.0000, 0.5498
1.0000, 0.5455
0.9957, 0.5411
0.9913, 0.5368
0.9870, 0.5238
0.9827, 0.5195
0.9784, 0.5151
0.9697, 0.5151
0.9654, 0.5108
0.9610, 0.5065
0.9567, 0.5022
0.9524, 0.5022
0.9524, 0.4978
0.9480, 0.4978
0.9437, 0.4978
0.9351, 0.4978
0.9307, 0.4978
0.9264, 0.4978
0.9221, 0.4892
0.9177, 0.4892
0.9134, 0.4892
0.9048, 0.4892
0.8961, 0.4892
0.8918, 0.4892
0.8874, 0.4892
0.8831, 0.4892
0.8788, 0.4892
0.8745, 0.4892
0.8701, 0.4892
0.8615, 0.4892
0.8571, 0.4892
0.8528, 0.4892
0.8485, 0.4892
0.8442, 0.4892
0.8442, 0.4935
0.8398, 0.4935
