0.2298, 0.3820
0.2298, 0.3820
0.2298, 0.3820
0.2298, 0.3820
0.2298, 0.3820
0.2298, 0.3820
0.2298, 0.3820
0.2298, 0.3820
0.2298, 0.3820
0.2298, 0.3820
0.2298, 0.3820
0.2298, 0.3820
0.2298, 0.3820
0.2298, 0.3820
0.2298, 0.3820
0.2298, 0.3820
0.2298, 0.3820
0.2298, 0.3820
0.2298, 0.3820
0.2298, 0.3820
0.2298, 0.3820
0.2298, 0.3820
0.2298, 0.3820
0.2298, 0.3820
0.2298, 0.3820
0.2298, 0.3820
0.2298, 0.3820
0.2298, 0.3820
0.2298, 0.3820
0.2298, 0.3820
0.2298, 0.3820
0.2298, 0.3820
0.2298, 0.3820
0.2298, 0.3820
0.2298, 0.3820
0.2298, 0.3820
0.2298, 0.3820
0.2298, 0.3820
0.2298, 0.3820
0.2298, 0.3820
0.2298, 0.3820
0.2298, 0.3820
0.2298, 0.3820
0.2298, 0.3820
0.2298, 0.3820
0.2298, 0.3820
0.2298, 0.3820
0.2298, 0.3820
0.2298, 0.3820
0.2298, 0.3820
0.2298, 0.3820
0.2298, 0.3820
0.2298, 0.3820
0.2298, 0.3820
0.2298, 0.3820
0.2298, 0.3820
0.2298, 0.3820
0.2298, 0.3820
0.2298, 0.3820
0.2298, 0.3820
0.2298, 0.3820
0.2298, 0.3820
0.2298, 0.3820
0.2298, 0.3820
0.2298, 0.3820
0.2298, 0.3820
0.2298, 0.3820
0.2298, 0.3820
0.2298, 0.3820
0.2298, 0.3820
0.2298, 0.3820
0.2298, 0.3820
0.2298, 0.3820
0.2298, 0.3820
0.2298, 0.3820
0.2298, 0.3820
0.2298, 0.3820
0.2298, 0.3820
0.2298, 0.3820
0.2298, 0.3820
0.2298, 0.3820
0.2298, 0.3820
0.2298, 0.3820
0.2298, 0.3820
0.2298, 0.3820
0.2298, 0.3820
0.2298, 0.3820
0.2298, 0.3820
0.2255, 0.3820
0.2255, 0.3820
0.2255, 0.3820
0.2255, 0.3820
0.2255, 0.3820
0.2255, 0.3820
0.2255, 0.3820
0.2255, 0.3820
0.2255, 0.3820
0.2255, 0.3820
0.2255, 0.3820
0.2255, 0.3820
0.2255, 0.3820
0.2255, 0.3820
0.2255, 0.3820
0.2255, 0.3820
0.2255, 0.3820
0.2255, 0.3820
0.2255, 0.3796
0.2255, 0.3796
0.2255, 0.3796
0.2255, 0.3796
0.2255, 0.3796
0.2255, 0.3796
0.2255, 0.3796
0.2255, 0.3796
0.2255, 0.3796
0.2255, 0.3796
0.2255, 0.3796
0.2255, 0.3796
0.2255, 0.3796
0.2213, 0.3796
0.2213, 0.3796
0.2213, 0.3796
0.2213, 0.3796
0.2213, 0.3770
0.2213, 0.3770
0.2213, 0.3770
0.2213, 0.3770
0.2213, 0.3770
0.2213, 0.3770
0.2213, 0.3770
0.2213, 0.3770
0.2213, 0.3770
0.2213, 0.3770
0.2213, 0.3770
0.2213, 0.3770
0.2213, 0.3770
0.2213, 0.3770
0.2213, 0.3770
0.2213, 0.3770
0.2213, 0.3770
0.2213, 0.3770
0.2213, 0.3770
0.2213, 0.3770
0.2213, 0.3770
0.2213, 0.3770
0.2213, 0.3770
0.2170, 0.3770
0.2170, 0.3770
0.2170, 0.3770
0.2170, 0.3770
0.2170, 0.3770
0.2170, 0.3770
0.2170, 0.3770
0.2170, 0.3770
0.2170, 0.3770
0.2170, 0.3770
0.2170, 0.3770
0.2170, 0.3770
0.2170, 0.3770
0.2170, 0.3770
0.2170, 0.3770
0.2170, 0.3770
0.2170, 0.3770
0.2170, 0.3770
0.2170, 0.3770
0.2170, 0.3770
0.2170, 0.3770
0.2170, 0.3770
0.2128, 0.3745
0.2128, 0.3745
0.2128, 0.3745
0.2128, 0.3745
0.2128, 0.3745
0.2128, 0.3745
0.2128, 0.3745
0.2128, 0.3745
0.2128, 0.3745
0.2128, 0.3745
0.2128, 0.3745
0.2128, 0.3745
0.2128, 0.3745
0.2128, 0.3745
0.2128, 0.3745
0.2128, 0.3745
0.2128, 0.3745
0.2128, 0.3719
0.2128, 0.3719
0.2128, 0.3719
0.2128, 0.3719
0.2128, 0.3719
0.2128, 0.3719
0.2128, 0.3719
0.2128, 0.3719
0.2085, 0.3719
0.2085, 0.3719
0.2085, 0.3719
0.2085, 0.3719
0.2085, 0.3719
0.2085, 0.3719
0.2085, 0.3719
0.2085, 0.3719
0.2085, 0.3719
0.2085, 0.3719
0.2085, 0.3719
0.2085, 0.3719
0.2085, 0.3719
0.2085, 0.3719
0.2043, 0.3694
0.2043, 0.3694
0.2043, 0.3694
0.2043, 0.3694
0.2043, 0.3694
0.2043, 0.3694
0.2043, 0.3694
0.2043, 0.3694
0.2043, 0.3694
0.2043, 0.3694
0.2043, 0.3694
0.2043, 0.3694
0.2043, 0.3694
0.2043, 0.3668
0.2043, 0.3668
0.2043, 0.3668
0.2043, 0.3668
0.2043, 0.3668
0.2043, 0.3668
0.2043, 0.3668
0.2043, 0.3668
0.2043, 0.3668
0.2043, 0.3668
0.2043, 0.3668
0.2043, 0.3668
0.2000, 0.3644
0.2000, 0.3644
0.2000, 0.3644
0.2000, 0.3644
0.2000, 0.3644
0.2000, 0.3644
0.2000, 0.3644
0.2000, 0.3644
0.2000, 0.3644
0.1957, 0.3644
0.1957, 0.3644
0.1957, 0.3644
0.1957, 0.3644
0.1957, 0.3644
0.1957, 0.3644
0.1957, 0.3644
0.1957, 0.3644
0.1915, 0.3644
0.1915, 0.3644
0.1915, 0.3644
0.1915, 0.3644
0.1915, 0.3618
0.1915, 0.3618
0.1915, 0.3618
0.1915, 0.3618
0.1915, 0.3618
0.1915, 0.3618
0.1915, 0.3618
0.1915, 0.3618
0.1915, 0.3618
0.1915, 0.3618
0.1915, 0.3618
0.1915, 0.3618
0.1915, 0.3618
0.1872, 0.3593
0.1872, 0.3593
0.1872, 0.3593
0.1872, 0.3593
0.1872, 0.3593
0.1872, 0.3593
0.1872, 0.3593
0.1872, 0.3593
0.1872, 0.3593
0.1872, 0.3593
0.1872, 0.3593
0.1872, 0.3593
0.1830, 0.3593
0.1830, 0.3593
0.1830, 0.3593
0.1830, 0.3593
0.1830, 0.3593
0.1830, 0.3593
0.1830, 0.3593
0.1830, 0.3593
0.1830, 0.3567
0.1830, 0.3567
0.1830, 0.3567
0.1830, 0.3567
0.1830, 0.3567
0.1830, 0.3567
0.1830, 0.3567
0.1830, 0.3567
0.1787, 0.3542
0.1787, 0.3542
0.1787, 0.3542
0.1787, 0.3542
0.1787, 0.3542
0.1787, 0.3542
0.1787, 0.3542
0.1787, 0.3542
0.1787, 0.3542
0.1787, 0.3542
0.1745, 0.3516
0.1745, 0.3516
0.1745, 0.3516
0.1745, 0.3516
0.1745, 0.3516
0.1745, 0.3516
0.1745, 0.3516
0.1745, 0.3516
0.1702, 0.3516
0.1702, 0.3516
0.1702, 0.3516
0.1702, 0.3516
0.1702, 0.3516
0.1702, 0.3516
0.1702, 0.3516
0.1702, 0.3516
0.1702, 0.3492
0.1702, 0.3492
0.1702, 0.3492
0.1702, 0.3492
0.1702, 0.3492
0.1702, 0.3492
0.1702, 0.3492
0.1702, 0.3492
0.1702, 0.3466
0.1702, 0.3466
0.1702, 0.3466
0.1702, 0.3466
0.1702, 0.3466
0.1702, 0.3466
0.1702, 0.3466
0.1702, 0.3466
0.1660, 0.3466
0.1660, 0.3466
0.1660, 0.3466
0.1660, 0.3466
0.1660, 0.3441
0.1660, 0.3441
0.1660, 0.3441
0.1660, 0.3441
0.1660, 0.3441
0.1660, 0.3441
0.1660, 0.3441
0.1660, 0.3441
0.1617, 0.3415
0.1617, 0.3415
0.1617, 0.3415
0.1617, 0.3415
0.1617, 0.3415
0.1617, 0.3415
0.1617, 0.3415
0.1617, 0.3415
0.1617, 0.3415
0.1617, 0.3415
0.1617, 0.3415
0.1617, 0.3415
0.1617, 0.3415
0.1617, 0.3415
0.1617, 0.3415
0.1617, 0.3415
0.1617, 0.3390
0.1617, 0.3390
0.1617, 0.3390
0.1617, 0.3390
0.1617, 0.3390
0.1617, 0.3390
0.1617, 0.3390
0.1617, 0.3390
0.1574, 0.3364
0.1574, 0.3364
0.1574, 0.3364
0.1574, 0.3364
0.1574, 0.3338
0.1574, 0.3338
0.1574, 0.3338
0.1574, 0.3338
0.1574, 0.3338
0.1574, 0.3338
0.1574, 0.3338
0.1574, 0.3338
0.1532, 0.3338
0.1532, 0.3338
0.1532, 0.3338
0.1532, 0.3338
0.1532, 0.3314
0.1532, 0.3314
0.1532, 0.3314
0.1532, 0.3314
0.1532, 0.3314
0.1532, 0.3314
0.1532, 0.3314
0.1532, 0.3314
0.1532, 0.3288
0.1532, 0.3288
0.1532, 0.3288
0.1532, 0.3288
0.1532, 0.3288
0.1532, 0.3288
0.1532, 0.3288
0.1532, 0.3288
0.1532, 0.3288
0.1532, 0.3288
0.1532, 0.3288
0.1532, 0.3288
0.1532, 0.3288
0.1532, 0.3288
0.1532, 0.3288
0.1532, 0.3288
0.1532, 0.3288
0.1532, 0.3263
0.1532, 0.3263
0.1532, 0.3263
0.1489, 0.3263
0.1489, 0.3263
0.1489, 0.3263
0.1489, 0.3263
0.1489, 0.3237
0.1489, 0.3237
0.1489, 0.3237
0.1489, 0.3237
0.1489, 0.3237
0.1489, 0.3237
0.1489, 0.3237
0.1489, 0.3237
0.1489, 0.3212
0.1489, 0.3212
0.1489, 0.3212
0.1489, 0.3212
0.1447, 0.3212
0.1447, 0.3212
0.1447, 0.3212
0.1447, 0.3212
0.1447, 0.3212
0.1447, 0.3212
0.1447, 0.3212
0.1447, 0.3212
0.1447, 0.3186
0.1447, 0.3186
0.1447, 0.3186
0.1447, 0.3186
0.1447, 0.3186
0.1447, 0.3186
0.1447, 0.3186
0.1447, 0.3186
0.1447, 0.3162
0.1447, 0.3162
0.1447, 0.3162
0.1447, 0.3162
0.1447, 0.3162
0.1447, 0.3162
0.1447, 0.3162
0.1447, 0.3162
0.1447, 0.3162
0.1447, 0.3162
0.1447, 0.3162
0.1447, 0.3162
0.1447, 0.3162
0.1447, 0.3162
0.1447, 0.3162
0.1447, 0.3162
0.1447, 0.3162
0.1447, 0.3162
0.1447, 0.3162
0.1447, 0.3162
0.1447, 0.3136
0.1447, 0.3136
0.1447, 0.3136
0.1447, 0.3136
0.1447, 0.3111
0.1447, 0.3111
0.1447, 0.3111
0.1447, 0.3111
0.1447, 0.3111
0.1447, 0.3111
0.1447, 0.3111
0.1447, 0.3111
0.1447, 0.3085
0.1447, 0.3085
0.1447, 0.3085
0.1447, 0.3085
0.1447, 0.3085
0.1447, 0.3085
0.1447, 0.3085
0.1447, 0.3085
0.1447, 0.3085
0.1447, 0.3085
0.1447, 0.3085
0.1447, 0.3060
0.1447, 0.3060
0.1447, 0.3060
0.1447, 0.3060
0.1447, 0.3060
0.1447, 0.3060
0.1447, 0.3060
0.1447, 0.3060
0.1404, 0.3034
0.1404, 0.3034
0.1404, 0.3034
0.1404, 0.3034
0.1404, 0.3034
0.1404, 0.3034
0.1404, 0.3034
0.1404, 0.3034
0.1404, 0.3034
0.1404, 0.3034
0.1404, 0.3034
0.1404, 0.3034
0.1404, 0.3034
0.1404, 0.3034
0.1404, 0.3034
0.1404, 0.3034
0.1404, 0.3034
0.1404, 0.3010
0.1404, 0.3010
0.1404, 0.3010
0.1404, 0.3010
0.1404, 0.3010
0.1404, 0.3010
0.1404, 0.3010
0.1404, 0.3010
0.1404, 0.2984
0.1404, 0.2984
0.1404, 0.2984
0.1404, 0.2959
0.1404, 0.2959
0.1404, 0.2959
0.1404, 0.2959
0.1404, 0.2959
0.1404, 0.2959
0.1404, 0.2959
0.1404, 0.2959
0.1404, 0.2959
0.1404, 0.2959
0.1404, 0.2959
0.1404, 0.2959
0.1404, 0.2959
0.1404, 0.2959
0.1404, 0.2959
0.1404, 0.2959
0.1404, 0.2959
0.1404, 0.2959
0.1404, 0.2959
0.1404, 0.2959
0.1404, 0.2933
0.1404, 0.2933
0.1404, 0.2933
0.1404, 0.2933
0.1447, 0.2933
0.1447, 0.2933
0.1447, 0.2933
0.1447, 0.2933
0.1447, 0.2908
0.1447, 0.2908
0.1447, 0.2908
0.1447, 0.2908
0.1447, 0.2908
0.1447, 0.2908
0.1447, 0.2908
0.1447, 0.2908
0.1447, 0.2908
0.1447, 0.2908
0.1447, 0.2908
0.1489, 0.2908
0.1489, 0.2908
0.1489, 0.2908
0.1489, 0.2908
0.1489, 0.2908
0.1489, 0.2908
0.1489, 0.2908
0.1489, 0.2908
0.1489, 0.2882
0.1489, 0.2882
0.1489, 0.2882
0.1489, 0.2882
0.1489, 0.2882
0.1489, 0.2882
0.1489, 0.2882
0.1489, 0.2882
0.1489, 0.2882
0.1489, 0.2882
0.1489, 0.2882
0.1489, 0.2882
0.1489, 0.2882
0.1489, 0.2882
0.1489, 0.2882
0.1489, 0.2882
0.1489, 0.2858
0.1489, 0.2858
0.1489, 0.2858
0.1489, 0.2858
0.1489, 0.2858
0.1489, 0.2858
0.1489, 0.2858
0.1489, 0.2858
0.1489, 0.2858
0.1489, 0.2858
0.1489, 0.2858
0.1489, 0.2858
0.1489, 0.2858
0.1489, 0.2858
0.1489, 0.2858
0.1489, 0.2858
0.1489, 0.2858
0.1489, 0.2858
0.1489, 0.2858
0.1532, 0.2858
0.1532, 0.2858
0.1532, 0.2858
0.1532, 0.2858
0.1532, 0.2832
0.1532, 0.2832
0.1532, 0.2832
0.1532, 0.2832
0.1532, 0.2832
0.1532, 0.2832
0.1532, 0.2832
0.1532, 0.2832
0.1532, 0.2832
0.1532, 0.2832
0.1532, 0.2832
0.1532, 0.2832
0.1532, 0.2832
0.1532, 0.2832
0.1532, 0.2832
0.1574, 0.2832
0.1574, 0.2832
0.1574, 0.2832
0.1574, 0.2807
0.1574, 0.2807
0.1574, 0.2807
0.1574, 0.2807
0.1574, 0.2807
0.1574, 0.2807
0.1574, 0.2807
0.1574, 0.2807
0.1574, 0.2807
0.1574, 0.2807
0.1574, 0.2807
0.1574, 0.2807
0.1574, 0.2807
0.1574, 0.2807
0.1574, 0.2807
0.1574, 0.2807
0.1574, 0.2807
0.1574, 0.2807
0.1574, 0.2807
0.1574, 0.2807
0.1574, 0.2807
0.1574, 0.2807
0.1574, 0.2807
0.1574, 0.2807
0.1574, 0.2807
0.1574, 0.2807
0.1574, 0.2807
0.1574, 0.2807
0.1574, 0.2781
0.1574, 0.2781
0.1574, 0.2781
0.1574, 0.2781
0.1574, 0.2781
0.1574, 0.2781
0.1574, 0.2781
0.1574, 0.2781
0.1617, 0.2781
0.1617, 0.2781
0.1617, 0.2781
0.1617, 0.2781
0.1617, 0.2781
0.1617, 0.2781
0.1617, 0.2781
0.1617, 0.2781
0.1617, 0.2781
0.1617, 0.2781
0.1617, 0.2781
0.1617, 0.2781
0.1617, 0.2781
0.1617, 0.2781
0.1660, 0.2781
0.1660, 0.2781
0.1660, 0.2781
0.1660, 0.2781
0.1660, 0.2781
0.1660, 0.2781
0.1660, 0.2781
0.1660, 0.2781
0.1660, 0.2781
0.1660, 0.2781
0.1660, 0.2781
0.1660, 0.2781
0.1660, 0.2781
0.1660, 0.2781
0.1660, 0.2781
0.1660, 0.2781
0.1660, 0.2756
0.1660, 0.2756
0.1660, 0.2756
0.1660, 0.2756
0.1660, 0.2756
0.1660, 0.2756
0.1660, 0.2756
0.1660, 0.2756
0.1660, 0.2756
0.1660, 0.2756
0.1660, 0.2756
0.1660, 0.2756
0.1660, 0.2756
0.1660, 0.2756
0.1660, 0.2756
0.1660, 0.2756
0.1702, 0.2756
0.1702, 0.2756
0.1702, 0.2756
0.1702, 0.2756
0.1702, 0.2756
0.1702, 0.2756
0.1702, 0.2756
0.1702, 0.2756
0.1702, 0.2756
0.1702, 0.2756
0.1702, 0.2756
0.1702, 0.2756
0.1702, 0.2756
0.1702, 0.2756
0.1702, 0.2756
0.1745, 0.2756
0.1745, 0.2756
0.1745, 0.2756
0.1745, 0.2730
0.1745, 0.2730
0.1745, 0.2730
0.1745, 0.2730
0.1745, 0.2730
0.1745, 0.2730
0.1745, 0.2730
0.1745, 0.2730
0.1745, 0.2730
0.1745, 0.2730
0.1745, 0.2730
0.1745, 0.2730
0.1787, 0.2730
0.1787, 0.2730
0.1787, 0.2730
0.1787, 0.2730
0.1787, 0.2730
0.1787, 0.2730
0.1787, 0.2730
0.1787, 0.2704
0.1787, 0.2704
0.1787, 0.2704
0.1787, 0.2704
0.1787, 0.2704
0.1787, 0.2704
0.1787, 0.2704
0.1787, 0.2704
0.1787, 0.2704
0.1787, 0.2704
0.1787, 0.2704
0.1787, 0.2704
0.1787, 0.2704
0.1787, 0.2704
0.1787, 0.2704
0.1830, 0.2704
0.1830, 0.2704
0.1830, 0.2704
0.1830, 0.2704
0.1830, 0.2704
0.1830, 0.2704
0.1830, 0.2704
0.1830, 0.2704
0.1830, 0.2704
0.1830, 0.2704
0.1830, 0.2704
0.1872, 0.2704
0.1872, 0.2704
0.1872, 0.2704
0.1872, 0.2704
0.1872, 0.2704
0.1872, 0.2704
0.1872, 0.2704
0.1872, 0.2704
0.1872, 0.2704
0.1872, 0.2704
0.1872, 0.2704
0.1872, 0.2704
0.1872, 0.2704
0.1872, 0.2704
0.1872, 0.2704
0.1872, 0.2704
0.1872, 0.2704
0.1872, 0.2704
0.1872, 0.2680
0.1872, 0.2680
0.1872, 0.2680
0.1872, 0.2680
0.1872, 0.2680
0.1872, 0.2680
0.1872, 0.2680
0.1872, 0.2680
0.1872, 0.2680
0.1872, 0.2680
0.1872, 0.2680
0.1872, 0.2680
0.1915, 0.2680
0.1915, 0.2680
0.1915, 0.2680
0.1915, 0.2680
0.1915, 0.2680
0.1915, 0.2680
0.1915, 0.2680
0.1915, 0.2680
0.1915, 0.2680
0.1915, 0.2680
0.1915, 0.2680
0.1957, 0.2680
0.1957, 0.2680
0.1957, 0.2680
0.1957, 0.2680
0.1957, 0.2680
0.1957, 0.2680
0.1957, 0.2680
0.2000, 0.2680
0.2000, 0.2680
0.2000, 0.2680
0.2000, 0.2680
0.2000, 0.2680
0.2000, 0.2680
0.2000, 0.2680
0.2000, 0.2680
0.2000, 0.2680
0.2000, 0.2680
0.2000, 0.2680
0.2000, 0.2680
0.2000, 0.2680
0.2000, 0.2680
0.2000, 0.2680
0.2000, 0.2680
0.2000, 0.2680
0.2000, 0.2680
0.2000, 0.2680
0.2043, 0.2680
0.2043, 0.2680
0.2043, 0.2680
0.2043, 0.2680
0.2043, 0.2680
0.2043, 0.2680
0.2043, 0.2680
0.2085, 0.2680
0.2085, 0.2680
0.2085, 0.2680
0.2085, 0.2680
0.2085, 0.2680
0.2085, 0.2680
0.2085, 0.2654
0.2085, 0.2654
0.2085, 0.2654
0.2085, 0.2654
0.2085, 0.2654
0.2085, 0.2654
0.2085, 0.2654
0.2085, 0.2654
0.2085, 0.2654
0.2085, 0.2654
0.2128, 0.2654
0.2128, 0.2654
0.2128, 0.2654
0.2128, 0.2654
0.2128, 0.2654
0.2128, 0.2654
0.2128, 0.2654
0.2128, 0.2654
0.2128, 0.2654
0.2170, 0.2654
0.2170, 0.2654
0.2170, 0.2654
0.2170, 0.2654
0.2170, 0.2654
0.2170, 0.2654
0.2170, 0.2654
0.2213, 0.2654
0.2213, 0.2654
0.2213, 0.2654
0.2213, 0.2654
0.2213, 0.2654
0.2213, 0.2654
0.2213, 0.2654
0.2213, 0.2654
0.2213, 0.2654
0.2213, 0.2654
0.2213, 0.2654
0.2213, 0.2654
0.2213, 0.2654
0.2255, 0.2654
0.2255, 0.2654
0.2255, 0.2654
0.2255, 0.2654
0.2255, 0.2654
0.2255, 0.2654
0.2255, 0.2654
0.2255, 0.2654
0.2255, 0.2654
0.2255, 0.2654
0.2255, 0.2654
0.2255, 0.2654
0.2255, 0.2654
0.2298, 0.2654
0.2298, 0.2654
0.2298, 0.2654
0.2298, 0.2654
0.2298, 0.2654
0.2298, 0.2654
0.2298, 0.2654
0.2298, 0.2654
0.2298, 0.2654
0.2298, 0.2654
0.2298, 0.2654
0.2298, 0.2654
0.2298, 0.2654
0.2298, 0.2654
0.2298, 0.2654
0.2298, 0.2654
0.2340, 0.2654
0.2340, 0.2654
0.2340, 0.2654
0.2383, 0.2654
0.2383, 0.2654
0.2383, 0.2654
0.2383, 0.2654
0.2383, 0.2654
0.2383, 0.2654
0.2383, 0.2654
0.2383, 0.2654
0.2383, 0.2654
0.2383, 0.2654
0.2383, 0.2654
0.2426, 0.2654
0.2426, 0.2654
0.2426, 0.2654
0.2426, 0.2654
0.2426, 0.2654
0.2426, 0.2654
0.2426, 0.2654
0.2426, 0.2654
0.2426, 0.2654
0.2426, 0.2654
0.2426, 0.2654
0.2426, 0.2654
0.2426, 0.2654
0.2426, 0.2654
0.2426, 0.2654
0.2426, 0.2654
0.2426, 0.2654
0.2426, 0.2654
0.2426, 0.2654
0.2468, 0.2654
0.2468, 0.2654
0.2468, 0.2654
0.2468, 0.2654
0.2468, 0.2654
0.2468, 0.2654
0.2511, 0.2654
0.2511, 0.2654
0.2511, 0.2654
0.2511, 0.2680
0.2511, 0.2680
0.2511, 0.2680
0.2511, 0.2680
0.2511, 0.2680
0.2511, 0.2680
0.2511, 0.2680
0.2511, 0.2680
0.2511, 0.2680
0.2511, 0.2680
0.2553, 0.2680
0.2553, 0.2680
0.2553, 0.2680
0.2553, 0.2680
0.2553, 0.2680
0.2553, 0.2680
0.2553, 0.2680
0.2553, 0.2680
0.2596, 0.2680
0.2596, 0.2680
0.2596, 0.2680
0.2596, 0.2680
0.2638, 0.2680
0.2638, 0.2680
0.2638, 0.2680
0.2638, 0.2680
0.2638, 0.2680
0.2638, 0.2680
0.2638, 0.2680
0.2638, 0.2680
0.2638, 0.2680
0.2638, 0.2680
0.2638, 0.2680
0.2638, 0.2680
0.2638, 0.2680
0.2638, 0.2680
0.2638, 0.2680
0.2638, 0.2680
0.2638, 0.2680
0.2638, 0.2680
0.2638, 0.2704
0.2638, 0.2704
0.2638, 0.2704
0.2638, 0.2704
0.2638, 0.2704
0.2638, 0.2704
0.2638, 0.2704
0.2681, 0.2704
0.2681, 0.2704
0.2681, 0.2704
0.2681, 0.2704
0.2681, 0.2704
0.2681, 0.2704
0.2681, 0.2704
0.2723, 0.2730
0.2723, 0.2730
0.2723, 0.2730
0.2723, 0.2730
0.2723, 0.2730
0.2723, 0.2730
0.2723, 0.2730
0.2723, 0.2730
0.2723, 0.2730
0.2723, 0.2730
0.2723, 0.2730
0.2766, 0.2730
0.2766, 0.2730
0.2766, 0.2730
0.2766, 0.2756
0.2766, 0.2756
0.2766, 0.2756
0.2809, 0.2756
0.2809, 0.2756
0.2809, 0.2756
0.2809, 0.2756
0.2809, 0.2756
0.2809, 0.2756
0.2809, 0.2756
0.2851, 0.2756
0.2851, 0.2756
0.2851, 0.2756
0.2851, 0.2756
0.2851, 0.2756
0.2851, 0.2756
0.2851, 0.2756
0.2851, 0.2756
0.2851, 0.2756
0.2851, 0.2756
0.2851, 0.2756
0.2851, 0.2756
0.2851, 0.2756
0.2851, 0.2756
0.2851, 0.2756
0.2894, 0.2781
0.2894, 0.2781
0.2894, 0.2781
0.2894, 0.2781
0.2894, 0.2781
0.2894, 0.2781
0.2894, 0.2781
0.2936, 0.2781
0.2936, 0.2781
0.2936, 0.2781
0.2936, 0.2781
0.2936, 0.2781
0.2936, 0.2781
0.2936, 0.2781
0.2936, 0.2781
0.2936, 0.2781
0.2936, 0.2781
0.2936, 0.2807
0.2936, 0.2807
0.2936, 0.2807
0.2936, 0.2807
0.2979, 0.2807
0.2979, 0.2807
0.2979, 0.2807
0.2979, 0.2807
0.2979, 0.2807
0.2979, 0.2807
0.2979, 0.2807
0.3021, 0.2807
0.3021, 0.2807
0.3021, 0.2807
0.3021, 0.2807
0.3021, 0.2807
0.3021, 0.2807
0.3021, 0.2807
0.3021, 0.2807
0.3021, 0.2807
0.3021, 0.2807
0.3021, 0.2807
0.3021, 0.2807
0.3021, 0.2807
0.3021, 0.2807
0.3064, 0.2807
0.3064, 0.2807
0.3064, 0.2807
0.3064, 0.2807
0.3064, 0.2807
0.3064, 0.2807
0.3064, 0.2807
0.3064, 0.2807
0.3064, 0.2807
0.3064, 0.2807
0.3106, 0.2807
0.3106, 0.2807
0.3106, 0.2807
0.3106, 0.2807
0.3106, 0.2807
0.3106, 0.2807
0.3106, 0.2807
0.3149, 0.2832
0.3149, 0.2832
0.3149, 0.2832
0.3149, 0.2832
0.3149, 0.2832
0.3149, 0.2832
0.3149, 0.2832
0.3149, 0.2832
0.3149, 0.2832
0.3149, 0.2832
0.3149, 0.2832
0.3149, 0.2832
0.3149, 0.2832
0.3149, 0.2832
0.3191, 0.2832
0.3191, 0.2832
0.3191, 0.2832
0.3191, 0.2832
0.3191, 0.2858
0.3191, 0.2858
0.3191, 0.2858
0.3234, 0.2858
0.3234, 0.2858
0.3234, 0.2858
0.3234, 0.2858
0.3234, 0.2858
0.3234, 0.2858
0.3234, 0.2858
0.3234, 0.2858
0.3234, 0.2858
0.3234, 0.2858
0.3234, 0.2858
0.3234, 0.2858
0.3234, 0.2858
0.3234, 0.2858
0.3234, 0.2858
0.3234, 0.2858
0.3234, 0.2858
0.3234, 0.2858
0.3277, 0.2882
0.3277, 0.2882
0.3277, 0.2882
0.3277, 0.2882
0.3277, 0.2882
0.3277, 0.2882
0.3319, 0.2882
0.3319, 0.2882
0.3319, 0.2882
0.3319, 0.2882
0.3319, 0.2882
0.3319, 0.2882
0.3319, 0.2882
0.3362, 0.2882
0.3362, 0.2882
0.3362, 0.2882
0.3362, 0.2882
0.3362, 0.2882
0.3362, 0.2882
0.3362, 0.2882
0.3362, 0.2882
0.3362, 0.2882
0.3362, 0.2882
0.3362, 0.2882
0.3362, 0.2882
0.3362, 0.2882
0.3362, 0.2882
0.3362, 0.2882
0.3362, 0.2882
0.3362, 0.2882
0.3362, 0.2882
0.3362, 0.2908
0.3362, 0.2908
0.3362, 0.2908
0.3404, 0.2908
0.3404, 0.2908
0.3404, 0.2908
0.3404, 0.2908
0.3404, 0.2908
0.3404, 0.2908
0.3404, 0.2908
0.3404, 0.2908
0.3404, 0.2908
0.3404, 0.2908
0.3404, 0.2908
0.3404, 0.2908
0.3404, 0.2908
0.3447, 0.2908
0.3447, 0.2908
0.3447, 0.2908
0.3447, 0.2933
0.3447, 0.2933
0.3447, 0.2933
0.3447, 0.2933
0.3447, 0.2933
0.3447, 0.2933
0.3447, 0.2933
0.3447, 0.2933
0.3447, 0.2933
0.3447, 0.2933
0.3447, 0.2933
0.3447, 0.2933
0.3447, 0.2933
0.3447, 0.2933
0.3489, 0.2933
0.3489, 0.2933
0.3489, 0.2933
0.3489, 0.2933
0.3489, 0.2933
0.3489, 0.2933
0.3489, 0.2933
0.3532, 0.2933
0.3532, 0.2933
0.3532, 0.2933
0.3532, 0.2933
0.3532, 0.2933
0.3532, 0.2933
0.3532, 0.2933
0.3532, 0.2933
0.3532, 0.2933
0.3532, 0.2933
0.3574, 0.2959
0.3574, 0.2959
0.3574, 0.2959
0.3574, 0.2959
0.3574, 0.2959
0.3574, 0.2959
0.3574, 0.2959
0.3574, 0.2959
0.3574, 0.2959
0.3574, 0.2959
0.3574, 0.2959
0.3574, 0.2959
0.3574, 0.2959
0.3574, 0.2959
0.3574, 0.2959
0.3574, 0.2959
0.3574, 0.2959
0.3617, 0.2959
0.3617, 0.2959
0.3617, 0.2959
0.3617, 0.2959
0.3617, 0.2959
0.3617, 0.2959
0.3617, 0.2959
0.3617, 0.2959
0.3617, 0.2959
0.3617, 0.2959
0.3617, 0.2959
0.3660, 0.2959
0.3660, 0.2959
0.3660, 0.2959
0.3660, 0.2959
0.3660, 0.2959
0.3660, 0.2959
0.3660, 0.2959
0.3660, 0.2959
0.3660, 0.2959
0.3660, 0.2959
0.3660, 0.2959
0.3660, 0.2959
0.3660, 0.2959
0.3702, 0.2959
0.3702, 0.2959
0.3702, 0.2959
0.3745, 0.2959
0.3745, 0.2959
0.3745, 0.2959
0.3745, 0.2959
0.3745, 0.2959
0.3745, 0.2959
0.3787, 0.2959
0.3787, 0.2959
0.3787, 0.2959
0.3787, 0.2959
0.3787, 0.2959
0.3787, 0.2959
0.3787, 0.2959
0.3787, 0.2959
0.3787, 0.2959
0.3787, 0.2959
0.3787, 0.2959
0.3787, 0.2959
0.3787, 0.2959
0.3830, 0.2959
0.3830, 0.2959
0.3830, 0.2959
0.3830, 0.2959
0.3830, 0.2959
0.3830, 0.2959
0.3830, 0.2959
0.3872, 0.2959
0.3872, 0.2959
0.3872, 0.2959
0.3872, 0.2959
0.3872, 0.2959
0.3872, 0.2959
0.3872, 0.2959
0.3872, 0.2959
0.3872, 0.2959
0.3872, 0.2959
0.3872, 0.2959
0.3872, 0.2959
0.3872, 0.2959
0.3872, 0.2959
0.3872, 0.2959
0.3872, 0.2959
0.3872, 0.2959
0.3915, 0.2959
0.3915, 0.2959
0.3915, 0.2959
0.3915, 0.2959
0.3915, 0.2959
0.3915, 0.2959
0.3915, 0.2959
0.3957, 0.2959
0.3957, 0.2959
0.3957, 0.2959
0.3957, 0.2959
0.3957, 0.2959
0.3957, 0.2959
0.4000, 0.2959
0.4000, 0.2959
0.4000, 0.2959
0.4000, 0.2959
0.4000, 0.2959
0.4000, 0.2959
0.4000, 0.2959
0.4000, 0.2959
0.4000, 0.2959
0.4000, 0.2959
0.4000, 0.2959
0.4000, 0.2959
0.4000, 0.2959
0.4000, 0.2959
0.4043, 0.2959
0.4043, 0.2959
0.4043, 0.2959
0.4043, 0.2959
0.4043, 0.2959
0.4043, 0.2959
0.4043, 0.2959
0.4043, 0.2959
0.4043, 0.2959
0.4043, 0.2959
0.4085, 0.2959
0.4085, 0.2959
0.4085, 0.2959
0.4085, 0.2959
0.4085, 0.2959
0.4085, 0.2959
0.4085, 0.2959
0.4085, 0.2959
0.4085, 0.2959
0.4085, 0.2959
0.4085, 0.2959
0.4085, 0.2959
0.4085, 0.2959
0.4085, 0.2959
0.4085, 0.2959
0.4085, 0.2959
0.4085, 0.2959
0.4085, 0.2959
0.4085, 0.2959
0.4128, 0.2959
0.4128, 0.2959
0.4128, 0.2959
0.4170, 0.2959
0.4170, 0.2959
0.4170, 0.2959
0.4170, 0.2959
0.4170, 0.2959
0.4170, 0.2959
0.4170, 0.2959
0.4170, 0.2959
0.4170, 0.2959
0.4170, 0.2959
0.4170, 0.2959
0.4213, 0.2959
0.4213, 0.2959
0.4213, 0.2959
0.4213, 0.2959
0.4213, 0.2959
0.4213, 0.2959
0.4213, 0.2959
0.4213, 0.2959
0.4213, 0.2959
0.4213, 0.2959
0.4213, 0.2959
0.4213, 0.2959
0.4255, 0.2959
0.4255, 0.2959
0.4298, 0.2959
0.4298, 0.2959
0.4298, 0.2959
0.4298, 0.2959
0.4298, 0.2959
0.4298, 0.2959
0.4298, 0.2959
0.4298, 0.2959
0.4298, 0.2959
0.4298, 0.2959
0.4298, 0.2959
0.4298, 0.2959
0.4298, 0.2959
0.4340, 0.2959
0.4340, 0.2959
0.4340, 0.2959
0.4340, 0.2959
0.4340, 0.2959
0.4340, 0.2959
0.4383, 0.2959
0.4383, 0.2959
0.4383, 0.2959
0.4383, 0.2959
0.4383, 0.2959
0.4383, 0.2959
0.4383, 0.2959
0.4383, 0.2959
0.4383, 0.2959
0.4383, 0.2959
0.4383, 0.2959
0.4383, 0.2959
0.4383, 0.2959
0.4426, 0.2959
0.4426, 0.2959
0.4426, 0.2959
0.4426, 0.2959
0.4426, 0.2959
0.4426, 0.2959
0.4426, 0.2959
0.4426, 0.2959
0.4426, 0.2959
0.4468, 0.2959
0.4468, 0.2959
0.4468, 0.2959
0.4468, 0.2959
0.4468, 0.2959
0.4468, 0.2959
0.4468, 0.2959
0.4468, 0.2959
0.4468, 0.2959
0.4468, 0.2959
0.4511, 0.2959
0.4511, 0.2959
0.4511, 0.2959
0.4511, 0.2959
0.4511, 0.2959
0.4511, 0.2959
0.4511, 0.2959
0.4511, 0.2959
0.4511, 0.2959
0.4511, 0.2959
0.4511, 0.2959
0.4511, 0.2959
0.4511, 0.2959
0.4511, 0.2959
0.4511, 0.2959
0.4511, 0.2959
0.4511, 0.2959
0.4511, 0.2959
0.4511, 0.2959
0.4511, 0.2959
0.4553, 0.2959
0.4553, 0.2959
0.4553, 0.2959
0.4553, 0.2959
0.4553, 0.2959
0.4553, 0.2959
0.4553, 0.2959
0.4553, 0.2959
0.4553, 0.2959
0.4553, 0.2933
0.4553, 0.2933
0.4553, 0.2933
0.4596, 0.2933
0.4596, 0.2933
0.4596, 0.2933
0.4596, 0.2933
0.4596, 0.2933
0.4596, 0.2933
0.4596, 0.2933
0.4596, 0.2933
0.4596, 0.2933
0.4596, 0.2933
0.4596, 0.2933
0.4596, 0.2933
0.4596, 0.2933
0.4596, 0.2933
0.4596, 0.2933
0.4596, 0.2933
0.4596, 0.2933
0.4596, 0.2933
0.4596, 0.2933
0.4596, 0.2933
0.4596, 0.2933
0.4596, 0.2933
0.4596, 0.2933
0.4596, 0.2908
0.4596, 0.2908
0.4596, 0.2908
0.4638, 0.2908
0.4638, 0.2908
0.4638, 0.2908
0.4638, 0.2908
0.4638, 0.2908
0.4638, 0.2908
0.4638, 0.2908
0.4638, 0.2908
0.4638, 0.2908
0.4638, 0.2908
0.4638, 0.2908
0.4638, 0.2908
0.4638, 0.2908
0.4638, 0.2908
0.4638, 0.2908
0.4638, 0.2908
0.4638, 0.2908
0.4681, 0.2908
0.4681, 0.2908
0.4681, 0.2908
0.4681, 0.2908
0.4681, 0.2908
0.4681, 0.2908
0.4681, 0.2908
0.4681, 0.2908
0.4681, 0.2908
0.4681, 0.2908
0.4723, 0.2908
0.4723, 0.2908
0.4723, 0.2908
0.4723, 0.2908
0.4723, 0.2908
0.4723, 0.2908
0.4723, 0.2908
0.4723, 0.2908
0.4723, 0.2908
0.4723, 0.2908
0.4723, 0.2908
0.4723, 0.2908
0.4723, 0.2908
0.4723, 0.2908
0.4723, 0.2908
0.4723, 0.2908
0.4723, 0.2908
0.4723, 0.2908
0.4723, 0.2908
0.4723, 0.2908
0.4723, 0.2882
0.4723, 0.2882
0.4766, 0.2882
0.4766, 0.2882
0.4766, 0.2882
0.4766, 0.2882
0.4766, 0.2882
0.4766, 0.2882
0.4766, 0.2882
0.4766, 0.2882
0.4766, 0.2882
0.4766, 0.2882
0.4809, 0.2882
0.4809, 0.2882
0.4809, 0.2882
0.4809, 0.2882
0.4809, 0.2882
0.4809, 0.2882
0.4809, 0.2858
0.4809, 0.2858
0.4809, 0.2858
0.4809, 0.2858
0.4809, 0.2858
0.4809, 0.2858
0.4809, 0.2858
0.4809, 0.2858
0.4809, 0.2858
0.4809, 0.2858
0.4809, 0.2858
0.4809, 0.2858
0.4809, 0.2858
0.4809, 0.2858
0.4809, 0.2858
0.4851, 0.2832
0.4851, 0.2832
0.4851, 0.2832
0.4851, 0.2832
0.4851, 0.2832
0.4851, 0.2832
0.4894, 0.2832
0.4894, 0.2832
0.4894, 0.2832
0.4894, 0.2832
0.4894, 0.2832
0.4894, 0.2832
0.4894, 0.2832
0.4894, 0.2832
0.4894, 0.2832
0.4894, 0.2832
0.4894, 0.2832
0.4894, 0.2832
0.4894, 0.2832
0.4936, 0.2832
0.4936, 0.2832
0.4936, 0.2832
0.4936, 0.2832
0.4936, 0.2832
0.4936, 0.2832
0.4936, 0.2807
0.4936, 0.2807
0.4936, 0.2807
0.4936, 0.2807
0.4936, 0.2807
0.4936, 0.2807
0.4936, 0.2807
0.4936, 0.2807
0.4936, 0.2807
0.4936, 0.2807
0.4936, 0.2807
0.4936, 0.2807
0.4936, 0.2781
0.4936, 0.2781
0.4936, 0.2781
0.4979, 0.2781
0.4979, 0.2781
0.4979, 0.2781
0.4979, 0.2781
0.4979, 0.2781
0.4979, 0.2781
0.4979, 0.2781
0.4979, 0.2781
0.4979, 0.2781
0.4979, 0.2781
0.5021, 0.2781
0.5021, 0.2781
0.5021, 0.2781
0.5021, 0.2781
0.5021, 0.2781
0.5021, 0.2781
0.5021, 0.2781
0.5021, 0.2781
0.5021, 0.2781
0.5021, 0.2781
0.5021, 0.2781
0.5021, 0.2781
0.5021, 0.2781
0.5021, 0.2781
0.5021, 0.2781
0.5021, 0.2781
0.5021, 0.2756
0.5021, 0.2756
0.5021, 0.2756
0.5021, 0.2756
0.5021, 0.2756
0.5064, 0.2756
0.5064, 0.2756
0.5064, 0.2756
0.5064, 0.2730
0.5064, 0.2730
0.5064, 0.2730
0.5064, 0.2730
0.5064, 0.2730
0.5064, 0.2730
0.5064, 0.2730
0.5064, 0.2730
0.5064, 0.2730
0.5064, 0.2730
0.5106, 0.2730
0.5106, 0.2730
0.5106, 0.2730
0.5106, 0.2730
0.5106, 0.2730
0.5106, 0.2730
0.5106, 0.2704
0.5106, 0.2704
0.5106, 0.2704
0.5106, 0.2704
0.5106, 0.2704
0.5106, 0.2704
0.5106, 0.2704
0.5106, 0.2704
0.5106, 0.2704
0.5106, 0.2704
0.5106, 0.2704
0.5106, 0.2704
0.5106, 0.2704
0.5149, 0.2704
0.5149, 0.2704
0.5149, 0.2704
0.5149, 0.2704
0.5149, 0.2704
0.5149, 0.2704
0.5149, 0.2704
0.5149, 0.2704
0.5149, 0.2704
0.5149, 0.2704
0.5149, 0.2704
0.5149, 0.2704
0.5149, 0.2680
0.5149, 0.2680
0.5149, 0.2680
0.5149, 0.2680
0.5149, 0.2680
0.5149, 0.2680
0.5149, 0.2654
0.5149, 0.2654
0.5149, 0.2654
0.5191, 0.2654
0.5191, 0.2654
0.5191, 0.2654
0.5191, 0.2654
0.5191, 0.2654
0.5191, 0.2654
0.5191, 0.2654
0.5191, 0.2654
0.5191, 0.2654
0.5191, 0.2654
0.5234, 0.2654
0.5234, 0.2654
0.5234, 0.2654
0.5234, 0.2654
0.5234, 0.2654
0.5234, 0.2654
0.5234, 0.2629
0.5234, 0.2629
0.5234, 0.2629
0.5234, 0.2629
0.5234, 0.2629
0.5234, 0.2629
0.5234, 0.2603
0.5234, 0.2603
0.5234, 0.2603
0.5234, 0.2603
0.5234, 0.2603
0.5277, 0.2603
0.5277, 0.2603
0.5277, 0.2603
0.5277, 0.2603
0.5277, 0.2603
0.5277, 0.2603
0.5277, 0.2603
0.5277, 0.2603
0.5277, 0.2603
0.5277, 0.2603
0.5277, 0.2603
0.5277, 0.2603
0.5319, 0.2578
0.5319, 0.2578
0.5319, 0.2578
0.5319, 0.2578
0.5319, 0.2578
0.5319, 0.2578
0.5319, 0.2578
0.5319, 0.2578
0.5319, 0.2578
0.5319, 0.2552
0.5319, 0.2552
0.5319, 0.2552
0.5319, 0.2552
0.5319, 0.2552
0.5319, 0.2552
0.5362, 0.2552
0.5362, 0.2552
0.5362, 0.2552
0.5362, 0.2528
0.5362, 0.2528
0.5362, 0.2528
0.5362, 0.2528
0.5362, 0.2528
0.5362, 0.2528
0.5362, 0.2528
0.5362, 0.2528
0.5362, 0.2528
0.5362, 0.2528
0.5362, 0.2528
0.5362, 0.2528
0.5362, 0.2528
0.5362, 0.2528
0.5362, 0.2528
0.5362, 0.2528
0.5362, 0.2528
0.5362, 0.2528
0.5362, 0.2528
0.5362, 0.2528
0.5362, 0.2528
0.5362, 0.2528
0.5362, 0.2528
0.5362, 0.2528
0.5362, 0.2528
0.5362, 0.2528
0.5362, 0.2528
0.5362, 0.2502
0.5362, 0.2502
0.5362, 0.2502
0.5362, 0.2502
0.5362, 0.2502
0.5362, 0.2502
0.5362, 0.2502
0.5362, 0.2502
0.5362, 0.2502
0.5362, 0.2477
0.5362, 0.2477
0.5362, 0.2477
0.5362, 0.2477
0.5362, 0.2477
0.5362, 0.2477
0.5362, 0.2477
0.5362, 0.2477
0.5362, 0.2477
0.5362, 0.2477
0.5362, 0.2477
0.5362, 0.2477
0.5362, 0.2477
0.5362, 0.2477
0.5362, 0.2477
0.5362, 0.2477
0.5362, 0.2477
0.5362, 0.2477
0.5362, 0.2477
0.5362, 0.2451
0.5362, 0.2451
0.5362, 0.2451
0.5362, 0.2451
0.5362, 0.2451
0.5362, 0.2451
0.5362, 0.2451
0.5362, 0.2451
0.5362, 0.2451
0.5404, 0.2451
0.5404, 0.2451
0.5404, 0.2451
0.5404, 0.2426
0.5404, 0.2426
0.5404, 0.2426
0.5404, 0.2426
0.5404, 0.2426
0.5404, 0.2426
0.5404, 0.2426
0.5404, 0.2426
0.5404, 0.2426
0.5404, 0.2426
0.5404, 0.2400
0.5404, 0.2400
0.5404, 0.2400
0.5404, 0.2400
0.5404, 0.2400
0.5404, 0.2400
0.5404, 0.2400
0.5404, 0.2400
0.5404, 0.2400
0.5404, 0.2400
0.5404, 0.2400
0.5404, 0.2400
0.5404, 0.2376
0.5404, 0.2376
0.5404, 0.2376
0.5404, 0.2376
0.5404, 0.2376
0.5404, 0.2376
0.5404, 0.2376
0.5404, 0.2376
0.5404, 0.2376
0.5404, 0.2350
0.5404, 0.2350
0.5404, 0.2350
0.5404, 0.2350
0.5404, 0.2350
0.5404, 0.2350
0.5404, 0.2350
0.5404, 0.2350
0.5404, 0.2350
0.5404, 0.2350
0.5404, 0.2350
0.5404, 0.2350
0.5404, 0.2350
0.5404, 0.2350
0.5404, 0.2350
0.5404, 0.2325
0.5404, 0.2325
0.5404, 0.2325
0.5404, 0.2325
0.5404, 0.2325
0.5404, 0.2325
0.5404, 0.2325
0.5404, 0.2325
0.5404, 0.2325
0.5404, 0.2299
0.5404, 0.2299
0.5447, 0.2299
0.5447, 0.2299
0.5447, 0.2299
0.5447, 0.2274
0.5447, 0.2274
0.5447, 0.2274
0.5447, 0.2274
0.5447, 0.2274
0.5447, 0.2274
0.5447, 0.2274
0.5447, 0.2274
0.5447, 0.2274
0.5447, 0.2274
0.5447, 0.2274
0.5447, 0.2274
0.5447, 0.2274
0.5447, 0.2248
0.5447, 0.2248
0.5447, 0.2248
0.5447, 0.2248
0.5447, 0.2248
0.5447, 0.2248
0.5447, 0.2224
0.5447, 0.2224
0.5447, 0.2224
0.5447, 0.2224
0.5447, 0.2224
0.5447, 0.2224
0.5447, 0.2224
0.5447, 0.2224
0.5447, 0.2224
0.5447, 0.2224
0.5447, 0.2224
0.5447, 0.2224
0.5447, 0.2224
0.5447, 0.2224
0.5447, 0.2198
0.5447, 0.2198
0.5447, 0.2198
0.5447, 0.2198
0.5447, 0.2198
0.5447, 0.2198
0.5447, 0.2173
0.5447, 0.2173
0.5447, 0.2173
0.5447, 0.2173
0.5447, 0.2173
0.5447, 0.2173
0.5447, 0.2147
0.5447, 0.2147
0.5447, 0.2147
0.5447, 0.2147
0.5447, 0.2147
0.5447, 0.2147
0.5447, 0.2147
0.5447, 0.2147
0.5447, 0.2147
0.5447, 0.2147
0.5447, 0.2147
0.5447, 0.2147
0.5447, 0.2122
0.5447, 0.2122
0.5447, 0.2122
0.5447, 0.2122
0.5447, 0.2122
0.5447, 0.2096
0.5447, 0.2096
0.5447, 0.2096
0.5447, 0.2096
0.5447, 0.2096
0.5447, 0.2096
0.5447, 0.2096
0.5447, 0.2096
0.5447, 0.2096
0.5447, 0.2096
0.5447, 0.2096
0.5447, 0.2096
0.5447, 0.2071
0.5447, 0.2071
0.5447, 0.2071
0.5447, 0.2071
0.5447, 0.2071
0.5447, 0.2071
0.5447, 0.2046
0.5447, 0.2046
0.5447, 0.2046
0.5447, 0.2046
0.5447, 0.2046
0.5447, 0.2046
0.5447, 0.2020
0.5447, 0.2020
0.5447, 0.2020
0.5447, 0.2020
0.5447, 0.2020
0.5447, 0.2020
0.5447, 0.2020
0.5447, 0.2020
0.5447, 0.2020
0.5447, 0.2020
0.5447, 0.2020
0.5447, 0.2020
0.5447, 0.1995
0.5447, 0.1995
0.5447, 0.1995
0.5447, 0.1995
0.5447, 0.1995
0.5447, 0.1969
0.5447, 0.1969
0.5447, 0.1969
0.5447, 0.1969
0.5447, 0.1969
0.5447, 0.1969
0.5447, 0.1969
0.5447, 0.1969
0.5447, 0.1969
0.5447, 0.1969
0.5447, 0.1969
0.5447, 0.1969
0.5447, 0.1969
0.5447, 0.1969
0.5447, 0.1969
0.5447, 0.1944
0.5447, 0.1944
0.5447, 0.1944
0.5447, 0.1944
0.5447, 0.1944
0.5447, 0.1944
0.5447, 0.1918
0.5447, 0.1918
0.5447, 0.1918
0.5447, 0.1918
0.5447, 0.1918
0.5447, 0.1918
0.5447, 0.1918
0.5447, 0.1918
0.5447, 0.1918
0.5447, 0.1894
0.5447, 0.1894
0.5447, 0.1894
0.5447, 0.1894
0.5447, 0.1894
0.5447, 0.1894
0.5447, 0.1894
0.5447, 0.1894
0.5447, 0.1894
0.5447, 0.1894
0.5447, 0.1894
0.5447, 0.1868
0.5447, 0.1868
0.5447, 0.1868
0.5447, 0.1843
0.5447, 0.1843
0.5447, 0.1843
0.5447, 0.1843
0.5447, 0.1843
0.5447, 0.1843
0.5447, 0.1843
0.5447, 0.1843
0.5447, 0.1843
0.5447, 0.1843
0.5447, 0.1843
0.5447, 0.1843
0.5447, 0.1843
0.5447, 0.1843
0.5447, 0.1843
0.5447, 0.1843
0.5447, 0.1843
0.5447, 0.1843
0.5447, 0.1817
0.5447, 0.1817
0.5447, 0.1817
0.5447, 0.1817
0.5447, 0.1817
0.5447, 0.1817
0.5447, 0.1792
0.5447, 0.1792
0.5447, 0.1792
0.5447, 0.1792
0.5447, 0.1792
0.5447, 0.1792
0.5447, 0.1792
0.5447, 0.1792
0.5447, 0.1792
0.5447, 0.1792
0.5447, 0.1792
0.5447, 0.1792
0.5447, 0.1766
0.5447, 0.1766
0.5447, 0.1766
0.5447, 0.1766
0.5447, 0.1766
0.5447, 0.1742
0.5447, 0.1742
0.5447, 0.1742
0.5447, 0.1742
0.5447, 0.1742
0.5447, 0.1742
0.5447, 0.1716
0.5447, 0.1716
0.5447, 0.1716
0.5447, 0.1716
0.5447, 0.1716
0.5447, 0.1716
0.5447, 0.1716
0.5447, 0.1716
0.5447, 0.1716
0.5447, 0.1691
0.5447, 0.1691
0.5447, 0.1691
0.5447, 0.1691
0.5447, 0.1691
0.5447, 0.1691
0.5447, 0.1691
0.5447, 0.1691
0.5447, 0.1665
0.5447, 0.1665
0.5447, 0.1665
0.5447, 0.1665
0.5447, 0.1665
0.5447, 0.1665
0.5447, 0.1665
0.5447, 0.1665
0.5447, 0.1665
0.5447, 0.1665
0.5447, 0.1665
0.5447, 0.1665
0.5447, 0.1665
0.5447, 0.1665
0.5447, 0.1665
0.5447, 0.1665
0.5447, 0.1665
0.5447, 0.1665
0.5447, 0.1665
0.5447, 0.1665
0.5447, 0.1640
0.5447, 0.1640
0.5447, 0.1640
0.5447, 0.1640
0.5447, 0.1640
0.5447, 0.1640
0.5447, 0.1640
0.5447, 0.1640
0.5447, 0.1640
0.5447, 0.1640
0.5447, 0.1640
0.5447, 0.1640
0.5447, 0.1614
0.5447, 0.1614
0.5447, 0.1614
0.5447, 0.1614
0.5447, 0.1614
0.5447, 0.1614
0.5447, 0.1614
0.5447, 0.1614
0.5447, 0.1590
0.5447, 0.1590
0.5447, 0.1590
0.5447, 0.1590
0.5447, 0.1590
0.5447, 0.1590
0.5447, 0.1590
0.5447, 0.1590
0.5447, 0.1590
0.5447, 0.1590
0.5447, 0.1590
0.5447, 0.1590
0.5447, 0.1590
0.5447, 0.1590
0.5447, 0.1590
0.5447, 0.1590
0.5447, 0.1590
0.5447, 0.1590
0.5447, 0.1590
0.5447, 0.1590
0.5447, 0.1590
0.5447, 0.1590
0.5447, 0.1590
0.5447, 0.1590
0.5447, 0.1590
0.5447, 0.1590
0.5447, 0.1590
0.5447, 0.1590
0.5447, 0.1590
0.5447, 0.1590
0.5447, 0.1564
0.5447, 0.1564
0.5447, 0.1564
0.5447, 0.1564
0.5447, 0.1564
0.5447, 0.1564
0.5447, 0.1564
0.5447, 0.1564
0.5447, 0.1564
0.5447, 0.1564
0.5447, 0.1564
0.5447, 0.1564
0.5447, 0.1564
0.5447, 0.1564
0.5447, 0.1564
0.5447, 0.1564
0.5447, 0.1564
0.5447, 0.1564
0.5447, 0.1539
0.5447, 0.1539
0.5447, 0.1539
0.5447, 0.1539
0.5447, 0.1539
0.5447, 0.1539
0.5447, 0.1539
0.5447, 0.1539
0.5447, 0.1539
0.5447, 0.1539
0.5447, 0.1539
0.5404, 0.1539
0.5404, 0.1539
0.5404, 0.1539
0.5404, 0.1539
0.5404, 0.1539
0.5404, 0.1539
0.5404, 0.1513
0.5404, 0.1513
0.5404, 0.1513
0.5404, 0.1513
0.5404, 0.1513
0.5404, 0.1513
0.5404, 0.1513
0.5404, 0.1513
0.5404, 0.1513
0.5404, 0.1513
0.5404, 0.1513
0.5404, 0.1513
0.5404, 0.1513
0.5404, 0.1513
0.5404, 0.1513
0.5404, 0.1488
0.5404, 0.1488
0.5404, 0.1488
0.5404, 0.1488
0.5404, 0.1488
0.5404, 0.1488
0.5404, 0.1488
0.5404, 0.1488
0.5404, 0.1488
0.5404, 0.1488
0.5404, 0.1488
0.5404, 0.1488
0.5404, 0.1488
0.5404, 0.1488
0.5404, 0.1462
0.5404, 0.1462
0.5404, 0.1462
0.5404, 0.1462
0.5404, 0.1462
0.5404, 0.1462
0.5404, 0.1462
0.5404, 0.1462
0.5404, 0.1462
0.5404, 0.1462
0.5404, 0.1462
0.5404, 0.1462
0.5404, 0.1462
0.5404, 0.1437
0.5404, 0.1437
0.5404, 0.1437
0.5404, 0.1437
0.5404, 0.1437
0.5404, 0.1437
0.5404, 0.1437
0.5404, 0.1437
0.5404, 0.1437
0.5404, 0.1437
0.5404, 0.1437
0.5404, 0.1437
0.5404, 0.1437
0.5404, 0.1437
0.5404, 0.1437
0.5404, 0.1437
0.5404, 0.1437
0.5404, 0.1412
0.5404, 0.1412
0.5404, 0.1412
0.5404, 0.1412
0.5404, 0.1412
0.5404, 0.1412
0.5404, 0.1412
0.5404, 0.1412
0.5404, 0.1412
0.5404, 0.1412
0.5404, 0.1412
0.5404, 0.1412
0.5404, 0.1412
0.5404, 0.1412
0.5404, 0.1412
0.5404, 0.1412
0.5404, 0.1412
0.5404, 0.1412
0.5404, 0.1412
0.5404, 0.1412
0.5404, 0.1412
0.5404, 0.1386
0.5404, 0.1386
0.5404, 0.1386
0.5404, 0.1386
0.5404, 0.1386
0.5404, 0.1386
0.5404, 0.1386
0.5404, 0.1386
0.5404, 0.1386
0.5404, 0.1386
0.5404, 0.1386
0.5404, 0.1361
0.5404, 0.1361
0.5404, 0.1361
0.5404, 0.1361
0.5404, 0.1361
0.5404, 0.1361
0.5404, 0.1361
0.5404, 0.1361
0.5404, 0.1361
0.5404, 0.1361
0.5404, 0.1361
0.5362, 0.1335
0.5362, 0.1335
0.5362, 0.1335
0.5362, 0.1335
0.5362, 0.1335
0.5362, 0.1335
0.5362, 0.1335
0.5362, 0.1335
0.5362, 0.1335
0.5362, 0.1335
0.5362, 0.1335
0.5362, 0.1335
0.5362, 0.1335
0.5362, 0.1335
0.5362, 0.1335
0.5362, 0.1335
0.5362, 0.1335
0.5362, 0.1335
0.5362, 0.1335
0.5362, 0.1310
0.5362, 0.1310
0.5362, 0.1310
0.5362, 0.1310
0.5362, 0.1310
0.5362, 0.1310
0.5362, 0.1310
0.5362, 0.1310
0.5362, 0.1310
0.5362, 0.1310
0.5362, 0.1310
0.5362, 0.1284
0.5362, 0.1284
0.5362, 0.1284
0.5362, 0.1284
0.5362, 0.1284
0.5362, 0.1284
0.5362, 0.1284
0.5362, 0.1284
0.5362, 0.1284
0.5362, 0.1284
0.5362, 0.1284
0.5362, 0.1284
0.5362, 0.1284
0.5362, 0.1284
0.5362, 0.1284
0.5362, 0.1284
0.5362, 0.1284
0.5362, 0.1284
0.5362, 0.1284
0.5362, 0.1284
0.5362, 0.1284
0.5362, 0.1284
0.5362, 0.1284
0.5319, 0.1284
0.5319, 0.1284
0.5319, 0.1284
0.5319, 0.1284
0.5319, 0.1284
0.5319, 0.1284
0.5319, 0.1284
0.5319, 0.1284
0.5319, 0.1260
0.5319, 0.1260
0.5319, 0.1260
0.5319, 0.1260
0.5319, 0.1260
0.5319, 0.1260
0.5319, 0.1260
0.5319, 0.1260
0.5319, 0.1260
0.5319, 0.1260
0.5319, 0.1260
0.5319, 0.1260
0.5319, 0.1260
0.5319, 0.1260
0.5319, 0.1260
0.5319, 0.1260
0.5319, 0.1260
0.5319, 0.1234
0.5319, 0.1234
0.5319, 0.1234
0.5319, 0.1234
0.5319, 0.1234
0.5319, 0.1234
0.5319, 0.1234
0.5319, 0.1234
0.5319, 0.1234
0.5319, 0.1234
0.5319, 0.1234
0.5319, 0.1234
0.5319, 0.1234
0.5319, 0.1234
0.5319, 0.1234
0.5319, 0.1234
0.5319, 0.1209
0.5319, 0.1209
0.5319, 0.1209
0.5319, 0.1209
0.5319, 0.1209
0.5319, 0.1209
0.5319, 0.1209
0.5319, 0.1209
0.5277, 0.1209
0.5277, 0.1209
0.5277, 0.1209
0.5277, 0.1209
0.5277, 0.1209
0.5277, 0.1209
0.5277, 0.1209
0.5277, 0.1209
0.5277, 0.1209
0.5277, 0.1209
0.5277, 0.1183
0.5277, 0.1183
0.5277, 0.1183
0.5277, 0.1183
0.5277, 0.1183
0.5277, 0.1183
0.5277, 0.1183
0.5277, 0.1158
0.5277, 0.1158
0.5277, 0.1158
0.5277, 0.1158
0.5277, 0.1158
0.5277, 0.1158
0.5277, 0.1158
0.5277, 0.1158
0.5277, 0.1158
0.5277, 0.1158
0.5277, 0.1158
0.5277, 0.1158
0.5277, 0.1158
0.5277, 0.1158
0.5277, 0.1158
0.5277, 0.1132
0.5277, 0.1132
0.5277, 0.1132
0.5277, 0.1132
0.5277, 0.1132
0.5277, 0.1132
0.5277, 0.1108
0.5277, 0.1108
0.5277, 0.1108
0.5277, 0.1108
0.5277, 0.1108
0.5277, 0.1108
0.5277, 0.1082
0.5277, 0.1082
0.5277, 0.1082
0.5277, 0.1082
0.5277, 0.1082
0.5277, 0.1082
0.5277, 0.1082
0.5277, 0.1082
0.5277, 0.1082
0.5277, 0.1082
0.5277, 0.1082
0.5277, 0.1082
0.5277, 0.1082
0.5234, 0.1082
0.5234, 0.1082
0.5234, 0.1082
0.5234, 0.1082
0.5234, 0.1082
0.5234, 0.1057
0.5234, 0.1057
0.5234, 0.1057
0.5234, 0.1057
0.5234, 0.1057
0.5234, 0.1057
0.5234, 0.1057
0.5234, 0.1057
0.5234, 0.1057
0.5234, 0.1031
0.5234, 0.1031
0.5234, 0.1031
0.5234, 0.1031
0.5191, 0.1031
0.5191, 0.1031
0.5191, 0.1031
0.5191, 0.1031
0.5191, 0.1031
0.5191, 0.1031
0.5191, 0.1031
0.5191, 0.1031
0.5191, 0.1031
0.5191, 0.1006
0.5191, 0.1006
0.5191, 0.1006
0.5191, 0.1006
0.5191, 0.1006
0.5191, 0.1006
0.5191, 0.1006
0.5191, 0.1006
0.5191, 0.1006
0.5191, 0.0980
0.5191, 0.0980
0.5191, 0.0980
0.5191, 0.0980
0.5191, 0.0980
0.5191, 0.0980
0.5191, 0.0980
0.5149, 0.0980
0.5149, 0.0980
0.5149, 0.0980
0.5149, 0.0980
0.5149, 0.0980
0.5149, 0.0980
0.5149, 0.0956
0.5149, 0.0956
0.5149, 0.0956
0.5149, 0.0956
0.5106, 0.0956
0.5106, 0.0956
0.5106, 0.0956
0.5106, 0.0930
0.5106, 0.0930
0.5106, 0.0930
0.5106, 0.0930
0.5106, 0.0930
0.5106, 0.0930
0.5064, 0.0930
0.5064, 0.0930
0.5064, 0.0905
0.5064, 0.0905
0.5064, 0.0905
0.5064, 0.0905
0.5064, 0.0905
0.5064, 0.0905
0.5064, 0.0905
0.5064, 0.0905
0.5064, 0.0905
0.5064, 0.0905
0.5064, 0.0905
0.5064, 0.0905
0.5064, 0.0905
0.5064, 0.0905
0.5064, 0.0905
0.5064, 0.0905
0.5064, 0.0905
0.5064, 0.0905
0.5064, 0.0905
0.5064, 0.0905
0.5064, 0.0905
0.5064, 0.0879
0.5064, 0.0879
0.5064, 0.0879
0.5064, 0.0879
0.5021, 0.0879
0.5021, 0.0879
0.5021, 0.0879
0.5021, 0.0879
0.5021, 0.0879
0.5021, 0.0879
0.5021, 0.0879
0.5021, 0.0854
0.5021, 0.0854
0.5021, 0.0854
0.5021, 0.0854
0.4979, 0.0854
0.4979, 0.0854
0.4979, 0.0854
0.4979, 0.0854
0.4979, 0.0854
0.4979, 0.0854
0.4979, 0.0854
0.4979, 0.0854
0.4979, 0.0854
0.4979, 0.0854
0.4979, 0.0854
0.4979, 0.0854
0.4979, 0.0854
0.4979, 0.0854
0.4979, 0.0854
0.4979, 0.0854
0.4979, 0.0854
0.4979, 0.0854
0.4979, 0.0854
0.4979, 0.0854
0.4979, 0.0854
0.4979, 0.0854
0.4936, 0.0828
0.4936, 0.0828
0.4936, 0.0828
0.4936, 0.0828
0.4936, 0.0828
0.4936, 0.0828
0.4936, 0.0828
0.4894, 0.0828
0.4894, 0.0828
0.4894, 0.0803
0.4894, 0.0803
0.4894, 0.0803
0.4894, 0.0803
0.4851, 0.0803
0.4851, 0.0803
0.4851, 0.0803
0.4851, 0.0803
0.4851, 0.0803
0.4851, 0.0778
0.4851, 0.0778
0.4851, 0.0778
0.4851, 0.0778
0.4851, 0.0778
0.4851, 0.0778
0.4851, 0.0778
0.4851, 0.0778
0.4851, 0.0778
0.4851, 0.0778
0.4809, 0.0778
0.4809, 0.0778
0.4809, 0.0778
0.4809, 0.0778
0.4809, 0.0778
0.4809, 0.0778
0.4809, 0.0778
0.4809, 0.0778
0.4809, 0.0778
0.4766, 0.0778
0.4766, 0.0778
0.4766, 0.0778
0.4766, 0.0778
0.4766, 0.0778
0.4766, 0.0778
0.4766, 0.0778
0.4766, 0.0752
0.4766, 0.0752
0.4766, 0.0752
0.4766, 0.0752
0.4723, 0.0752
0.4723, 0.0752
0.4723, 0.0752
0.4723, 0.0752
0.4723, 0.0752
0.4723, 0.0752
0.4723, 0.0752
0.4723, 0.0752
0.4723, 0.0752
0.4723, 0.0752
0.4723, 0.0752
0.4681, 0.0727
0.4681, 0.0727
0.4681, 0.0727
0.4681, 0.0727
0.4681, 0.0727
0.4681, 0.0727
0.4681, 0.0727
0.4638, 0.0727
0.4638, 0.0727
0.4638, 0.0727
0.4638, 0.0727
0.4638, 0.0727
0.4638, 0.0727
0.4638, 0.0727
0.4638, 0.0727
0.4638, 0.0727
0.4638, 0.0727
0.4638, 0.0727
0.4638, 0.0727
0.4638, 0.0727
0.4596, 0.0727
0.4596, 0.0727
0.4596, 0.0727
0.4596, 0.0727
0.4553, 0.0727
0.4553, 0.0727
0.4553, 0.0727
0.4553, 0.0727
0.4553, 0.0727
0.4553, 0.0727
0.4553, 0.0727
0.4553, 0.0727
0.4553, 0.0727
0.4553, 0.0727
0.4553, 0.0727
0.4553, 0.0727
0.4553, 0.0727
0.4553, 0.0727
0.4553, 0.0727
0.4553, 0.0727
0.4553, 0.0727
0.4553, 0.0727
0.4511, 0.0727
0.4511, 0.0727
0.4511, 0.0727
0.4511, 0.0727
0.4511, 0.0727
0.4468, 0.0727
0.4468, 0.0727
0.4468, 0.0701
0.4468, 0.0701
0.4426, 0.0701
0.4426, 0.0701
0.4426, 0.0701
0.4426, 0.0701
0.4426, 0.0701
0.4426, 0.0701
0.4426, 0.0701
0.4426, 0.0701
0.4426, 0.0701
0.4426, 0.0701
0.4383, 0.0701
0.4383, 0.0701
0.4383, 0.0701
0.4383, 0.0701
0.4383, 0.0701
0.4383, 0.0701
0.4383, 0.0701
0.4340, 0.0701
0.4340, 0.0701
0.4340, 0.0701
0.4340, 0.0701
0.4340, 0.0701
0.4340, 0.0701
0.4340, 0.0701
0.4340, 0.0701
0.4340, 0.0701
0.4340, 0.0701
0.4340, 0.0701
0.4340, 0.0701
0.4340, 0.0701
0.4298, 0.0701
0.4298, 0.0701
0.4298, 0.0701
0.4298, 0.0701
0.4298, 0.0676
0.4298, 0.0676
0.4298, 0.0676
0.4255, 0.0676
0.4255, 0.0676
0.4255, 0.0676
0.4255, 0.0676
0.4255, 0.0676
0.4255, 0.0676
0.4255, 0.0676
0.4255, 0.0676
0.4255, 0.0676
0.4255, 0.0676
0.4255, 0.0676
0.4255, 0.0676
0.4213, 0.0676
0.4213, 0.0676
0.4213, 0.0676
0.4213, 0.0676
0.4213, 0.0676
0.4213, 0.0676
0.4213, 0.0676
0.4213, 0.0676
0.4170, 0.0676
0.4170, 0.0676
0.4170, 0.0676
0.4170, 0.0676
0.4170, 0.0676
0.4170, 0.0676
0.4170, 0.0676
0.4170, 0.0676
0.4170, 0.0676
0.4128, 0.0676
0.4128, 0.0676
0.4128, 0.0650
0.4128, 0.0650
0.4128, 0.0650
0.4128, 0.0650
0.4128, 0.0650
0.4128, 0.0650
0.4128, 0.0650
0.4128, 0.0650
0.4085, 0.0650
0.4085, 0.0650
0.4085, 0.0650
0.4085, 0.0650
0.4085, 0.0650
0.4085, 0.0650
0.4085, 0.0650
0.4043, 0.0650
0.4043, 0.0650
0.4043, 0.0650
0.4043, 0.0650
0.4043, 0.0650
0.4043, 0.0650
0.4043, 0.0650
0.4043, 0.0650
0.4043, 0.0650
0.4043, 0.0650
0.4043, 0.0650
0.4043, 0.0650
0.4043, 0.0650
0.4043, 0.0650
0.4043, 0.0650
0.4000, 0.0650
0.4000, 0.0650
0.4000, 0.0650
0.4000, 0.0650
0.4000, 0.0650
0.3957, 0.0650
0.3957, 0.0650
0.3957, 0.0650
0.3957, 0.0650
0.3915, 0.0650
0.3915, 0.0650
0.3915, 0.0650
0.3915, 0.0650
0.3915, 0.0650
0.3915, 0.0650
0.3915, 0.0650
0.3915, 0.0650
0.3872, 0.0650
0.3872, 0.0650
0.3872, 0.0650
0.3872, 0.0650
0.3830, 0.0650
0.3830, 0.0650
0.3830, 0.0650
0.3830, 0.0650
0.3830, 0.0650
0.3830, 0.0650
0.3830, 0.0650
0.3787, 0.0650
0.3787, 0.0650
0.3745, 0.0650
0.3745, 0.0650
0.3745, 0.0650
0.3745, 0.0650
0.3702, 0.0650
0.3702, 0.0650
0.3702, 0.0650
0.3702, 0.0650
0.3660, 0.0650
0.3660, 0.0650
0.3660, 0.0650
0.3660, 0.0650
0.3660, 0.0650
0.3617, 0.0650
0.3617, 0.0650
0.3617, 0.0650
0.3617, 0.0650
0.3574, 0.0650
0.3574, 0.0650
0.3532, 0.0650
0.3532, 0.0650
0.3532, 0.0650
0.3532, 0.0650
0.3489, 0.0650
0.3489, 0.0650
0.3489, 0.0650
0.3489, 0.0650
0.3447, 0.0650
0.3447, 0.0650
0.3447, 0.0650
0.3447, 0.0650
0.3404, 0.0650
0.3404, 0.0650
0.3404, 0.0650
0.3404, 0.0650
0.3362, 0.0650
0.3319, 0.0650
0.3319, 0.0650
0.3277, 0.0650
0.3234, 0.0650
0.3234, 0.0650
0.3234, 0.0650
0.3234, 0.0650
0.3191, 0.0650
0.3191, 0.0650
0.3191, 0.0650
0.3191, 0.0650
0.3149, 0.0650
0.3149, 0.0650
0.3149, 0.0650
0.3149, 0.0650
0.3106, 0.0650
0.3106, 0.0650
0.3106, 0.0650
0.3106, 0.0650
0.3064, 0.0650
0.3064, 0.0650
0.3064, 0.0650
0.3064, 0.0650
0.3064, 0.0676
0.3064, 0.0676
0.3021, 0.0676
0.3021, 0.0676
0.2979, 0.0701
0.2979, 0.0701
0.2979, 0.0701
0.2979, 0.0701
0.2936, 0.0701
0.2936, 0.0701
0.2936, 0.0701
0.2936, 0.0701
0.2936, 0.0701
0.2894, 0.0701
0.2894, 0.0727
0.2894, 0.0727
0.2851, 0.0727
0.2851, 0.0727
0.2851, 0.0727
0.2851, 0.0727
0.2851, 0.0752
0.2851, 0.0752
0.2809, 0.0752
0.2809, 0.0752
0.2809, 0.0752
0.2809, 0.0752
0.2766, 0.0752
0.2766, 0.0752
0.2766, 0.0752
0.2766, 0.0752
0.2766, 0.0752
0.2766, 0.0752
0.2723, 0.0752
0.2723, 0.0752
0.2681, 0.0778
0.2681, 0.0778
0.2681, 0.0778
0.2681, 0.0778
0.2681, 0.0778
0.2681, 0.0803
0.2638, 0.0803
0.2638, 0.0803
0.2638, 0.0803
0.2638, 0.0803
0.2638, 0.0803
0.2596, 0.0828
0.2596, 0.0828
0.2596, 0.0828
0.2596, 0.0828
0.2553, 0.0828
0.2553, 0.0828
0.2553, 0.0828
0.2553, 0.0828
0.2553, 0.0828
0.2553, 0.0828
0.2553, 0.0828
0.2553, 0.0828
0.2553, 0.0828
0.2553, 0.0828
0.2553, 0.0828
0.2511, 0.0828
0.2468, 0.0828
0.2468, 0.0828
0.2468, 0.0828
0.2468, 0.0828
0.2468, 0.0828
0.2468, 0.0828
0.2468, 0.0828
0.2468, 0.0828
0.2468, 0.0828
0.2426, 0.0828
0.2426, 0.0828
0.2426, 0.0828
0.2426, 0.0828
0.2383, 0.0828
0.2383, 0.0828
0.2383, 0.0828
0.2383, 0.0828
0.2383, 0.0828
0.2383, 0.0828
0.2340, 0.0828
0.2340, 0.0828
0.2340, 0.0828
0.2340, 0.0828
0.2340, 0.0828
0.2340, 0.0828
0.2298, 0.0828
0.2298, 0.0828
0.2255, 0.0828
0.2255, 0.0828
0.2255, 0.0828
0.2255, 0.0828
0.2255, 0.0828
0.2255, 0.0828
0.2255, 0.0828
0.2255, 0.0828
0.2255, 0.0828
0.2255, 0.0828
0.2255, 0.0828
0.2213, 0.0828
0.2213, 0.0828
0.2213, 0.0828
0.2213, 0.0828
0.2170, 0.0828
0.2170, 0.0828
0.2170, 0.0828
0.2170, 0.0828
0.2128, 0.0828
0.2128, 0.0828
0.2128, 0.0828
0.2128, 0.0828
0.2128, 0.0828
0.2128, 0.0828
0.2128, 0.0828
0.2128, 0.0828
0.2128, 0.0828
0.2128, 0.0828
0.2085, 0.0828
0.2085, 0.0828
0.2085, 0.0828
0.2085, 0.0828
0.2043, 0.0828
0.2043, 0.0828
0.2043, 0.0828
0.2043, 0.0828
0.2043, 0.0828
0.2043, 0.0828
0.2043, 0.0828
0.2043, 0.0828
0.2043, 0.0828
0.2043, 0.0828
0.2043, 0.0828
0.2043, 0.0828
0.2043, 0.0828
0.2000, 0.0828
0.2000, 0.0828
0.2000, 0.0828
0.2000, 0.0828
0.2000, 0.0828
0.2000, 0.0828
0.2000, 0.0828
0.2000, 0.0828
0.2000, 0.0828
0.2000, 0.0828
0.2000, 0.0828
0.1957, 0.0828
0.1957, 0.0828
0.1957, 0.0828
0.1957, 0.0828
0.1957, 0.0828
0.1957, 0.0828
0.1915, 0.0828
0.1915, 0.0828
0.1915, 0.0828
0.1915, 0.0828
0.1915, 0.0803
0.1915, 0.0803
0.1915, 0.0803
0.1915, 0.0803
0.1915, 0.0803
0.1915, 0.0803
0.1915, 0.0803
0.1915, 0.0803
0.1915, 0.0803
0.1872, 0.0778
0.1872, 0.0778
0.1872, 0.0778
0.1872, 0.0778
0.1872, 0.0778
0.1872, 0.0778
0.1830, 0.0778
0.1830, 0.0778
0.1830, 0.0778
0.1830, 0.0778
0.1830, 0.0778
0.1830, 0.0778
0.1830, 0.0752
0.1830, 0.0752
0.1830, 0.0752
0.1830, 0.0752
0.1830, 0.0752
0.1830, 0.0752
0.1830, 0.0727
0.1830, 0.0727
0.1830, 0.0727
0.1787, 0.0727
0.1787, 0.0727
0.1787, 0.0727
0.1787, 0.0727
0.1787, 0.0727
0.1787, 0.0727
0.1745, 0.0727
0.1745, 0.0727
0.1745, 0.0701
0.1745, 0.0701
0.1745, 0.0701
0.1745, 0.0701
0.1702, 0.0676
0.1702, 0.0676
0.1702, 0.0676
0.1702, 0.0676
0.1702, 0.0676
0.1702, 0.0676
0.1702, 0.0650
0.1702, 0.0650
0.1702, 0.0650
0.1702, 0.0650
0.1702, 0.0650
0.1702, 0.0650
0.1702, 0.0650
0.1702, 0.0650
0.1660, 0.0650
0.1660, 0.0650
0.1660, 0.0650
0.1660, 0.0650
0.1660, 0.0626
0.1660, 0.0626
0.1617, 0.0626
0.1617, 0.0626
0.1617, 0.0600
0.1617, 0.0600
0.1617, 0.0600
0.1617, 0.0600
0.1617, 0.0600
0.1617, 0.0600
0.1617, 0.0600
0.1574, 0.0600
0.1574, 0.0600
0.1574, 0.0575
0.1574, 0.0575
0.1574, 0.0575
0.1574, 0.0575
0.1574, 0.0575
0.1574, 0.0575
0.1574, 0.0575
0.1574, 0.0549
0.1574, 0.0549
0.1574, 0.0549
0.1574, 0.0549
0.1574, 0.0549
0.1574, 0.0549
0.1532, 0.0524
0.1532, 0.0524
0.1532, 0.0524
0.1532, 0.0524
0.1532, 0.0524
0.1532, 0.0524
0.1532, 0.0524
0.1532, 0.0524
0.1532, 0.0498
0.1532, 0.0498
0.1532, 0.0498
0.1532, 0.0498
0.1532, 0.0474
0.1532, 0.0474
0.1532, 0.0474
0.1532, 0.0474
0.1532, 0.0448
0.1532, 0.0448
0.1532, 0.0423
0.1532, 0.0423
0.1532, 0.0423
0.1532, 0.0423
0.1532, 0.0397
0.1532, 0.0397
0.1532, 0.0397
0.1532, 0.0397
0.1532, 0.0372
0.1532, 0.0372
0.1532, 0.0346
0.1532, 0.0346
0.1532, 0.0346
0.1532, 0.0346
0.1532, 0.0346
0.1532, 0.0346
0.1532, 0.0346
0.1532, 0.0346
0.1532, 0.0322
0.1532, 0.0322
0.1532, 0.0322
0.1532, 0.0322
0.1532, 0.0296
0.1532, 0.0296
0.1532, 0.0271
0.1532, 0.0271
0.1532, 0.0271
0.1532, 0.0271
0.1532, 0.0271
0.1532, 0.0271
0.1532, 0.0271
0.1532, 0.0271
0.1532, 0.0271
0.1532, 0.0245
0.1532, 0.0245
0.1532, 0.0245
0.1532, 0.0245
0.1532, 0.0220
0.1532, 0.0220
0.1532, 0.0220
0.1532, 0.0220
0.1532, 0.0220
0.1532, 0.0220
0.1532, 0.0220
0.1532, 0.0220
0.1532, 0.0220
0.1532, 0.0220
0.1532, 0.0220
0.1532, 0.0220
0.1532, 0.0220
0.1532, 0.0220
0.1532, 0.0220
0.1532, 0.0220
0.1532, 0.0194
0.1532, 0.0194
0.1532, 0.0194
0.1532, 0.0194
0.1532, 0.0194
0.1532, 0.0194
0.1532, 0.0194
0.1532, 0.0169
0.1532, 0.0169
0.1532, 0.0169
0.1532, 0.0169
0.1532, 0.0169
0.1532, 0.0169
0.1532, 0.0169
0.1532, 0.0169
0.1532, 0.0169
0.1532, 0.0169
0.1532, 0.0169
0.1532, 0.0169
0.1532, 0.0144
0.1532, 0.0144
0.1574, 0.0144
0.1574, 0.0144
0.1574, 0.0118
0.1574, 0.0118
0.1574, 0.0118
0.1574, 0.0118
0.1574, 0.0093
0.1574, 0.0093
0.1574, 0.0093
0.1574, 0.0093
0.1574, 0.0093
0.1574, 0.0093
0.1574, 0.0093
0.1574, 0.0093
0.1574, 0.0093
0.1574, 0.0093
0.1574, 0.0093
0.1574, 0.0093
0.1574, 0.0093
0.1574, 0.0093
0.1574, 0.0093
0.1574, 0.0093
0.1574, 0.0093
0.1574, 0.0093
0.1574, 0.0093
0.1574, 0.0093
0.1574, 0.0093
0.1574, 0.0093
0.1574, 0.0093
0.1574, 0.0093
0.1574, 0.0093
0.1574, 0.0093
0.1574, 0.0093
0.1574, 0.0093
0.1574, 0.0093
0.1574, 0.0093
0.1574, 0.0093
0.1574, 0.0093
0.1574, 0.0093
0.1574, 0.0093
0.1574, 0.0093
0.1574, 0.0093
0.1574, 0.0093
0.1574, 0.0093
0.1574, 0.0093
0.1574, 0.0093
0.1574, 0.0093
0.1574, 0.0093
0.1574, 0.0093
0.1574, 0.0093
0.1574, 0.0093
0.1574, 0.0093
0.1574, 0.0093
0.1574, 0.0093
0.1574, 0.0093
0.1574, 0.0093
0.1574, 0.0093
0.1574, 0.0093
0.1574, 0.0093
0.1574, 0.0093
0.1574, 0.0093
0.1574, 0.0093
0.1574, 0.0093
0.1574, 0.0093
0.1574, 0.0093
0.1574, 0.0093
0.1574, 0.0118
0.1574, 0.0118
0.1574, 0.0144

0.5489, 0.1843
0.5489, 0.1843
0.5489, 0.1843
0.5489, 0.1843
0.5489, 0.1843
0.5489, 0.1843
0.5489, 0.1843
0.5489, 0.1843
0.5489, 0.1843
0.5489, 0.1843
0.5489, 0.1843
0.5489, 0.1843
0.5489, 0.1843
0.5489, 0.1843
0.5489, 0.1843
0.5489, 0.1843
0.5489, 0.1843
0.5489, 0.1843
0.5489, 0.1843
0.5489, 0.1843
0.5489, 0.1843
0.5489, 0.1843
0.5489, 0.1843
0.5489, 0.1843
0.5489, 0.1843
0.5489, 0.1843
0.5489, 0.1843
0.5489, 0.1843
0.5489, 0.1843
0.5489, 0.1843
0.5489, 0.1843
0.5489, 0.1843
0.5489, 0.1843
0.5489, 0.1843
0.5489, 0.1843
0.5489, 0.1843
0.5489, 0.1843
0.5489, 0.1843
0.5489, 0.1843
0.5489, 0.1843
0.5489, 0.1843
0.5489, 0.1843
0.5489, 0.1843
0.5489, 0.1843
0.5489, 0.1843
0.5489, 0.1843
0.5489, 0.1843
0.5489, 0.1843
0.5489, 0.1843
0.5489, 0.1843
0.5489, 0.1843
0.5489, 0.1843
0.5489, 0.1843
0.5489, 0.1843
0.5489, 0.1843
0.5489, 0.1843
0.5489, 0.1843
0.5489, 0.1843
0.5489, 0.1843
0.5489, 0.1843
0.5489, 0.1843
0.5489, 0.1843
0.5489, 0.1843
0.5489, 0.1843
0.5489, 0.1843
0.5489, 0.1843
0.5489, 0.1843
0.5532, 0.1843
0.5532, 0.1843
0.5532, 0.1843
0.5532, 0.1843
0.5532, 0.1843
0.5532, 0.1843
0.5532, 0.1843
0.5532, 0.1843
0.5532, 0.1843
0.5532, 0.1843
0.5532, 0.1843
0.5532, 0.1843
0.5532, 0.1843
0.5532, 0.1843
0.5532, 0.1843
0.5532, 0.1843
0.5532, 0.1843
0.5532, 0.1843
0.5532, 0.1843
0.5532, 0.1843
0.5574, 0.1843
0.5574, 0.1843
0.5574, 0.1843
0.5574, 0.1843
0.5574, 0.1843
0.5574, 0.1843
0.5617, 0.1843
0.5617, 0.1843
0.5617, 0.1843
0.5617, 0.1843
0.5617, 0.1843
0.5617, 0.1843
0.5617, 0.1843
0.5617, 0.1843
0.5617, 0.1843
0.5617, 0.1843
0.5617, 0.1843
0.5617, 0.1843
0.5617, 0.1843
0.5617, 0.1843
0.5617, 0.1843
0.5617, 0.1843
0.5617, 0.1843
0.5617, 0.1843
0.5617, 0.1843
0.5617, 0.1843
0.5617, 0.1843
0.5617, 0.1843
0.5617, 0.1843
0.5617, 0.1843
0.5617, 0.1843
0.5617, 0.1843
0.5660, 0.1843
0.5660, 0.1843
0.5660, 0.1843
0.5660, 0.1843
0.5660, 0.1843
0.5660, 0.1843
0.5660, 0.1843
0.5660, 0.1843
0.5660, 0.1843
0.5660, 0.1843
0.5702, 0.1843
0.5702, 0.1843
0.5702, 0.1843
0.5702, 0.1843
0.5702, 0.1843
0.5702, 0.1843
0.5702, 0.1843
0.5702, 0.1843
0.5702, 0.1843
0.5702, 0.1843
0.5702, 0.1843
0.5702, 0.1843
0.5702, 0.1843
0.5745, 0.1843
0.5745, 0.1843
0.5745, 0.1843
0.5745, 0.1843
0.5745, 0.1843
0.5745, 0.1843
0.5745, 0.1843
0.5745, 0.1843
0.5745, 0.1843
0.5745, 0.1843
0.5745, 0.1843
0.5745, 0.1843
0.5745, 0.1843
0.5745, 0.1843
0.5745, 0.1843
0.5745, 0.1843
0.5787, 0.1843
0.5787, 0.1843
0.5787, 0.1843
0.5787, 0.1843
0.5787, 0.1843
0.5787, 0.1843
0.5787, 0.1843
0.5787, 0.1843
0.5787, 0.1843
0.5787, 0.1843
0.5830, 0.1843
0.5830, 0.1843
0.5830, 0.1843
0.5830, 0.1843
0.5830, 0.1843
0.5830, 0.1843
0.5830, 0.1843
0.5830, 0.1843
0.5872, 0.1843
0.5872, 0.1843
0.5872, 0.1843
0.5872, 0.1843
0.5872, 0.1843
0.5872, 0.1843
0.5915, 0.1843
0.5915, 0.1843
0.5915, 0.1843
0.5915, 0.1843
0.5915, 0.1843
0.5915, 0.1843
0.5915, 0.1843
0.5915, 0.1843
0.5915, 0.1843
0.5915, 0.1843
0.5915, 0.1843
0.5915, 0.1843
0.5915, 0.1843
0.5915, 0.1843
0.5915, 0.1843
0.5915, 0.1843
0.5915, 0.1843
0.5915, 0.1843
0.5915, 0.1843
0.5915, 0.1843
0.5915, 0.1843
0.5915, 0.1843
0.5915, 0.1843
0.5957, 0.1843
0.5957, 0.1843
0.5957, 0.1843
0.5957, 0.1843
0.5957, 0.1843
0.5957, 0.1843
0.5957, 0.1843
0.5957, 0.1843
0.5957, 0.1843
0.5957, 0.1843
0.6000, 0.1843
0.6000, 0.1843
0.6000, 0.1843
0.6000, 0.1843
0.6000, 0.1843
0.6043, 0.1843
0.6043, 0.1843
0.6043, 0.1843
0.6043, 0.1843
0.6043, 0.1843
0.6043, 0.1843
0.6043, 0.1843
0.6043, 0.1843
0.6085, 0.1843
0.6085, 0.1843
0.6085, 0.1843
0.6085, 0.1843
0.6085, 0.1843
0.6085, 0.1843
0.6085, 0.1843
0.6085, 0.1843
0.6085, 0.1843
0.6085, 0.1843
0.6085, 0.1843
0.6085, 0.1843
0.6085, 0.1843
0.6128, 0.1843
0.6128, 0.1843
0.6128, 0.1843
0.6128, 0.1843
0.6128, 0.1843
0.6128, 0.1843
0.6128, 0.1843
0.6128, 0.1843
0.6128, 0.1843
0.6128, 0.1843
0.6128, 0.1843
0.6128, 0.1843
0.6128, 0.1843
0.6170, 0.1843
0.6170, 0.1843
0.6170, 0.1843
0.6170, 0.1843
0.6170, 0.1843
0.6170, 0.1843
0.6213, 0.1843
0.6213, 0.1843
0.6213, 0.1843
0.6213, 0.1843
0.6213, 0.1843
0.6213, 0.1843
0.6255, 0.1843
0.6255, 0.1843
0.6255, 0.1843
0.6255, 0.1843
0.6255, 0.1843
0.6255, 0.1843
0.6255, 0.1843
0.6255, 0.1843
0.6255, 0.1843
0.6255, 0.1843
0.6255, 0.1843
0.6255, 0.1843
0.6255, 0.1843
0.6298, 0.1843
0.6298, 0.1843
0.6340, 0.1843
0.6340, 0.1843
0.6340, 0.1843
0.6340, 0.1843
0.6340, 0.1843
0.6340, 0.1843
0.6340, 0.1843
0.6340, 0.1843
0.6340, 0.1843
0.6340, 0.1843
0.6383, 0.1843
0.6383, 0.1843
0.6383, 0.1843
0.6383, 0.1843
0.6383, 0.1843
0.6426, 0.1843
0.6426, 0.1843
0.6426, 0.1843
0.6426, 0.1843
0.6426, 0.1843
0.6426, 0.1843
0.6468, 0.1843
0.6468, 0.1843
0.6468, 0.1843
0.6468, 0.1843
0.6468, 0.1843
0.6468, 0.1843
0.6468, 0.1843
0.6468, 0.1843
0.6468, 0.1843
0.6468, 0.1843
0.6468, 0.1843
0.6468, 0.1843
0.6468, 0.1843
0.6468, 0.1868
0.6468, 0.1868
0.6468, 0.1868
0.6511, 0.1868
0.6511, 0.1868
0.6511, 0.1868
0.6511, 0.1868
0.6511, 0.1868
0.6511, 0.1868
0.6553, 0.1868
0.6553, 0.1868
0.6553, 0.1868
0.6553, 0.1868
0.6553, 0.1868
0.6553, 0.1868
0.6596, 0.1868
0.6596, 0.1868
0.6596, 0.1868
0.6638, 0.1868
0.6638, 0.1868
0.6638, 0.1868
0.6638, 0.1868
0.6638, 0.1868
0.6681, 0.1868
0.6681, 0.1868
0.6681, 0.1868
0.6681, 0.1868
0.6681, 0.1868
0.6681, 0.1868
0.6681, 0.1894
0.6681, 0.1894
0.6681, 0.1894
0.6681, 0.1894
0.6681, 0.1894
0.6681, 0.1894
0.6681, 0.1894
0.6681, 0.1894
0.6681, 0.1894
0.6681, 0.1894
0.6681, 0.1894
0.6681, 0.1894
0.6681, 0.1894
0.6681, 0.1918
0.6681, 0.1918
0.6681, 0.1918
0.6723, 0.1918
0.6723, 0.1918
0.6766, 0.1944
0.6766, 0.1944
0.6766, 0.1944
0.6766, 0.1944
0.6766, 0.1944
0.6766, 0.1944
0.6766, 0.1944
0.6766, 0.1944
0.6766, 0.1944
0.6766, 0.1944
0.6766, 0.1944
0.6766, 0.1944
0.6809, 0.1944
0.6809, 0.1944
0.6809, 0.1944
0.6809, 0.1944
0.6809, 0.1944
0.6809, 0.1944
0.6851, 0.1969
0.6851, 0.1969
0.6851, 0.1969
0.6851, 0.1969
0.6851, 0.1969
0.6851, 0.1969
0.6894, 0.1969
0.6894, 0.1969
0.6894, 0.1969
0.6894, 0.1995
0.6894, 0.1995
0.6894, 0.1995
0.6894, 0.1995
0.6894, 0.1995
0.6894, 0.1995
0.6894, 0.1995
0.6894, 0.1995
0.6894, 0.1995
0.6936, 0.1995
0.6936, 0.1995
0.6936, 0.1995
0.6936, 0.1995
0.6936, 0.1995
0.6936, 0.1995
0.6936, 0.1995
0.6936, 0.1995
0.6936, 0.1995
0.6979, 0.1995
0.6979, 0.1995
0.6979, 0.1995
0.6979, 0.2020
0.6979, 0.2020
0.6979, 0.2020
0.6979, 0.2020
0.6979, 0.2020
0.6979, 0.2020
0.6979, 0.2020
0.6979, 0.2020
0.6979, 0.2020
0.6979, 0.2046
0.6979, 0.2046
0.6979, 0.2046
0.7021, 0.2046
0.7021, 0.2046
0.7021, 0.2046
0.7021, 0.2046
0.7021, 0.2046
0.7021, 0.2046
0.7021, 0.2046
0.7021, 0.2046
0.7021, 0.2046
0.7064, 0.2071
0.7064, 0.2071
0.7064, 0.2071
0.7064, 0.2071
0.7064, 0.2071
0.7064, 0.2071
0.7064, 0.2071
0.7064, 0.2071
0.7064, 0.2071
0.7106, 0.2071
0.7106, 0.2071
0.7106, 0.2071
0.7106, 0.2071
0.7106, 0.2071
0.7106, 0.2071
0.7106, 0.2071
0.7106, 0.2071
0.7106, 0.2071
0.7149, 0.2096
0.7149, 0.2096
0.7149, 0.2096
0.7149, 0.2096
0.7149, 0.2096
0.7149, 0.2096
0.7191, 0.2122
0.7191, 0.2122
0.7191, 0.2122
0.7191, 0.2122
0.7191, 0.2122
0.7191, 0.2122
0.7191, 0.2122
0.7191, 0.2122
0.7191, 0.2122
0.7191, 0.2122
0.7191, 0.2122
0.7191, 0.2122
0.7234, 0.2122
0.7234, 0.2122
0.7234, 0.2122
0.7234, 0.2122
0.7234, 0.2122
0.7234, 0.2122
0.7234, 0.2147
0.7234, 0.2147
0.7234, 0.2147
0.7277, 0.2147
0.7277, 0.2147
0.7277, 0.2147
0.7277, 0.2147
0.7277, 0.2147
0.7277, 0.2147
0.7277, 0.2173
0.7277, 0.2173
0.7277, 0.2173
0.7277, 0.2173
0.7277, 0.2173
0.7277, 0.2173
0.7277, 0.2173
0.7277, 0.2173
0.7319, 0.2198
0.7319, 0.2198
0.7319, 0.2198
0.7319, 0.2198
0.7319, 0.2198
0.7319, 0.2198
0.7319, 0.2198
0.7319, 0.2198
0.7319, 0.2198
0.7319, 0.2198
0.7319, 0.2198
0.7319, 0.2198
0.7319, 0.2198
0.7362, 0.2198
0.7362, 0.2198
0.7362, 0.2198
0.7362, 0.2198
0.7362, 0.2198
0.7362, 0.2198
0.7362, 0.2198
0.7362, 0.2198
0.7362, 0.2198
0.7362, 0.2198
0.7362, 0.2198
0.7362, 0.2198
0.7404, 0.2198
0.7404, 0.2198
0.7404, 0.2224
0.7404, 0.2224
0.7404, 0.2224
0.7404, 0.2224
0.7404, 0.2224
0.7404, 0.2224
0.7404, 0.2224
0.7404, 0.2224
0.7404, 0.2224
0.7447, 0.2248
0.7447, 0.2248
0.7447, 0.2248
0.7447, 0.2248
0.7447, 0.2248
0.7447, 0.2248
0.7489, 0.2248
0.7489, 0.2248
0.7489, 0.2248
0.7489, 0.2248
0.7489, 0.2248
0.7489, 0.2248
0.7489, 0.2248
0.7489, 0.2248
0.7489, 0.2248
0.7489, 0.2248
0.7489, 0.2248
0.7489, 0.2248
0.7489, 0.2248
0.7489, 0.2248
0.7489, 0.2248
0.7532, 0.2274
0.7532, 0.2274
0.7532, 0.2274
0.7532, 0.2274
0.7532, 0.2274
0.7532, 0.2274
0.7574, 0.2274
0.7574, 0.2274
0.7574, 0.2274
0.7574, 0.2274
0.7574, 0.2274
0.7617, 0.2299
0.7617, 0.2299
0.7617, 0.2299
0.7617, 0.2299
0.7617, 0.2299
0.7617, 0.2299
0.7617, 0.2299
0.7617, 0.2299
0.7617, 0.2299
0.7617, 0.2299
0.7617, 0.2299
0.7617, 0.2299
0.7617, 0.2299
0.7617, 0.2299
0.7617, 0.2299
0.7617, 0.2299
0.7617, 0.2299
0.7617, 0.2299
0.7617, 0.2325
0.7617, 0.2325
0.7617, 0.2325
0.7660, 0.2325
0.7660, 0.2325
0.7660, 0.2325
0.7660, 0.2325
0.7660, 0.2325
0.7660, 0.2325
0.7702, 0.2325
0.7702, 0.2325
0.7702, 0.2325
0.7702, 0.2325
0.7702, 0.2325
0.7702, 0.2325
0.7702, 0.2325
0.7702, 0.2325
0.7702, 0.2325
0.7702, 0.2325
0.7702, 0.2325
0.7702, 0.2325
0.7702, 0.2325
0.7702, 0.2325
0.7702, 0.2350
0.7702, 0.2350
0.7745, 0.2350
0.7745, 0.2350
0.7745, 0.2350
0.7745, 0.2350
0.7745, 0.2350
0.7745, 0.2350
0.7787, 0.2350
0.7787, 0.2350
0.7787, 0.2350
0.7787, 0.2376
0.7787, 0.2376
0.7787, 0.2376
0.7830, 0.2376
0.7830, 0.2376
0.7830, 0.2376
0.7830, 0.2376
0.7830, 0.2376
0.7830, 0.2376
0.7830, 0.2376
0.7830, 0.2376
0.7830, 0.2376
0.7830, 0.2376
0.7830, 0.2376
0.7830, 0.2376
0.7830, 0.2376
0.7830, 0.2376
0.7872, 0.2376
0.7872, 0.2376
0.7872, 0.2376
0.7872, 0.2400
0.7872, 0.2400
0.7915, 0.2400
0.7915, 0.2400
0.7915, 0.2400
0.7915, 0.2400
0.7915, 0.2400
0.7915, 0.2400
0.7915, 0.2400
0.7915, 0.2400
0.7915, 0.2400
0.7915, 0.2400
0.7915, 0.2400
0.7915, 0.2400
0.7915, 0.2426
0.7915, 0.2426
0.7915, 0.2426
0.7957, 0.2426
0.7957, 0.2426
0.7957, 0.2426
0.7957, 0.2426
0.7957, 0.2426
0.7957, 0.2426
0.7957, 0.2426
0.7957, 0.2426
0.7957, 0.2426
0.8000, 0.2426
0.8000, 0.2426
0.8000, 0.2426
0.8000, 0.2426
0.8000, 0.2426
0.8000, 0.2426
0.8043, 0.2426
0.8043, 0.2426
0.8043, 0.2426
0.8043, 0.2426
0.8043, 0.2426
0.8043, 0.2451
0.8043, 0.2451
0.8043, 0.2451
0.8085, 0.2451
0.8085, 0.2451
0.8085, 0.2451
0.8085, 0.2451
0.8085, 0.2451
0.8085, 0.2451
0.8085, 0.2451
0.8085, 0.2451
0.8128, 0.2477
0.8128, 0.2477
0.8128, 0.2477
0.8128, 0.2477
0.8128, 0.2477
0.8128, 0.2477
0.8128, 0.2477
0.8128, 0.2477
0.8128, 0.2477
0.8128, 0.2477
0.8128, 0.2477
0.8128, 0.2477
0.8128, 0.2477
0.8128, 0.2477
0.8128, 0.2477
0.8128, 0.2477
0.8128, 0.2477
0.8128, 0.2477
0.8128, 0.2477
0.8128, 0.2477
0.8128, 0.2477
0.8128, 0.2502
0.8128, 0.2502
0.8170, 0.2502
0.8170, 0.2502
0.8170, 0.2502
0.8170, 0.2502
0.8170, 0.2502
0.8170, 0.2502
0.8213, 0.2502
0.8213, 0.2502
0.8213, 0.2502
0.8213, 0.2502
0.8213, 0.2502
0.8255, 0.2502
0.8255, 0.2502
0.8255, 0.2502
0.8255, 0.2502
0.8255, 0.2502
0.8255, 0.2502
0.8255, 0.2502
0.8255, 0.2502
0.8255, 0.2502
0.8255, 0.2528
0.8255, 0.2528
0.8255, 0.2528
0.8255, 0.2528
0.8255, 0.2528
0.8255, 0.2528
0.8298, 0.2528
0.8298, 0.2528
0.8298, 0.2528
0.8298, 0.2528
0.8298, 0.2528
0.8298, 0.2528
0.8298, 0.2528
0.8298, 0.2528
0.8298, 0.2528
0.8340, 0.2552
0.8340, 0.2552
0.8340, 0.2552
0.8340, 0.2552
0.8340, 0.2552
0.8340, 0.2552
0.8340, 0.2552
0.8340, 0.2552
0.8340, 0.2552
0.8340, 0.2552
0.8340, 0.2552
0.8340, 0.2552
0.8340, 0.2552
0.8340, 0.2552
0.8340, 0.2552
0.8340, 0.2552
0.8383, 0.2552
0.8383, 0.2552
0.8383, 0.2552
0.8383, 0.2552
0.8383, 0.2552
0.8383, 0.2552
0.8383, 0.2552
0.8383, 0.2552
0.8383, 0.2552
0.8383, 0.2552
0.8383, 0.2552
0.8383, 0.2552
0.8426, 0.2552
0.8426, 0.2552
0.8426, 0.2552
0.8426, 0.2552
0.8426, 0.2552
0.8426, 0.2552
0.8426, 0.2552
0.8426, 0.2552
0.8426, 0.2578
0.8426, 0.2578
0.8426, 0.2578
0.8468, 0.2578
0.8468, 0.2578
0.8468, 0.2578
0.8468, 0.2578
0.8468, 0.2578
0.8511, 0.2578
0.8511, 0.2578
0.8511, 0.2578
0.8553, 0.2578
0.8553, 0.2578
0.8553, 0.2578
0.8553, 0.2578
0.8553, 0.2578
0.8553, 0.2578
0.8553, 0.2578
0.8553, 0.2578
0.8553, 0.2578
0.8553, 0.2578
0.8553, 0.2578
0.8553, 0.2578
0.8596, 0.2578
0.8596, 0.2578
0.8596, 0.2578
0.8596, 0.2578
0.8596, 0.2578
0.8638, 0.2578
0.8638, 0.2578
0.8638, 0.2578
0.8638, 0.2578
0.8638, 0.2578
0.8638, 0.2578
0.8638, 0.2578
0.8638, 0.2578
0.8638, 0.2578
0.8638, 0.2578
0.8638, 0.2578
0.8681, 0.2578
0.8681, 0.2578
0.8681, 0.2578
0.8681, 0.2578
0.8681, 0.2578
0.8681, 0.2578
0.8723, 0.2578
0.8723, 0.2578
0.8723, 0.2578
0.8723, 0.2578
0.8723, 0.2578
0.8723, 0.2578
0.8766, 0.2578
0.8766, 0.2578
0.8766, 0.2578
0.8766, 0.2578
0.8766, 0.2578
0.8766, 0.2578
0.8766, 0.2578
0.8766, 0.2578
0.8809, 0.2578
0.8809, 0.2578
0.8809, 0.2578
0.8851, 0.2578
0.8851, 0.2578
0.8851, 0.2578
0.8851, 0.2578
0.8851, 0.2578
0.8851, 0.2578
0.8851, 0.2578
0.8851, 0.2578
0.8894, 0.2578
0.8894, 0.2578
0.8894, 0.2578
0.8936, 0.2578
0.8936, 0.2578
0.8936, 0.2578
0.8936, 0.2578
0.8936, 0.2578
0.8979, 0.2578
0.8979, 0.2578
0.8979, 0.2578
0.8979, 0.2578
0.8979, 0.2578
0.8979, 0.2578
0.8979, 0.2578
0.8979, 0.2578
0.8979, 0.2578
0.8979, 0.2578
0.8979, 0.2578
0.8979, 0.2578
0.8979, 0.2578
0.8979, 0.2578
0.8979, 0.2578
0.8979, 0.2578
0.8979, 0.2578
0.8979, 0.2578
0.8979, 0.2578
0.8979, 0.2578
0.8979, 0.2578
0.8979, 0.2578
0.8979, 0.2578
0.9021, 0.2578
0.9021, 0.2578
0.9021, 0.2578
0.9021, 0.2578
0.9021, 0.2578
0.9021, 0.2578
0.9021, 0.2578
0.9021, 0.2578
0.9064, 0.2578
0.9064, 0.2578
0.9064, 0.2578
0.9064, 0.2578
0.9064, 0.2578
0.9064, 0.2578
0.9064, 0.2578
0.9064, 0.2578
0.9064, 0.2578
0.9106, 0.2578
0.9106, 0.2578
0.9106, 0.2578
0.9106, 0.2578
0.9106, 0.2578
0.9106, 0.2578
0.9106, 0.2578
0.9106, 0.2578
0.9149, 0.2578
0.9149, 0.2578
0.9149, 0.2578
0.9149, 0.2578
0.9149, 0.2578
0.9149, 0.2578
0.9149, 0.2578
0.9149, 0.2578
0.9149, 0.2578
0.9149, 0.2578
0.9149, 0.2578
0.9149, 0.2578
0.9149, 0.2578
0.9149, 0.2578
0.9149, 0.2578
0.9149, 0.2578
0.9191, 0.2552
0.9191, 0.2552
0.9191, 0.2552
0.9191, 0.2552
0.9191, 0.2552
0.9191, 0.2552
0.9191, 0.2552
0.9191, 0.2552
0.9191, 0.2552
0.9191, 0.2552
0.9191, 0.2552
0.9191, 0.2528
0.9191, 0.2528
0.9191, 0.2528
0.9234, 0.2528
0.9234, 0.2528
0.9234, 0.2528
0.9234, 0.2528
0.9234, 0.2528
0.9277, 0.2528
0.9277, 0.2528
0.9277, 0.2528
0.9277, 0.2528
0.9277, 0.2528
0.9277, 0.2528
0.9277, 0.2528
0.9277, 0.2528
0.9277, 0.2528
0.9277, 0.2528
0.9277, 0.2528
0.9277, 0.2528
0.9277, 0.2528
0.9277, 0.2528
0.9277, 0.2528
0.9277, 0.2528
0.9277, 0.2528
0.9277, 0.2502
0.9277, 0.2502
0.9277, 0.2502
0.9277, 0.2502
0.9277, 0.2502
0.9319, 0.2502
0.9319, 0.2502
0.9319, 0.2502
0.9319, 0.2502
0.9319, 0.2502
0.9319, 0.2502
0.9319, 0.2502
0.9319, 0.2502
0.9319, 0.2477
0.9319, 0.2477
0.9319, 0.2477
0.9362, 0.2477
0.9362, 0.2477
0.9362, 0.2477
0.9362, 0.2477
0.9362, 0.2477
0.9362, 0.2451
0.9362, 0.2451
0.9362, 0.2451
0.9404, 0.2451
0.9404, 0.2451
0.9404, 0.2451
0.9404, 0.2451
0.9404, 0.2451
0.9404, 0.2451
0.9404, 0.2451
0.9404, 0.2451
0.9447, 0.2451
0.9447, 0.2451
0.9447, 0.2426
0.9447, 0.2426
0.9447, 0.2426
0.9489, 0.2426
0.9489, 0.2426
0.9489, 0.2426
0.9489, 0.2426
0.9489, 0.2426
0.9489, 0.2400
0.9489, 0.2400
0.9489, 0.2400
0.9532, 0.2400
0.9532, 0.2400
0.9574, 0.2400
0.9574, 0.2400
0.9574, 0.2400
0.9574, 0.2400
0.9574, 0.2400
0.9574, 0.2400
0.9574, 0.2400
0.9574, 0.2400
0.9574, 0.2400
0.9617, 0.2400
0.9617, 0.2400
0.9617, 0.2376
0.9617, 0.2376
0.9617, 0.2376
0.9617, 0.2376
0.9617, 0.2376
0.9617, 0.2376
0.9617, 0.2376
0.9617, 0.2376
0.9617, 0.2350
0.9617, 0.2350
0.9660, 0.2350
0.9660, 0.2350
0.9660, 0.2350
0.9660, 0.2350
0.9660, 0.2350
0.9702, 0.2350
0.9702, 0.2350
0.9702, 0.2350
0.9702, 0.2325
0.9702, 0.2325
0.9702, 0.2325
0.9702, 0.2325
0.9702, 0.2325
0.9702, 0.2325
0.9702, 0.2325
0.9702, 0.2325
0.9745, 0.2299
0.9745, 0.2299
0.9745, 0.2299
0.9745, 0.2299
0.9745, 0.2299
0.9745, 0.2299
0.9745, 0.2299
0.9745, 0.2299
0.9787, 0.2274
0.9787, 0.2274
0.9787, 0.2274
0.9787, 0.2274
0.9787, 0.2274
0.9787, 0.2274
0.9787, 0.2274
0.9787, 0.2274
0.9787, 0.2274
0.9787, 0.2274
0.9787, 0.2274
0.9787, 0.2248
0.9787, 0.2248
0.9787, 0.2248
0.9830, 0.2248
0.9830, 0.2248
0.9830, 0.2224
0.9830, 0.2224
0.9830, 0.2224
0.9830, 0.2224
0.9830, 0.2224
0.9830, 0.2224
0.9872, 0.2224
0.9872, 0.2224
0.9872, 0.2198
0.9872, 0.2198
0.9872, 0.2198
0.9915, 0.2173
0.9915, 0.2173
0.9915, 0.2147
0.9915, 0.2147
0.9915, 0.2147
0.9915, 0.2147
0.9915, 0.2147
0.9915, 0.2147
0.9915, 0.2147
0.9915, 0.2147
0.9915, 0.2147
0.9915, 0.2147
0.9915, 0.2147
0.9915, 0.2147
0.9915, 0.2147
0.9915, 0.2147
0.9915, 0.2122
0.9915, 0.2122
0.9915, 0.2122
0.9915, 0.2122
0.9915, 0.2122
0.9915, 0.2122
0.9915, 0.2122
0.9915, 0.2122
0.9915, 0.2096
0.9915, 0.2096
0.9915, 0.2096
0.9915, 0.2096
0.9915, 0.2096
0.9915, 0.2096
0.9915, 0.2096
0.9915, 0.2096
0.9957, 0.2096
0.9957, 0.2096
0.9957, 0.2096
0.9957, 0.2096
0.9957, 0.2096
0.9957, 0.2071
0.9957, 0.2071
0.9957, 0.2071
0.9957, 0.2071
0.9957, 0.2071
0.9957, 0.2046
0.9957, 0.2046
0.9957, 0.2046
0.9957, 0.2046
0.9957, 0.2046
0.9957, 0.2046
0.9957, 0.2020
0.9957, 0.2020
0.9957, 0.2020
0.9957, 0.2020
0.9957, 0.2020
1.0000, 0.2020
1.0000, 0.2020
1.0000, 0.2020
1.0000, 0.2020
1.0000, 0.2020
1.0000, 0.2020
1.0000, 0.2020
1.0000, 0.2020
1.0000, 0.1995
1.0000, 0.1995
1.0000, 0.1995
1.0000, 0.1995
1.0000, 0.1995
1.0000, 0.1969
1.0000, 0.1969
1.0000, 0.1969
1.0000, 0.1969
1.0000, 0.1969
1.0000, 0.1969
1.0000, 0.1969
1.0000, 0.1969
1.0000, 0.1969
1.0000, 0.1969
1.0000, 0.1969
1.0000, 0.1969
1.0000, 0.1969
1.0000, 0.1969
1.0000, 0.1944
1.0000, 0.1944
1.0000, 0.1944
1.0000, 0.1944
1.0000, 0.1918
1.0000, 0.1918
1.0000, 0.1918
1.0000, 0.1918
1.0000, 0.1918
1.0000, 0.1918
1.0000, 0.1894
1.0000, 0.1894
1.0000, 0.1894
1.0000, 0.1894
1.0000, 0.1894
1.0000, 0.1894
1.0000, 0.1894
1.0000, 0.1894
1.0000, 0.1894
1.0000, 0.1894
1.0000, 0.1894
1.0000, 0.1894
1.0000, 0.1894
1.0000, 0.1868
1.0000, 0.1868
1.0000, 0.1843
1.0000, 0.1843
1.0000, 0.1843
1.0000, 0.1843
1.0000, 0.1843
1.0000, 0.1843
1.0000, 0.1843
1.0000, 0.1843
1.0000, 0.1843
1.0000, 0.1843
1.0000, 0.1843
1.0000, 0.1843
1.0000, 0.1843
1.0000, 0.1843
1.0000, 0.1843
1.0000, 0.1843
1.0000, 0.1843
1.0000, 0.1817
1.0000, 0.1817
1.0000, 0.1817
1.0000, 0.1817
1.0000, 0.1817
1.0000, 0.1792
1.0000, 0.1792
1.0000, 0.1792
1.0000, 0.1792
1.0000, 0.1792
1.0000, 0.1766
1.0000, 0.1766
1.0000, 0.1766
1.0000, 0.1766
1.0000, 0.1766
1.0000, 0.1766
1.0000, 0.1766
1.0000, 0.1766
1.0000, 0.1742
1.0000, 0.1742
1.0000, 0.1742
1.0000, 0.1742
1.0000, 0.1742
1.0000, 0.1716
1.0000, 0.1716
1.0000, 0.1716
1.0000, 0.1716
1.0000, 0.1716
1.0000, 0.1716
1.0000, 0.1716
1.0000, 0.1716
1.0000, 0.1716
1.0000, 0.1716
1.0000, 0.1691
1.0000, 0.1691
1.0000, 0.1691
1.0000, 0.1691
1.0000, 0.1691
1.0000, 0.1665
1.0000, 0.1665
1.0000, 0.1665
1.0000, 0.1665
1.0000, 0.1665
1.0000, 0.1665
1.0000, 0.1640
1.0000, 0.1640
1.0000, 0.1640
1.0000, 0.1640
1.0000, 0.1640
1.0000, 0.1640
1.0000, 0.1640
1.0000, 0.1640
1.0000, 0.1614
1.0000, 0.1614
1.0000, 0.1614
1.0000, 0.1614
1.0000, 0.1614
1.0000, 0.1590
1.0000, 0.1590
1.0000, 0.1590
1.0000, 0.1590
1.0000, 0.1590
1.0000, 0.1590
1.0000, 0.1590
1.0000, 0.1590
1.0000, 0.1590
1.0000, 0.1590
1.0000, 0.1564
1.0000, 0.1564
1.0000, 0.1564
1.0000, 0.1564
1.0000, 0.1564
1.0000, 0.1539
1.0000, 0.1539
1.0000, 0.1539
1.0000, 0.1539
1.0000, 0.1539
1.0000, 0.1539
1.0000, 0.1539
1.0000, 0.1539
1.0000, 0.1539
1.0000, 0.1539
1.0000, 0.1539
1.0000, 0.1539
1.0000, 0.1539
1.0000, 0.1513
1.0000, 0.1513
1.0000, 0.1513
1.0000, 0.1513
1.0000, 0.1513
1.0000, 0.1488
1.0000, 0.1488
1.0000, 0.1488
1.0000, 0.1488
1.0000, 0.1462
1.0000, 0.1462
1.0000, 0.1462
1.0000, 0.1462
1.0000, 0.1462
1.0000, 0.1462
1.0000, 0.1462
1.0000, 0.1462
1.0000, 0.1462
1.0000, 0.1462
1.0000, 0.1462
1.0000, 0.1437
1.0000, 0.1437
1.0000, 0.1437
1.0000, 0.1437
1.0000, 0.1437
1.0000, 0.1412
1.0000, 0.1412
1.0000, 0.1412
1.0000, 0.1412
1.0000, 0.1412
1.0000, 0.1412
1.0000, 0.1412
1.0000, 0.1412
1.0000, 0.1412
1.0000, 0.1412
1.0000, 0.1412
1.0000, 0.1412
1.0000, 0.1412
1.0000, 0.1386
1.0000, 0.1386
1.0000, 0.1386
1.0000, 0.1386
1.0000, 0.1386
1.0000, 0.1386
1.0000, 0.1386
1.0000, 0.1361
1.0000, 0.1361
1.0000, 0.1361
1.0000, 0.1361
1.0000, 0.1361
1.0000, 0.1335
1.0000, 0.1335
1.0000, 0.1335
1.0000, 0.1335
1.0000, 0.1335
1.0000, 0.1335
0.9957, 0.1335
0.9957, 0.1335
0.9957, 0.1310
0.9957, 0.1310
0.9957, 0.1310
0.9957, 0.1284
0.9957, 0.1284
0.9957, 0.1284
0.9957, 0.1284
0.9957, 0.1284
0.9957, 0.1284
0.9957, 0.1284
0.9957, 0.1284
0.9957, 0.1284
0.9957, 0.1284
0.9957, 0.1284
0.9957, 0.1284
0.9957, 0.1284
0.9957, 0.1284
0.9957, 0.1284
0.9957, 0.1284
0.9957, 0.1284
0.9957, 0.1284
0.9957, 0.1284
0.9957, 0.1284
0.9915, 0.1260
0.9915, 0.1260
0.9915, 0.1260
0.9915, 0.1260
0.9915, 0.1260
0.9915, 0.1234
0.9915, 0.1234
0.9872, 0.1234
0.9872, 0.1234
0.9872, 0.1234
0.9872, 0.1234
0.9872, 0.1234
0.9872, 0.1209
0.9872, 0.1209
0.9872, 0.1209
0.9830, 0.1209
0.9830, 0.1209
0.9830, 0.1209
0.9830, 0.1209
0.9830, 0.1209
0.9830, 0.1209
0.9830, 0.1209
0.9830, 0.1209
0.9830, 0.1209
0.9830, 0.1209
0.9830, 0.1209
0.9830, 0.1209
0.9787, 0.1183
0.9787, 0.1183
0.9787, 0.1183
0.9787, 0.1183
0.9787, 0.1183
0.9787, 0.1183
0.9745, 0.1158
0.9745, 0.1158
0.9745, 0.1158
0.9745, 0.1158
0.9745, 0.1158
0.9745, 0.1158
0.9745, 0.1158
0.9745, 0.1158
0.9745, 0.1158
0.9745, 0.1158
0.9702, 0.1158
0.9702, 0.1158
0.9702, 0.1158
0.9702, 0.1158
0.9702, 0.1158
0.9660, 0.1132
0.9660, 0.1132
0.9660, 0.1132
0.9660, 0.1132
0.9660, 0.1132
0.9660, 0.1132
0.9660, 0.1132
0.9660, 0.1108
0.9660, 0.1108
0.9660, 0.1108
0.9660, 0.1108
0.9660, 0.1108
0.9660, 0.1108
0.9660, 0.1108
0.9660, 0.1108
0.9617, 0.1082
0.9617, 0.1082
0.9617, 0.1082
0.9617, 0.1082
0.9617, 0.1082
0.9574, 0.1082
0.9574, 0.1082
0.9574, 0.1082
0.9574, 0.1082
0.9574, 0.1082
0.9574, 0.1082
0.9574, 0.1082
0.9574, 0.1082
0.9532, 0.1082
0.9532, 0.1082
0.9532, 0.1057
0.9532, 0.1057
0.9532, 0.1057
0.9532, 0.1057
0.9532, 0.1057
0.9532, 0.1057
0.9532, 0.1057
0.9532, 0.1031
0.9532, 0.1031
0.9532, 0.1031
0.9489, 0.1031
0.9489, 0.1031
0.9447, 0.1031
0.9447, 0.1031
0.9447, 0.1031
0.9447, 0.1031
0.9447, 0.1031
0.9447, 0.1031
0.9447, 0.1031
0.9447, 0.1031
0.9447, 0.1006
0.9447, 0.1006
0.9404, 0.1006
0.9404, 0.1006
0.9404, 0.1006
0.9404, 0.1006
0.9404, 0.1006
0.9362, 0.0980
0.9362, 0.0980
0.9362, 0.0980
0.9362, 0.0980
0.9362, 0.0980
0.9319, 0.0980
0.9319, 0.0980
0.9319, 0.0980
0.9319, 0.0956
0.9319, 0.0956
0.9319, 0.0956
0.9319, 0.0956
0.9319, 0.0956
0.9319, 0.0956
0.9319, 0.0956
0.9319, 0.0956
0.9319, 0.0956
0.9319, 0.0956
0.9319, 0.0956
0.9319, 0.0956
0.9319, 0.0956
0.9277, 0.0956
0.9277, 0.0956
0.9277, 0.0930
0.9277, 0.0930
0.9234, 0.0930
0.9234, 0.0930
0.9234, 0.0930
0.9234, 0.0930
0.9234, 0.0930
0.9234, 0.0905
0.9234, 0.0905
0.9234, 0.0905
0.9191, 0.0905
0.9191, 0.0905
0.9191, 0.0905
0.9191, 0.0905
0.9191, 0.0905
0.9149, 0.0905
0.9149, 0.0905
0.9149, 0.0905
0.9149, 0.0905
0.9106, 0.0905
0.9106, 0.0905
0.9106, 0.0905
0.9106, 0.0879
0.9106, 0.0879
0.9106, 0.0879
0.9106, 0.0879
0.9106, 0.0879
0.9106, 0.0879
0.9106, 0.0879
0.9106, 0.0879
0.9106, 0.0879
0.9106, 0.0879
0.9106, 0.0854
0.9106, 0.0854
0.9064, 0.0854
0.9064, 0.0854
0.9064, 0.0854
0.9064, 0.0828
0.9064, 0.0828
0.9021, 0.0828
0.9021, 0.0828
0.9021, 0.0828
0.9021, 0.0828
0.9021, 0.0828
0.9021, 0.0828
0.9021, 0.0828
0.9021, 0.0828
0.9021, 0.0828
0.9021, 0.0828
0.8979, 0.0828
0.8979, 0.0828
0.8979, 0.0803
0.8979, 0.0803
0.8979, 0.0803
0.8979, 0.0803
0.8979, 0.0803
0.8936, 0.0803
0.8936, 0.0803
0.8936, 0.0778
0.8936, 0.0778
0.8894, 0.0778
0.8894, 0.0778
0.8894, 0.0778
0.8894, 0.0778
0.8894, 0.0778
0.8894, 0.0778
0.8894, 0.0778
0.8894, 0.0778
0.8894, 0.0778
0.8894, 0.0778
0.8894, 0.0778
0.8894, 0.0778
0.8894, 0.0778
0.8851, 0.0752
0.8851, 0.0752
0.8851, 0.0752
0.8851, 0.0752
0.8851, 0.0752
0.8851, 0.0752
0.8851, 0.0752
0.8809, 0.0752
0.8809, 0.0752
0.8809, 0.0752
0.8809, 0.0727
0.8809, 0.0727
0.8809, 0.0727
0.8809, 0.0727
0.8809, 0.0727
0.8809, 0.0727
0.8809, 0.0727
0.8766, 0.0727
0.8766, 0.0727
0.8766, 0.0727
0.8766, 0.0727
0.8766, 0.0727
0.8723, 0.0727
0.8723, 0.0727
0.8723, 0.0727
0.8723, 0.0701
0.8723, 0.0701
0.8681, 0.0701
0.8681, 0.0701
0.8681, 0.0701
0.8681, 0.0701
0.8681, 0.0676
0.8681, 0.0676
0.8681, 0.0676
0.8681, 0.0676
0.8638, 0.0650
0.8638, 0.0650
0.8638, 0.0650
0.8638, 0.0650
0.8638, 0.0650
0.8596, 0.0650
0.8596, 0.0650
0.8596, 0.0650
0.8596, 0.0650
0.8596, 0.0650
0.8596, 0.0650
0.8596, 0.0650
0.8553, 0.0650
0.8553, 0.0650
0.8553, 0.0650
0.8553, 0.0650
0.8553, 0.0650
0.8511, 0.0650
0.8511, 0.0650
0.8468, 0.0650
0.8468, 0.0650
0.8468, 0.0650
0.8468, 0.0650
0.8468, 0.0650
0.8468, 0.0626
0.8468, 0.0626
0.8468, 0.0626
0.8468, 0.0626
0.8468, 0.0626
0.8468, 0.0626
0.8468, 0.0626
0.8468, 0.0626
0.8468, 0.0626
0.8468, 0.0626
0.8468, 0.0626
0.8468, 0.0626
0.8468, 0.0626
0.8468, 0.0626
0.8468, 0.0626
0.8468, 0.0626
0.8468, 0.0626
0.8468, 0.0626
0.8468, 0.0626
0.8468, 0.0626
0.8468, 0.0626
0.8468, 0.0626
0.8468, 0.0626
0.8468, 0.0626
0.8468, 0.0626
0.8468, 0.0626
0.8468, 0.0626
0.8468, 0.0626
0.8426, 0.0626
0.8426, 0.0626
0.8426, 0.0626
0.8426, 0.0626
0.8426, 0.0626
0.8383, 0.0626
0.8383, 0.0626
0.8383, 0.0600
0.8383, 0.0600
0.8383, 0.0600
0.8383, 0.0600
0.8383, 0.0600
0.8383, 0.0600
0.8383, 0.0600
0.8340, 0.0600
0.8340, 0.0600
0.8340, 0.0600
0.8340, 0.0600
0.8340, 0.0600
0.8298, 0.0600
0.8298, 0.0600
0.8298, 0.0600
0.8298, 0.0600
0.8255, 0.0600
0.8255, 0.0600
0.8255, 0.0600
0.8213, 0.0575
0.8213, 0.0575
0.8170, 0.0575
0.8170, 0.0575
0.8170, 0.0575
0.8170, 0.0575
0.8170, 0.0575
0.8128, 0.0549
0.8128, 0.0549
0.8128, 0.0549
0.8128, 0.0549
0.8128, 0.0549
0.8128, 0.0549
0.8128, 0.0549
0.8128, 0.0549
0.8128, 0.0549
0.8128, 0.0549
0.8128, 0.0549
0.8128, 0.0549
0.8128, 0.0549
0.8128, 0.0549
0.8128, 0.0549
0.8128, 0.0549
0.8128, 0.0549
0.8128, 0.0549
0.8128, 0.0549
0.8128, 0.0549
0.8128, 0.0549
0.8128, 0.0549
0.8128, 0.0549
0.8128, 0.0549
0.8128, 0.0549
0.8128, 0.0549
0.8128, 0.0549
0.8128, 0.0549
0.8128, 0.0549
0.8128, 0.0549
0.8128, 0.0549
0.8128, 0.0549
0.8128, 0.0549
0.8128, 0.0549
0.8128, 0.0549
0.8128, 0.0549
0.8128, 0.0549
0.8128, 0.0549
0.8128, 0.0549
0.8128, 0.0549
0.8128, 0.0549
0.8128, 0.0575
