0.3605, 0.0053
0.3553, 0.0053
0.3500, 0.0053
0.3447, 0.0053
0.3342, 0.0000
0.3237, 0.0000
0.3079, 0.0000
0.2921, 0.0000
0.2711, 0.0000
0.2605, 0.0000
0.2500, 0.0000
0.2395, 0.0000
0.2184, 0.0000
0.2079, 0.0053
0.1816, 0.0263
0.1658, 0.0421
0.1500, 0.0526
0.1290, 0.0737
0.1184, 0.0895
0.0974, 0.1053
0.0869, 0.1211
0.0763, 0.1421
0.0711, 0.1474
0.0658, 0.1632
0.0658, 0.1737
0.0605, 0.1790
0.0605, 0.1842
0.0500, 0.1842
0.0500, 0.2000
0.0500, 0.2053
0.0500, 0.2105
0.0553, 0.2158
0.0553, 0.2211
0.0658, 0.2263
0.0711, 0.2316
0.0816, 0.2368
0.0921, 0.2368
0.1079, 0.2474
0.1184, 0.2474
0.1290, 0.2526
0.1500, 0.2526
0.1605, 0.2526
0.1763, 0.2579
0.1921, 0.2579
0.2079, 0.2579
0.2184, 0.2632
0.2395, 0.2632
0.2500, 0.2632
0.2658, 0.2632
0.2816, 0.2632
0.2974, 0.2632
0.3079, 0.2632
0.3289, 0.2684
0.3447, 0.2684
0.3605, 0.2684
0.3763, 0.2737
0.3921, 0.2737
0.4079, 0.2737
0.4289, 0.2789
0.4500, 0.2789
0.4605, 0.2789
0.4763, 0.2789
0.4974, 0.2895
0.5079, 0.2895
0.5237, 0.2947
0.5395, 0.3000
0.5500, 0.3000
0.5605, 0.3053
0.5763, 0.3105
0.5816, 0.3158
0.5921, 0.3211
0.5974, 0.3316
0.6079, 0.3368
0.6132, 0.3421
0.6237, 0.3526
0.6290, 0.3579
0.6342, 0.3632
0.6395, 0.3789
0.6447, 0.3842
0.6500, 0.3947
0.6500, 0.4053
0.6553, 0.4105
0.6553, 0.4263
0.6553, 0.4368
0.6658, 0.4474
0.6658, 0.4684
0.6658, 0.4789
0.6711, 0.4895
0.6711, 0.5053
0.6711, 0.5158
0.6711, 0.5263
0.6711, 0.5316
0.6711, 0.5474
0.6711, 0.5579
0.6711, 0.5632
0.6711, 0.5684
0.6711, 0.5790
0.6605, 0.5842
0.6553, 0.5947
0.6553, 0.6000
0.6500, 0.6053
0.6447, 0.6105
0.6395, 0.6158
0.6342, 0.6211
0.6342, 0.6263
0.6290, 0.6368
0.6184, 0.6421
0.6132, 0.6474
0.6079, 0.6526
0.6026, 0.6579
0.5974, 0.6579
0.5921, 0.6632
0.5868, 0.6684
0.5816, 0.6789
0.5711, 0.6789
0.5605, 0.6842
0.5553, 0.6842
0.5500, 0.6895
0.5395, 0.6895
0.5237, 0.6895
0.5184, 0.6947
0.5079, 0.6947
0.4974, 0.6947
0.4816, 0.6947
0.4710, 0.6947
0.4605, 0.6947
0.4447, 0.7000
0.4342, 0.7000
0.4289, 0.7000
0.4184, 0.7000
0.4132, 0.7000
0.3974, 0.7000
0.3921, 0.7000
0.3816, 0.7000
0.3711, 0.7000
0.3553, 0.7000
0.3447, 0.7000
0.3342, 0.7000
0.3237, 0.7000
0.3079, 0.7000
0.2974, 0.6947
0.2868, 0.6947
0.2711, 0.6895
0.2553, 0.6842
0.2447, 0.6842
0.2342, 0.6737
0.2237, 0.6684
0.2132, 0.6632
0.2079, 0.6632
0.2026, 0.6579
0.1974, 0.6579
0.1921, 0.6579
0.1816, 0.6579
0.1711, 0.6789
0.1658, 0.6895
0.1553, 0.7000
0.1500, 0.7105
0.1395, 0.7263
0.1342, 0.7316
0.1290, 0.7421
0.1237, 0.7474
0.1237, 0.7579
0.1184, 0.7684
0.1184, 0.7789
0.1132, 0.7842
0.1079, 0.7947
0.1079, 0.8000
0.1079, 0.8105
0.0974, 0.8210
0.0974, 0.8316
0.0921, 0.8368
0.0921, 0.8526
0.0921, 0.8632
0.0921, 0.8737
0.0921, 0.8789
0.0921, 0.8842
0.0869, 0.8947
0.0869, 0.9053
0.0869, 0.9105
0.0869, 0.9158
0.0869, 0.9210
0.0869, 0.9263
0.0869, 0.9316
0.0869, 0.9421
0.0869, 0.9474
0.0869, 0.9526
0.0869, 0.9579
0.0921, 0.9631
0.1026, 0.9684
0.1079, 0.9737
0.1132, 0.9737
0.1184, 0.9842
0.1237, 0.9842
0.1290, 0.9842
0.1290, 0.9895
0.1447, 0.9895
0.1500, 0.9895
0.1553, 0.9895
0.1605, 0.9947
0.1658, 0.9947
0.1711, 0.9947
0.1763, 1.0000
0.1868, 1.0000
0.1921, 1.0000
0.1974, 1.0000
0.2026, 1.0000
0.2079, 1.0000
0.2132, 1.0000
0.2184, 1.0000
0.2290, 1.0000
0.2342, 1.0000

0.6500, 0.5842
0.6553, 0.5842
0.6658, 0.5842
0.6763, 0.5842
0.6921, 0.5842
0.7079, 0.5947
0.7184, 0.5947
0.7289, 0.6000
0.7500, 0.6053
0.7605, 0.6105
0.7711, 0.6105
0.7816, 0.6158
0.8026, 0.6211
0.8184, 0.6211
0.8289, 0.6211
0.8447, 0.6211
0.8500, 0.6211
0.8553, 0.6211
0.8658, 0.6211
0.8816, 0.6211
0.8868, 0.6211
0.8921, 0.6211
0.8974, 0.6211
0.9026, 0.6211
0.9079, 0.6211
0.9132, 0.6158
0.9237, 0.6105
0.9289, 0.6000
0.9342, 0.5842
0.9395, 0.5737
0.9447, 0.5632
0.9447, 0.5579
0.9447, 0.5421
0.9447, 0.5368
0.9500, 0.5316
0.9500, 0.5263
0.9500, 0.5211
0.9500, 0.5158
0.9500, 0.5105
0.9500, 0.5000
0.9500, 0.4895
0.9500, 0.4842
0.9500, 0.4789
0.9500, 0.4684
0.9447, 0.4579
0.9395, 0.4474
0.9342, 0.4421
0.9184, 0.4316
0.9132, 0.4263
0.9079, 0.4158
0.9026, 0.4158
0.8974, 0.4105
0.8921, 0.4105
0.8868, 0.4105
0.8763, 0.4105
0.8710, 0.4105
0.8658, 0.4105
0.8605, 0.4105
0.8553, 0.4105
0.8500, 0.4105
0.8447, 0.4105
0.8342, 0.4105
0.8289, 0.4105
0.8237, 0.4105
0.8184, 0.4105
0.8132, 0.4105
