0.1488, 0.8349
0.1395, 0.8349
0.1349, 0.8349
0.1256, 0.8349
0.1163, 0.8349
0.1116, 0.8349
0.0977, 0.8349
0.0884, 0.8349
0.0837, 0.8349
0.0791, 0.8349
0.0744, 0.8349
0.0651, 0.8349
0.0605, 0.8349
0.0558, 0.8349
0.0512, 0.8349
0.0512, 0.8302
0.0465, 0.8302
0.0419, 0.8302
0.0419, 0.8209
0.0372, 0.8209
0.0326, 0.8163
0.0233, 0.8163
0.0233, 0.8116
0.0186, 0.8116
0.0186, 0.8070
0.0139, 0.8023
0.0139, 0.7977
0.0093, 0.7977
0.0093, 0.7930
0.0046, 0.7884
0.0046, 0.7791
0.0046, 0.7744
0.0046, 0.7698
0.0000, 0.7698
0.0000, 0.7605
0.0000, 0.7558
0.0000, 0.7512
0.0000, 0.7419
0.0000, 0.7372
0.0000, 0.7326
0.0000, 0.7279
0.0000, 0.7233
0.0000, 0.7186
0.0000, 0.7046
0.0000, 0.7000
0.0000, 0.6953
0.0000, 0.6860
0.0000, 0.6814
0.0000, 0.6767
0.0000, 0.6628
0.0000, 0.6581
0.0046, 0.6535
0.0046, 0.6488
0.0046, 0.6442
0.0093, 0.6442
0.0093, 0.6395
0.0139, 0.6349
0.0186, 0.6349
0.0186, 0.6256
0.0279, 0.6256
0.0326, 0.6209
0.0419, 0.6163
0.0512, 0.6163
0.0698, 0.6163
0.0837, 0.6163
0.0977, 0.6163
0.1116, 0.6163
0.1209, 0.6163
0.1256, 0.6163
0.1349, 0.6163
0.1442, 0.6163
0.1535, 0.6163
0.1581, 0.6163
0.1721, 0.6163
0.1860, 0.6163
0.1907, 0.6163
0.2000, 0.6163
0.2093, 0.6163
0.2233, 0.6163
0.2326, 0.6163
0.2372, 0.6163
0.2465, 0.6163
0.2605, 0.6163
0.2698, 0.6163
0.2791, 0.6163
0.2884, 0.6163
0.3023, 0.6163
0.3116, 0.6163
0.3209, 0.6163
0.3349, 0.6163
0.3442, 0.6163
0.3535, 0.6163
0.3628, 0.6163
0.3674, 0.6163
0.3814, 0.6163
0.3860, 0.6116
0.4000, 0.6116
0.4140, 0.6116
0.4232, 0.6116
0.4279, 0.6116
0.4372, 0.6116
0.4558, 0.6070
0.4651, 0.6070
0.4698, 0.6070
0.4791, 0.6070
0.4930, 0.6070
0.5023, 0.6023
0.5070, 0.6023
0.5163, 0.6023
0.5302, 0.6023
0.5349, 0.5977
0.5442, 0.5977
0.5535, 0.5977
0.5674, 0.5977
0.5767, 0.5884
0.5860, 0.5884
0.5907, 0.5884
0.6047, 0.5837
0.6093, 0.5837
0.6186, 0.5837
0.6233, 0.5791
0.6279, 0.5791
0.6325, 0.5791
0.6372, 0.5744
0.6465, 0.5744
0.6512, 0.5744
0.6512, 0.5698
0.6558, 0.5698
0.6558, 0.5651
0.6605, 0.5605
0.6605, 0.5512
0.6605, 0.5465
0.6605, 0.5372
0.6605, 0.5326
0.6558, 0.5279
0.6512, 0.5233
0.6325, 0.5093
0.6233, 0.5046
0.6093, 0.4953
0.5907, 0.4907
0.5767, 0.4860
0.5581, 0.4814
0.5442, 0.4721
0.5256, 0.4674
0.5116, 0.4628
0.5023, 0.4581
0.4837, 0.4535
0.4744, 0.4488
0.4605, 0.4442
0.4419, 0.4349
0.4326, 0.4302
0.4232, 0.4256
0.4093, 0.4209
0.3953, 0.4163
0.3860, 0.4116
0.3721, 0.4116
0.3628, 0.4070
0.3535, 0.3977
0.3442, 0.3977
0.3302, 0.3930
0.3163, 0.3884
0.3070, 0.3837
0.2930, 0.3837
0.2837, 0.3791
0.2698, 0.3744
0.2512, 0.3744
0.2419, 0.3698
0.2279, 0.3605
0.2139, 0.3605
0.2000, 0.3558
0.1907, 0.3558
0.1767, 0.3512
0.1674, 0.3512
0.1581, 0.3512
0.1535, 0.3465
0.1395, 0.3465
0.1349, 0.3465
0.1256, 0.3465
0.1209, 0.3419
0.1116, 0.3419
0.1023, 0.3419
0.0977, 0.3372
0.0930, 0.3372
0.0884, 0.3372
0.0837, 0.3372
0.0791, 0.3372
0.0791, 0.3326
0.0744, 0.3326
0.0744, 0.3279
0.0651, 0.3279
0.0651, 0.3186
0.0651, 0.3140
0.0651, 0.3093
0.0605, 0.3000
0.0605, 0.2953
0.0605, 0.2814
0.0605, 0.2767
0.0698, 0.2674
0.0698, 0.2581
0.0791, 0.2395
0.0791, 0.2302
0.0837, 0.2256
0.0884, 0.2209
0.0930, 0.2116
0.0977, 0.2023
0.1070, 0.1977
0.1070, 0.1930
0.1116, 0.1884
0.1163, 0.1837
0.1209, 0.1837
0.1209, 0.1791
0.1256, 0.1744
0.1302, 0.1744
0.1302, 0.1651
0.1349, 0.1651
0.1442, 0.1651
0.1535, 0.1651
0.1721, 0.1698
0.1907, 0.1744
0.2000, 0.1791

0.6419, 0.5558
0.6419, 0.5605
0.6465, 0.5651
0.6558, 0.5651
0.6605, 0.5698
0.6744, 0.5698
0.6791, 0.5744
0.6977, 0.5791
0.7163, 0.5884
0.7349, 0.5930
0.7535, 0.5977
0.7674, 0.6023
0.7767, 0.6023
0.7954, 0.6070
0.8140, 0.6116
0.8279, 0.6116
0.8419, 0.6163
0.8651, 0.6256
0.8791, 0.6256
0.8930, 0.6302
0.9070, 0.6302
0.9163, 0.6349
0.9256, 0.6349
0.9302, 0.6349
0.9395, 0.6349
0.9442, 0.6395
0.9488, 0.6395
0.9581, 0.6395
0.9628, 0.6395
0.9674, 0.6395
0.9814, 0.6395
0.9861, 0.6349
0.9953, 0.6163
1.0000, 0.6023
1.0000, 0.5791
1.0000, 0.5605
1.0000, 0.5419
0.9953, 0.5279
0.9814, 0.5186
0.9721, 0.5046
0.9628, 0.5000
0.9581, 0.4953
0.9488, 0.4953
0.9442, 0.4907
0.9349, 0.4907
0.9256, 0.4860
0.9209, 0.4860
0.9163, 0.4860
0.9116, 0.4860
0.9116, 0.4814
0.9070, 0.4814
0.8977, 0.4814
0.8930, 0.4814
0.8884, 0.4814
0.8837, 0.4814
0.8791, 0.4814
0.8744, 0.4814
0.8698, 0.4814
0.8651, 0.4814
0.8558, 0.4814
0.8512, 0.4814
0.8465, 0.4814
0.8419, 0.4814
0.8372, 0.4814
