0.0743, 0.8861
0.0693, 0.8812
0.0644, 0.8812
0.0644, 0.8762
0.0594, 0.8762
0.0545, 0.8713
0.0495, 0.8713
0.0396, 0.8663
0.0347, 0.8564
0.0297, 0.8564
0.0297, 0.8515
0.0248, 0.8515
0.0248, 0.8465
0.0198, 0.8465
0.0198, 0.8416
0.0148, 0.8366
0.0099, 0.8366
0.0099, 0.8317
0.0099, 0.8267
0.0000, 0.8218
0.0000, 0.8119
0.0000, 0.8069
0.0000, 0.8020
0.0000, 0.7970
0.0000, 0.7921
0.0000, 0.7871
0.0000, 0.7822
0.0000, 0.7723
0.0000, 0.7673
0.0050, 0.7624
0.0050, 0.7574
0.0099, 0.7525
0.0099, 0.7475
0.0148, 0.7426
0.0198, 0.7327
0.0248, 0.7277
0.0297, 0.7228
0.0446, 0.7129
0.0495, 0.7079
0.0545, 0.7030
0.0594, 0.6980
0.0644, 0.6980
0.0693, 0.6881
0.0743, 0.6832
0.0842, 0.6832
0.0891, 0.6782
0.0941, 0.6733
0.0990, 0.6733
0.1040, 0.6733
0.1089, 0.6683
0.1139, 0.6683
0.1287, 0.6634
0.1337, 0.6634
0.1436, 0.6634
0.1485, 0.6634
0.1584, 0.6634
0.1683, 0.6634
0.1733, 0.6634
0.1832, 0.6634
0.1881, 0.6634
0.1931, 0.6634
0.2079, 0.6634
0.2178, 0.6634
0.2277, 0.6634
0.2376, 0.6634
0.2525, 0.6634
0.2574, 0.6634
0.2673, 0.6634
0.2772, 0.6683
0.2871, 0.6683
0.2970, 0.6683
0.3020, 0.6683
0.3119, 0.6683
0.3218, 0.6683
0.3317, 0.6683
0.3416, 0.6683
0.3564, 0.6683
0.3713, 0.6683
0.3762, 0.6683
0.3911, 0.6683
0.3960, 0.6683
0.4010, 0.6683
0.4158, 0.6683
0.4208, 0.6733
0.4307, 0.6733
0.4357, 0.6733
0.4505, 0.6733
0.4555, 0.6733
0.4604, 0.6733
0.4653, 0.6733
0.4703, 0.6733
0.4802, 0.6733
0.4851, 0.6733
0.4951, 0.6733
0.5049, 0.6683
0.5099, 0.6683
0.5149, 0.6683
0.5198, 0.6683
0.5248, 0.6683
0.5248, 0.6634
0.5347, 0.6634
0.5396, 0.6634
0.5396, 0.6584
0.5446, 0.6584
0.5495, 0.6584
0.5495, 0.6485
0.5545, 0.6436
0.5545, 0.6386
0.5594, 0.6337
0.5594, 0.6287
0.5644, 0.6188
0.5644, 0.6040
0.5743, 0.6040
0.5743, 0.5941
0.5743, 0.5891
0.5792, 0.5841
0.5792, 0.5693
0.5792, 0.5643
0.5792, 0.5594
0.5792, 0.5545
0.5792, 0.5445
0.5792, 0.5396
0.5792, 0.5247
0.5792, 0.5198
0.5792, 0.5149
0.5792, 0.5099
0.5792, 0.5049
0.5792, 0.4950
0.5792, 0.4851
0.5792, 0.4802
0.5792, 0.4703
0.5792, 0.4653
0.5792, 0.4604
0.5792, 0.4554
0.5792, 0.4455
0.5792, 0.4406
0.5693, 0.4356
0.5644, 0.4307
0.5644, 0.4257
0.5594, 0.4208
0.5545, 0.4158
0.5446, 0.4059
0.5396, 0.4010
0.5248, 0.3911
0.5198, 0.3911
0.5099, 0.3812
0.5000, 0.3812
0.4851, 0.3762
0.4753, 0.3713
0.4555, 0.3614
0.4357, 0.3564
0.4208, 0.3564
0.4010, 0.3515
0.3861, 0.3515
0.3762, 0.3465
0.3564, 0.3465
0.3416, 0.3465
0.3218, 0.3416
0.3119, 0.3416
0.2970, 0.3416
0.2772, 0.3416
0.2673, 0.3366
0.2574, 0.3366
0.2376, 0.3317
0.2277, 0.3317
0.2178, 0.3317
0.2030, 0.3218
0.1931, 0.3218
0.1832, 0.3168
0.1733, 0.3168
0.1634, 0.3168
0.1535, 0.3168
0.1485, 0.3119
0.1386, 0.3119
0.1287, 0.3069
0.1188, 0.3069
0.1089, 0.3020
0.0990, 0.3020
0.0941, 0.2970
0.0891, 0.2970
0.0743, 0.2921
0.0693, 0.2921
0.0644, 0.2822
0.0594, 0.2822
0.0545, 0.2772
0.0495, 0.2723
0.0396, 0.2673
0.0347, 0.2624
0.0297, 0.2574
0.0248, 0.2525
0.0198, 0.2426
0.0198, 0.2376
0.0148, 0.2327
0.0148, 0.2277
0.0099, 0.2228
0.0099, 0.2178
0.0099, 0.2129
0.0099, 0.2079
0.0000, 0.1980
0.0000, 0.1931
0.0000, 0.1881
0.0000, 0.1832
0.0000, 0.1782
0.0000, 0.1733
0.0050, 0.1584
0.0050, 0.1535
0.0050, 0.1436
0.0099, 0.1386
0.0099, 0.1337
0.0148, 0.1337
0.0148, 0.1287
0.0198, 0.1287
0.0198, 0.1188
0.0248, 0.1188
0.0297, 0.1188
0.0347, 0.1188
0.0446, 0.1188
0.0495, 0.1188
0.0545, 0.1139
0.0594, 0.1139
0.0693, 0.1139
0.0842, 0.1139
0.0891, 0.1139

0.5891, 0.5841
0.5941, 0.5841
0.5990, 0.5841
0.6040, 0.5841
0.6089, 0.5841
0.6188, 0.5841
0.6238, 0.5841
0.6287, 0.5841
0.6337, 0.5891
0.6386, 0.5891
0.6485, 0.5941
0.6584, 0.5941
0.6683, 0.5990
0.6782, 0.6089
0.6881, 0.6139
0.6980, 0.6188
0.7079, 0.6188
0.7129, 0.6238
0.7228, 0.6287
0.7376, 0.6337
0.7475, 0.6386
0.7525, 0.6485
0.7624, 0.6485
0.7673, 0.6535
0.7822, 0.6584
0.7871, 0.6634
0.7921, 0.6634
0.7970, 0.6683
0.8020, 0.6683
0.8119, 0.6683
0.8218, 0.6733
0.8267, 0.6733
0.8317, 0.6733
0.8366, 0.6782
0.8416, 0.6782
0.8465, 0.6782
0.8515, 0.6782
0.8614, 0.6782
0.8663, 0.6782
0.8713, 0.6782
0.8762, 0.6782
0.8861, 0.6782
0.8911, 0.6782
0.9010, 0.6782
0.9109, 0.6782
0.9208, 0.6733
0.9258, 0.6683
0.9307, 0.6683
0.9356, 0.6634
0.9456, 0.6634
0.9554, 0.6584
0.9604, 0.6535
0.9703, 0.6535
0.9703, 0.6436
0.9752, 0.6436
0.9852, 0.6436
0.9901, 0.6386
0.9950, 0.6337
1.0000, 0.6337
1.0000, 0.6287
1.0000, 0.6238
1.0000, 0.6188
1.0000, 0.6139
1.0000, 0.6040
1.0000, 0.5990
1.0000, 0.5891
0.9950, 0.5841
0.9901, 0.5792
0.9802, 0.5743
0.9752, 0.5643
0.9703, 0.5643
0.9654, 0.5594
0.9604, 0.5545
0.9554, 0.5545
0.9406, 0.5495
0.9356, 0.5445
0.9258, 0.5445
0.9208, 0.5396
0.9158, 0.5347
0.9109, 0.5347
0.8960, 0.5297
0.8911, 0.5198
0.8861, 0.5198
0.8861, 0.5149
0.8812, 0.5099
0.8762, 0.5099
0.8713, 0.5049
0.8663, 0.5049
0.8663, 0.5000
0.8564, 0.5000
0.8515, 0.4950
0.8515, 0.4901
0.8465, 0.4901
