0.1078, 0.8407
0.1029, 0.8407
0.0980, 0.8358
0.0931, 0.8358
0.0833, 0.8309
0.0784, 0.8309
0.0735, 0.8260
0.0686, 0.8260
0.0637, 0.8211
0.0588, 0.8113
0.0539, 0.8113
0.0441, 0.8064
0.0392, 0.8015
0.0343, 0.8015
0.0343, 0.7966
0.0294, 0.7966
0.0294, 0.7917
0.0245, 0.7917
0.0245, 0.7868
0.0196, 0.7819
0.0196, 0.7721
0.0147, 0.7721
0.0147, 0.7672
0.0147, 0.7622
0.0098, 0.7622
0.0098, 0.7574
0.0098, 0.7525
0.0000, 0.7475
0.0000, 0.7426
0.0000, 0.7378
0.0000, 0.7279
0.0000, 0.7230
0.0098, 0.7181
0.0196, 0.7132
0.0392, 0.7083
0.0539, 0.7083
0.0637, 0.7034
0.0735, 0.7034
0.0784, 0.7034
0.0931, 0.6985
0.1029, 0.6985
0.1078, 0.6985
0.1176, 0.6887
0.1274, 0.6887
0.1372, 0.6887
0.1421, 0.6887
0.1520, 0.6887
0.1569, 0.6887
0.1667, 0.6887
0.1765, 0.6887
0.1863, 0.6887
0.1912, 0.6887
0.2010, 0.6887
0.2108, 0.6887
0.2206, 0.6887
0.2255, 0.6887
0.2402, 0.6887
0.2549, 0.6887
0.2647, 0.6887
0.2794, 0.6936
0.2990, 0.6936
0.3137, 0.6936
0.3333, 0.6985
0.3480, 0.6985
0.3627, 0.7034
0.3823, 0.7034
0.3971, 0.7034
0.4167, 0.7034
0.4363, 0.7034
0.4559, 0.7034
0.4755, 0.7034
0.4853, 0.7034
0.5000, 0.7034
0.5049, 0.7034
0.5147, 0.7034
0.5196, 0.7034
0.5343, 0.6985
0.5392, 0.6985
0.5441, 0.6887
0.5490, 0.6887
0.5539, 0.6887
0.5588, 0.6838
0.5637, 0.6789
0.5735, 0.6740
0.5784, 0.6691
0.5833, 0.6691
0.5882, 0.6642
0.5882, 0.6593
0.5931, 0.6495
0.5980, 0.6446
0.6029, 0.6348
0.6127, 0.6299
0.6127, 0.6250
0.6225, 0.6103
0.6225, 0.6054
0.6225, 0.6005
0.6274, 0.5956
0.6274, 0.5907
0.6274, 0.5858
0.6324, 0.5760
0.6324, 0.5613
0.6373, 0.5564
0.6373, 0.5466
0.6373, 0.5417
0.6373, 0.5270
0.6373, 0.5221
0.6373, 0.5172
0.6373, 0.5074
0.6373, 0.4975
0.6373, 0.4877
0.6373, 0.4779
0.6274, 0.4681
0.6225, 0.4583
0.6078, 0.4436
0.6029, 0.4338
0.5931, 0.4289
0.5882, 0.4191
0.5784, 0.4142
0.5686, 0.4044
0.5539, 0.3946
0.5441, 0.3897
0.5294, 0.3799
0.5147, 0.3750
0.5000, 0.3652
0.4853, 0.3603
0.4706, 0.3603
0.4608, 0.3554
0.4461, 0.3554
0.4314, 0.3505
0.4216, 0.3505
0.4020, 0.3505
0.3922, 0.3505
0.3775, 0.3505
0.3578, 0.3456
0.3382, 0.3456
0.3186, 0.3456
0.3088, 0.3456
0.2990, 0.3456
0.2794, 0.3456
0.2696, 0.3456
0.2647, 0.3456
0.2598, 0.3456
0.2451, 0.3456
0.2353, 0.3456
0.2255, 0.3456
0.2206, 0.3407
0.2010, 0.3407
0.1961, 0.3358
0.1863, 0.3358
0.1765, 0.3358
0.1618, 0.3358
0.1569, 0.3358
0.1520, 0.3260
0.1471, 0.3260
0.1421, 0.3260
0.1372, 0.3211
0.1324, 0.3211
0.1225, 0.3211
0.1225, 0.3162
0.1176, 0.3162
0.1176, 0.3113
0.1127, 0.3064
0.1127, 0.3015
0.1127, 0.2966
0.1078, 0.2868
0.1078, 0.2819
0.1078, 0.2769
0.1078, 0.2721
0.1078, 0.2672
0.1078, 0.2622
0.1078, 0.2573
0.1078, 0.2525
0.1078, 0.2426
0.1029, 0.2377
0.1029, 0.2328
0.1029, 0.2279
0.1029, 0.2230
0.1029, 0.2181
0.1029, 0.2132
0.1078, 0.2132
0.1127, 0.2034
0.1176, 0.2034
0.1176, 0.1985
0.1274, 0.1985
0.1324, 0.1936
0.1372, 0.1887
0.1421, 0.1838
0.1471, 0.1789
0.1520, 0.1740
0.1569, 0.1642
0.1569, 0.1593
0.1667, 0.1593

0.6716, 0.6005
0.6716, 0.6054
0.6765, 0.6054
0.6814, 0.6201
0.6863, 0.6201
0.6961, 0.6250
0.7010, 0.6250
0.7059, 0.6250
0.7157, 0.6250
0.7255, 0.6250
0.7402, 0.6250
0.7500, 0.6250
0.7647, 0.6250
0.7794, 0.6299
0.7892, 0.6299
0.7990, 0.6299
0.8039, 0.6299
0.8088, 0.6299
0.8235, 0.6299
0.8284, 0.6299
0.8333, 0.6299
0.8382, 0.6299
0.8431, 0.6299
0.8480, 0.6299
0.8579, 0.6299
0.8628, 0.6299
0.8676, 0.6299
0.8726, 0.6299
0.8775, 0.6299
0.8824, 0.6299
0.8873, 0.6299
0.8971, 0.6250
0.9020, 0.6201
0.9069, 0.6103
0.9118, 0.6054
0.9167, 0.6005
0.9216, 0.6005
0.9216, 0.5956
0.9265, 0.5956
0.9363, 0.5907
0.9363, 0.5858
0.9412, 0.5858
0.9412, 0.5809
0.9461, 0.5760
0.9510, 0.5760
0.9559, 0.5662
0.9608, 0.5564
0.9657, 0.5515
0.9706, 0.5466
0.9706, 0.5417
0.9706, 0.5368
0.9853, 0.5270
0.9853, 0.5221
0.9853, 0.5172
0.9853, 0.5123
0.9902, 0.5074
0.9951, 0.5024
0.9951, 0.4975
0.9951, 0.4877
0.9951, 0.4828
1.0000, 0.4779
1.0000, 0.4730
1.0000, 0.4681
1.0000, 0.4583
1.0000, 0.4485
1.0000, 0.4436
1.0000, 0.4338
1.0000, 0.4289
1.0000, 0.4240
0.9951, 0.4142
0.9902, 0.4044
0.9853, 0.3995
0.9853, 0.3897
0.9706, 0.3848
0.9608, 0.3799
0.9608, 0.3750
0.9559, 0.3750
0.9510, 0.3750
0.9510, 0.3652
0.9461, 0.3652
0.9412, 0.3603
0.9265, 0.3603
0.9167, 0.3603
0.9069, 0.3603
0.9020, 0.3554
0.8873, 0.3554
0.8824, 0.3554
0.8775, 0.3554
0.8726, 0.3554
0.8676, 0.3554
0.8628, 0.3554
0.8529, 0.3554
0.8480, 0.3554
0.8431, 0.3554
0.8431, 0.3505
0.8382, 0.3505
0.8333, 0.3505
0.8284, 0.3505
0.8137, 0.3554
0.8088, 0.3603
0.8039, 0.3603
0.7990, 0.3701
0.7941, 0.3701
0.7892, 0.3701
0.7892, 0.3750
0.7843, 0.3750
0.7843, 0.3799
0.7794, 0.3799
0.7696, 0.3799
0.7647, 0.3799
0.7598, 0.3799
0.7598, 0.3848
