0.2663, 0.8543
0.2613, 0.8543
0.2563, 0.8493
0.2462, 0.8493
0.2312, 0.8493
0.2211, 0.8493
0.2060, 0.8493
0.1909, 0.8493
0.1759, 0.8442
0.1658, 0.8442
0.1507, 0.8442
0.1457, 0.8442
0.1407, 0.8442
0.1357, 0.8442
0.1306, 0.8442
0.1256, 0.8442
0.1156, 0.8442
0.1106, 0.8442
0.1055, 0.8342
0.1005, 0.8342
0.0955, 0.8342
0.0905, 0.8342
0.0854, 0.8342
0.0804, 0.8291
0.0704, 0.8291
0.0653, 0.8291
0.0603, 0.8291
0.0553, 0.8291
0.0503, 0.8291
0.0452, 0.8241
0.0402, 0.8241
0.0302, 0.8241
0.0302, 0.8191
0.0251, 0.8191
0.0201, 0.8191
0.0201, 0.8141
0.0151, 0.8141
0.0151, 0.8090
0.0100, 0.8090
0.0100, 0.8040
0.0050, 0.7990
0.0000, 0.7889
0.0000, 0.7789
0.0000, 0.7688
0.0000, 0.7638
0.0000, 0.7588
0.0000, 0.7487
0.0000, 0.7437
0.0000, 0.7387
0.0000, 0.7337
0.0000, 0.7286
0.0000, 0.7186
0.0000, 0.7085
0.0000, 0.7035
0.0000, 0.6985
0.0000, 0.6935
0.0050, 0.6884
0.0050, 0.6834
0.0100, 0.6834
0.0100, 0.6784
0.0151, 0.6683
0.0151, 0.6633
0.0201, 0.6633
0.0251, 0.6583
0.0251, 0.6533
0.0352, 0.6533
0.0352, 0.6482
0.0402, 0.6432
0.0452, 0.6432
0.0503, 0.6382
0.0503, 0.6332
0.0553, 0.6332
0.0603, 0.6231
0.0653, 0.6231
0.0653, 0.6181
0.0754, 0.6181
0.0804, 0.6181
0.0854, 0.6131
0.0955, 0.6131
0.1005, 0.6131
0.1106, 0.6080
0.1256, 0.6080
0.1357, 0.6080
0.1407, 0.6080
0.1507, 0.6080
0.1608, 0.6080
0.1708, 0.6080
0.1759, 0.6080
0.1859, 0.6080
0.2010, 0.6080
0.2060, 0.6080
0.2161, 0.6080
0.2261, 0.6080
0.2412, 0.6080
0.2513, 0.6080
0.2563, 0.6080
0.2663, 0.6080
0.2764, 0.6080
0.2864, 0.6080
0.2965, 0.6080
0.3065, 0.6080
0.3116, 0.6080
0.3266, 0.6080
0.3367, 0.6080
0.3417, 0.6080
0.3517, 0.6080
0.3668, 0.6080
0.3819, 0.6080
0.3869, 0.6080
0.4070, 0.6080
0.4121, 0.6131
0.4221, 0.6131
0.4322, 0.6131
0.4422, 0.6131
0.4573, 0.6131
0.4623, 0.6131
0.4673, 0.6131
0.4774, 0.6131
0.4824, 0.6131
0.4925, 0.6131
0.5025, 0.6131
0.5075, 0.6131
0.5176, 0.6131
0.5226, 0.6131
0.5377, 0.6131
0.5477, 0.6131
0.5578, 0.6131
0.5729, 0.6131
0.5829, 0.6131
0.5930, 0.6080
0.6030, 0.6080
0.6181, 0.6030
0.6281, 0.5980
0.6382, 0.5980
0.6432, 0.5980
0.6482, 0.5930
0.6583, 0.5930
0.6633, 0.5829
0.6683, 0.5829
0.6734, 0.5779
0.6784, 0.5779
0.6834, 0.5779
0.6834, 0.5729
0.6884, 0.5729
0.6884, 0.5678
0.6985, 0.5628
0.7035, 0.5578
0.7035, 0.5528
0.7085, 0.5528
0.7136, 0.5427
0.7136, 0.5377
0.7186, 0.5327
0.7186, 0.5276
0.7186, 0.5226
0.7236, 0.5176
0.7236, 0.5126
0.7236, 0.5025
0.7236, 0.4975
0.7236, 0.4925
0.7236, 0.4824
0.7236, 0.4774
0.7236, 0.4724
0.7236, 0.4673
0.7236, 0.4523
0.7236, 0.4472
0.7186, 0.4422
0.7136, 0.4322
0.7085, 0.4271
0.6935, 0.4171
0.6935, 0.4121
0.6834, 0.4070
0.6734, 0.4020
0.6633, 0.3970
0.6533, 0.3970
0.6432, 0.3920
0.6332, 0.3869
0.6281, 0.3869
0.6080, 0.3869
0.6030, 0.3769
0.5930, 0.3769
0.5779, 0.3769
0.5628, 0.3719
0.5477, 0.3719
0.5276, 0.3668
0.5126, 0.3668
0.4975, 0.3668
0.4774, 0.3668
0.4573, 0.3668
0.4322, 0.3618
0.4171, 0.3618
0.3920, 0.3618
0.3769, 0.3618
0.3517, 0.3618
0.3417, 0.3618
0.3216, 0.3618
0.3015, 0.3568
0.2814, 0.3568
0.2613, 0.3568
0.2462, 0.3568
0.2312, 0.3568
0.2211, 0.3568
0.2161, 0.3568
0.2111, 0.3568
0.2060, 0.3568
0.1960, 0.3568
0.1960, 0.3518
0.1909, 0.3518
0.1859, 0.3518
0.1809, 0.3518
0.1759, 0.3518
0.1708, 0.3467
0.1658, 0.3367
0.1558, 0.3367
0.1558, 0.3317
0.1507, 0.3266
0.1457, 0.3216
0.1457, 0.3166
0.1407, 0.3116
0.1407, 0.3065
0.1357, 0.3015
0.1357, 0.2915
0.1357, 0.2864
0.1357, 0.2814
0.1357, 0.2764
0.1357, 0.2714
0.1357, 0.2663
0.1357, 0.2613
0.1357, 0.2513
0.1357, 0.2462
0.1357, 0.2412
0.1357, 0.2362
0.1357, 0.2312
0.1357, 0.2261
0.1357, 0.2211
0.1357, 0.2111
0.1357, 0.2060
0.1407, 0.2060
0.1407, 0.2010
0.1407, 0.1960
0.1457, 0.1960
0.1457, 0.1910
0.1507, 0.1910
0.1507, 0.1859
0.1608, 0.1859
0.1608, 0.1809
0.1658, 0.1809
0.1658, 0.1709
0.1708, 0.1709
0.1759, 0.1658
0.1809, 0.1658
0.1859, 0.1608
0.1909, 0.1558
0.2060, 0.1558
0.2161, 0.1558
0.2261, 0.1507
0.2412, 0.1507
0.2513, 0.1507
0.2613, 0.1507
0.2663, 0.1507
0.2764, 0.1507
0.2864, 0.1507
0.2915, 0.1507
0.2965, 0.1507
0.3015, 0.1507
0.3065, 0.1457
0.3116, 0.1457
0.3166, 0.1457
0.3266, 0.1457
0.3317, 0.1457
0.3367, 0.1457
0.3417, 0.1457
0.3467, 0.1457
0.3517, 0.1457
0.3568, 0.1457
0.3668, 0.1457
0.3718, 0.1457
0.3769, 0.1507
0.3819, 0.1558

0.6834, 0.5226
0.6834, 0.5276
0.6834, 0.5327
0.6884, 0.5327
0.6985, 0.5377
0.7035, 0.5477
0.7085, 0.5477
0.7136, 0.5477
0.7186, 0.5528
0.7236, 0.5528
0.7387, 0.5528
0.7487, 0.5578
0.7588, 0.5578
0.7638, 0.5578
0.7739, 0.5578
0.7889, 0.5578
0.7990, 0.5578
0.8141, 0.5628
0.8291, 0.5628
0.8342, 0.5628
0.8442, 0.5628
0.8492, 0.5628
0.8543, 0.5678
0.8643, 0.5678
0.8693, 0.5678
0.8744, 0.5678
0.8794, 0.5678
0.8844, 0.5729
0.8894, 0.5729
0.8945, 0.5729
0.9045, 0.5729
0.9095, 0.5729
0.9146, 0.5729
0.9196, 0.5729
0.9246, 0.5729
0.9296, 0.5779
0.9347, 0.5779
0.9397, 0.5779
0.9497, 0.5779
0.9548, 0.5779
0.9598, 0.5779
0.9648, 0.5779
0.9698, 0.5779
0.9749, 0.5779
0.9799, 0.5779
0.9799, 0.5729
0.9899, 0.5678
0.9950, 0.5578
0.9950, 0.5427
0.9950, 0.5377
0.9950, 0.5276
1.0000, 0.5226
1.0000, 0.5126
1.0000, 0.4975
1.0000, 0.4925
1.0000, 0.4824
0.9950, 0.4774
0.9849, 0.4724
0.9849, 0.4673
0.9799, 0.4573
0.9799, 0.4523
0.9749, 0.4472
0.9698, 0.4422
0.9648, 0.4422
0.9648, 0.4372
0.9598, 0.4372
0.9548, 0.4322
0.9447, 0.4322
0.9397, 0.4322
0.9397, 0.4271
0.9347, 0.4271
0.9296, 0.4271
0.9246, 0.4271
0.9196, 0.4271
0.9196, 0.4171
0.9146, 0.4171
0.9095, 0.4171
0.8995, 0.4171
