0.2660, 0.9175
0.2606, 0.9175
0.2553, 0.9175
0.2500, 0.9175
0.2394, 0.9175
0.2181, 0.9175
0.1968, 0.9175
0.1755, 0.9175
0.1649, 0.9175
0.1596, 0.9175
0.1489, 0.9175
0.1436, 0.9175
0.1330, 0.9175
0.1223, 0.9069
0.1170, 0.9069
0.1117, 0.9069
0.1011, 0.9069
0.0904, 0.9016
0.0798, 0.9016
0.0745, 0.8963
0.0691, 0.8963
0.0638, 0.8963
0.0585, 0.8909
0.0426, 0.8909
0.0426, 0.8856
0.0372, 0.8856
0.0319, 0.8856
0.0319, 0.8803
0.0266, 0.8750
0.0213, 0.8750
0.0213, 0.8644
0.0213, 0.8590
0.0160, 0.8537
0.0160, 0.8484
0.0160, 0.8431
0.0160, 0.8378
0.0160, 0.8271
0.0160, 0.8112
0.0160, 0.8059
0.0213, 0.7952
0.0266, 0.7899
0.0372, 0.7739
0.0691, 0.7633
0.1011, 0.7580
0.1436, 0.7527
0.1649, 0.7527
0.1915, 0.7527
0.2128, 0.7527
0.2341, 0.7527
0.2606, 0.7473
0.2819, 0.7473
0.2979, 0.7473
0.3245, 0.7473
0.3457, 0.7420
0.3670, 0.7420
0.3830, 0.7420
0.4096, 0.7314
0.4308, 0.7261
0.4681, 0.7207
0.5053, 0.7154
0.5372, 0.7101
0.5585, 0.7101
0.5692, 0.7048
0.5851, 0.7048
0.5957, 0.7048
0.6011, 0.7048
0.6117, 0.7048
0.6277, 0.7048
0.6330, 0.7048
0.6436, 0.7048
0.6543, 0.6995
0.6702, 0.6995
0.6755, 0.6995
0.6808, 0.6995
0.6862, 0.6995
0.6915, 0.6995
0.6968, 0.6888
0.6968, 0.6835
0.7021, 0.6675
0.7021, 0.6569
0.7021, 0.6410
0.6915, 0.6250
0.6755, 0.6090
0.6489, 0.5878
0.6117, 0.5558
0.5904, 0.5346
0.5585, 0.5080
0.5426, 0.4973
0.5213, 0.4814
0.5053, 0.4601
0.4840, 0.4442
0.4681, 0.4335
0.4415, 0.4122
0.4255, 0.4016
0.4096, 0.3963
0.3936, 0.3803
0.3777, 0.3803
0.3617, 0.3750
0.3404, 0.3697
0.3192, 0.3644
0.2926, 0.3644
0.2606, 0.3590
0.2394, 0.3590
0.2128, 0.3537
0.1755, 0.3537
0.1543, 0.3537
0.1223, 0.3484
0.1011, 0.3484
0.0745, 0.3484
0.0638, 0.3484
0.0479, 0.3484
0.0372, 0.3431
0.0266, 0.3431
0.0213, 0.3431
0.0160, 0.3431
0.0000, 0.3431
0.0000, 0.3324
0.0000, 0.3271
0.0000, 0.3218
0.0000, 0.3165
0.0000, 0.3112
0.0000, 0.3059
0.0000, 0.3005
0.0053, 0.2846
0.0053, 0.2793
0.0106, 0.2686
0.0160, 0.2580
0.0160, 0.2420
0.0266, 0.2367
0.0266, 0.2261
0.0372, 0.2207
0.0426, 0.2048
0.0532, 0.1995
0.0585, 0.1888
0.0638, 0.1782
0.0745, 0.1729
0.0798, 0.1569
0.0851, 0.1463
0.1011, 0.1463
0.1064, 0.1356
0.1170, 0.1303
0.1223, 0.1250
0.1383, 0.1144
0.1436, 0.1091
0.1489, 0.1037
0.1596, 0.1037
0.1649, 0.0984
0.1702, 0.0931
0.1809, 0.0931
0.1862, 0.0931
0.1968, 0.0931
0.2021, 0.0878
0.2128, 0.0878
0.2287, 0.0825
0.2394, 0.0825
0.2447, 0.0825
0.2553, 0.0825
0.2713, 0.0825
0.2872, 0.0825
0.3032, 0.0825
0.3298, 0.0825
0.3457, 0.0931
0.3564, 0.0931

0.6702, 0.6356
0.6755, 0.6410
0.6808, 0.6463
0.6862, 0.6516
0.6968, 0.6569
0.7128, 0.6622
0.7287, 0.6675
0.7393, 0.6782
0.7606, 0.6835
0.7766, 0.6888
0.7925, 0.6941
0.8138, 0.6995
0.8351, 0.7048
0.8564, 0.7048
0.8723, 0.7101
0.8989, 0.7101
0.9096, 0.7207
0.9308, 0.7207
0.9415, 0.7207
0.9521, 0.7207
0.9574, 0.7207
0.9681, 0.7207
0.9734, 0.7261
0.9787, 0.7261
0.9840, 0.7261
0.9894, 0.7261
0.9947, 0.7101
0.9947, 0.6995
0.9947, 0.6835
1.0000, 0.6675
1.0000, 0.6569
1.0000, 0.6463
1.0000, 0.6303
0.9894, 0.6144
0.9840, 0.5984
0.9787, 0.5824
0.9628, 0.5718
0.9628, 0.5665
0.9574, 0.5558
0.9521, 0.5505
0.9468, 0.5399
0.9415, 0.5346
0.9362, 0.5292
0.9308, 0.5239
0.9202, 0.5239
0.9096, 0.5186
0.9043, 0.5186
0.8989, 0.5133
0.8936, 0.5133
0.8883, 0.5080
0.8777, 0.5080
0.8723, 0.5080
0.8670, 0.5080
0.8617, 0.5080
0.8564, 0.5080
0.8511, 0.5080
0.8457, 0.5080
0.8404, 0.5080
0.8298, 0.5080
0.8298, 0.4973
