0.0426, 0.9457
0.0659, 0.9612
0.1434, 0.9768
0.2907, 1.0000
0.3527, 1.0000
0.4070, 1.0000
0.4613, 1.0000
0.5155, 0.9923
0.5543, 0.9768
0.6008, 0.9535
0.6396, 0.9380
0.6628, 0.9225
0.6860, 0.9070
0.7170, 0.8837
0.7326, 0.8682
0.7481, 0.8527
0.7558, 0.8295
0.7791, 0.8140
0.7791, 0.7985
0.7868, 0.7830
0.7946, 0.7597
0.8023, 0.7442
0.8023, 0.7209
0.8023, 0.6977
0.8023, 0.6744
0.8023, 0.6589
0.8023, 0.6357
0.8023, 0.6202
0.7868, 0.6047
0.7791, 0.5969
0.7558, 0.5891
0.7326, 0.5659
0.7170, 0.5659
0.6783, 0.5504
0.6628, 0.5504
0.6318, 0.5504
0.6085, 0.5426
0.5930, 0.5349
0.5698, 0.5349
0.5543, 0.5349
0.5387, 0.5349
0.5233, 0.5349
0.5000, 0.5349
0.4845, 0.5349
0.4690, 0.5349
0.4380, 0.5349
0.4147, 0.5349
0.3760, 0.5349
0.3605, 0.5349
0.3450, 0.5349
0.3140, 0.5349
0.2984, 0.5349
0.2830, 0.5349
0.2752, 0.5426
0.2674, 0.5426
0.2830, 0.5426
0.3062, 0.5426
0.3605, 0.5426
0.4147, 0.5426
0.4613, 0.5426
0.5233, 0.5349
0.5853, 0.5349
0.6240, 0.5271
0.6783, 0.5116
0.7170, 0.5116
0.7481, 0.5039
0.7713, 0.4961
0.8023, 0.4961
0.8333, 0.4884
0.8566, 0.4806
0.8721, 0.4729
0.8953, 0.4651
0.9031, 0.4574
0.9186, 0.4341
0.9341, 0.4186
0.9419, 0.4031
0.9574, 0.3798
0.9574, 0.3644
0.9574, 0.3411
0.9574, 0.3023
0.9341, 0.2403
0.9031, 0.2015
0.8643, 0.1705
0.8178, 0.1395
0.7791, 0.1163
0.7481, 0.1008
0.7248, 0.0930
0.6938, 0.0853
0.6783, 0.0775
0.6706, 0.0620
0.6628, 0.0620
0.6550, 0.0543
0.6473, 0.0543
0.6318, 0.0465
0.6240, 0.0465
0.6085, 0.0465
0.5930, 0.0388
0.5698, 0.0388
0.5620, 0.0388
0.5465, 0.0310
0.5387, 0.0310
0.5233, 0.0232
0.5155, 0.0232
0.4923, 0.0232
0.4845, 0.0155
0.4767, 0.0155
0.4690, 0.0155
0.4613, 0.0155
0.4535, 0.0000
0.4380, 0.0000
0.4302, 0.0000
