0.1389, 0.8651
0.1389, 0.8730
0.1627, 0.8809
0.1786, 0.8968
0.1945, 0.8968
0.2024, 0.9047
0.2421, 0.9127
0.2659, 0.9206
0.2976, 0.9286
0.3214, 0.9365
0.3373, 0.9444
0.3770, 0.9603
0.4167, 0.9683
0.4484, 0.9762
0.4960, 0.9921
0.5199, 0.9921
0.5516, 1.0000
0.5675, 1.0000
0.5754, 1.0000
0.5913, 1.0000
0.6151, 1.0000
0.6310, 0.9921
0.6468, 0.9841
0.6627, 0.9762
0.6865, 0.9524
0.7024, 0.9444
0.7183, 0.9286
0.7421, 0.9127
0.7500, 0.9047
0.7659, 0.8809
0.7738, 0.8651
0.7817, 0.8571
0.7897, 0.8413
0.7897, 0.8254
0.8135, 0.8095
0.8135, 0.7937
0.8214, 0.7857
0.8294, 0.7778
0.8294, 0.7540
0.8373, 0.7460
0.8373, 0.7301
0.8453, 0.7143
0.8453, 0.7063
0.8453, 0.6905
0.8453, 0.6746
0.8453, 0.6587
0.8453, 0.6508
0.8373, 0.6270
0.8373, 0.6190
0.8214, 0.6111
0.8214, 0.6032
0.7976, 0.5952
0.7976, 0.5873
0.7817, 0.5794
0.7659, 0.5635
0.7500, 0.5635
0.7262, 0.5555
0.7103, 0.5555
0.6945, 0.5476
0.6707, 0.5476
0.6548, 0.5397
0.6310, 0.5397
0.6071, 0.5397
0.5833, 0.5317
0.5595, 0.5317
0.5357, 0.5317
0.5119, 0.5317
0.4960, 0.5317
0.4643, 0.5317
0.4484, 0.5317
0.4405, 0.5317
0.4246, 0.5317
0.4087, 0.5317
0.4008, 0.5317
0.3929, 0.5317
0.3849, 0.5317
0.3849, 0.5238
0.4167, 0.5238
0.4405, 0.5238
0.4802, 0.5238
0.5040, 0.5238
0.5278, 0.5238
0.5516, 0.5238
0.5754, 0.5159
0.5992, 0.5159
0.6310, 0.5079
0.6548, 0.4921
0.6786, 0.4841
0.7024, 0.4683
0.7183, 0.4603
0.7262, 0.4524
0.7500, 0.4444
0.7579, 0.4286
0.7659, 0.4206
0.7738, 0.4127
0.7897, 0.4047
0.7976, 0.3889
0.8135, 0.3809
0.8214, 0.3651
0.8294, 0.3492
0.8373, 0.3413
0.8453, 0.3333
0.8453, 0.3175
0.8532, 0.3016
0.8532, 0.2937
0.8611, 0.2857
0.8611, 0.2778
0.8611, 0.2698
0.8611, 0.2619
0.8611, 0.2540
0.8611, 0.2460
0.8611, 0.2301
0.8611, 0.2222
0.8532, 0.2143
0.8453, 0.2063
0.8373, 0.1984
0.8294, 0.1905
0.8214, 0.1667
0.7976, 0.1587
0.7897, 0.1508
0.7738, 0.1349
0.7579, 0.1270
0.7500, 0.1190
0.7262, 0.1032
0.7103, 0.0952
0.6865, 0.0794
0.6548, 0.0714
0.6389, 0.0635
0.6230, 0.0555
0.5992, 0.0397
0.5833, 0.0317
0.5754, 0.0317
0.5675, 0.0238
0.5516, 0.0238
0.5357, 0.0238
0.5278, 0.0159
0.5199, 0.0159
0.5119, 0.0159
0.5119, 0.0079
0.5040, 0.0079
0.4960, 0.0079
0.4881, 0.0079
0.4881, 0.0000
0.4722, 0.0000
