0.1614, 0.0079
0.1772, 0.0079
0.1850, 0.0079
0.2087, 0.0079
0.2244, 0.0079
0.2402, 0.0079
0.2717, 0.0079
0.3031, 0.0000
0.3425, 0.0000
0.3740, 0.0000
0.4134, 0.0000
0.4449, 0.0000
0.4764, 0.0000
0.5000, 0.0000
0.5157, 0.0079
0.5394, 0.0079
0.5551, 0.0079
0.5788, 0.0236
0.6024, 0.0236
0.6181, 0.0236
0.6260, 0.0236
0.6417, 0.0315
0.6732, 0.0393
0.6890, 0.0472
0.7126, 0.0551
0.7362, 0.0709
0.7520, 0.0945
0.7677, 0.1102
0.7756, 0.1260
0.7992, 0.1575
0.8071, 0.1732
0.8150, 0.1890
0.8229, 0.2205
0.8307, 0.2441
0.8386, 0.2835
0.8386, 0.3071
0.8386, 0.3228
0.8386, 0.3465
0.8386, 0.3543
0.8386, 0.3622
0.8386, 0.3701
0.8386, 0.3780
0.8307, 0.3858
0.8229, 0.3937
0.8071, 0.3937
0.7992, 0.4094
0.7756, 0.4173
0.7520, 0.4252
0.7362, 0.4331
0.7047, 0.4409
0.6811, 0.4488
0.6496, 0.4567
0.6260, 0.4646
0.6024, 0.4803
0.5788, 0.4882
0.5551, 0.4961
0.5236, 0.5039
0.5079, 0.5118
0.5000, 0.5197
0.4843, 0.5197
0.4764, 0.5197
0.4606, 0.5276
0.4528, 0.5276
0.4449, 0.5276
0.4370, 0.5276
0.4528, 0.5512
0.4921, 0.5591
0.5157, 0.5669
0.5472, 0.5748
0.5630, 0.5748
0.5945, 0.5748
0.6103, 0.5827
0.6260, 0.5906
0.6417, 0.5906
0.6654, 0.6063
0.6732, 0.6063
0.6890, 0.6142
0.6969, 0.6220
0.7126, 0.6299
0.7283, 0.6378
0.7441, 0.6457
0.7598, 0.6535
0.7677, 0.6772
0.7756, 0.6929
0.7914, 0.7087
0.7992, 0.7402
0.7992, 0.7638
0.7992, 0.7874
0.7992, 0.8189
0.7835, 0.8504
0.7677, 0.8819
0.7520, 0.9055
0.7362, 0.9291
0.7047, 0.9528
0.6811, 0.9685
0.6575, 0.9764
0.6417, 0.9843
0.6260, 1.0000
0.6024, 1.0000
0.5709, 1.0000
0.5551, 1.0000
0.5394, 1.0000
0.5236, 1.0000
0.5157, 1.0000
0.5079, 1.0000
0.5000, 1.0000
0.4921, 1.0000
0.4843, 1.0000
0.4764, 1.0000
0.4606, 1.0000
0.4528, 1.0000
0.4449, 0.9921
0.4370, 0.9921
0.4291, 0.9921
0.4213, 0.9921
0.4134, 0.9921
0.3977, 0.9843
0.3898, 0.9843
0.3819, 0.9843
0.3740, 0.9843
0.3662, 0.9843
0.3583, 0.9843
0.3504, 0.9843
0.3425, 0.9843
0.3268, 0.9843
0.3268, 0.9764
0.3189, 0.9764
0.3110, 0.9764
0.3031, 0.9764
