0.0000, 0.8990
0.0288, 0.8990
0.0673, 0.9087
0.1154, 0.9279
0.1731, 0.9375
0.2307, 0.9471
0.2981, 0.9567
0.3557, 0.9664
0.4134, 0.9664
0.4615, 0.9664
0.5288, 0.9664
0.5673, 0.9664
0.6346, 0.9471
0.7019, 0.9087
0.7596, 0.8798
0.7981, 0.8509
0.8461, 0.8125
0.8750, 0.7933
0.9038, 0.7548
0.9231, 0.7356
0.9423, 0.7163
0.9519, 0.6971
0.9615, 0.6587
0.9904, 0.6298
0.9904, 0.5913
1.0000, 0.5625
1.0000, 0.5144
1.0000, 0.4856
0.9711, 0.4663
0.9327, 0.4279
0.8654, 0.4086
0.7981, 0.3990
0.7019, 0.3798
0.6346, 0.3606
0.5673, 0.3606
0.5192, 0.3606
0.4615, 0.3606
0.4134, 0.3606
0.3750, 0.3606
0.3365, 0.3606
0.3173, 0.3606
0.3077, 0.3606
0.2981, 0.3606
0.3173, 0.3606
0.3462, 0.3606
0.3750, 0.3606
0.4038, 0.3606
0.4423, 0.3606
0.4711, 0.3606
0.5096, 0.3606
0.5384, 0.3606
0.5865, 0.3510
0.6250, 0.3510
0.6634, 0.3510
0.6923, 0.3510
0.7211, 0.3413
0.7500, 0.3413
0.7788, 0.3317
0.7981, 0.3317
0.8269, 0.3221
0.8365, 0.3221
0.8365, 0.3125
0.8461, 0.3125
0.8461, 0.3029
0.8558, 0.3029
0.8558, 0.2836
0.8654, 0.2740
0.8654, 0.2644
0.8654, 0.2548
0.8654, 0.2452
0.8654, 0.2356
0.8654, 0.2260
0.8558, 0.2163
0.8365, 0.1971
0.8173, 0.1875
0.7884, 0.1779
0.7596, 0.1683
0.7211, 0.1490
0.6827, 0.1394
0.6346, 0.1202
0.6058, 0.1106
0.5577, 0.1106
0.5288, 0.0913
0.4904, 0.0913
0.4519, 0.0817
0.4134, 0.0721
0.3942, 0.0721
0.3750, 0.0721
0.3557, 0.0625
0.3365, 0.0625
0.3269, 0.0433
0.3173, 0.0433
0.3077, 0.0433
0.2981, 0.0433
0.2884, 0.0433
0.2788, 0.0433
0.2788, 0.0336
0.2596, 0.0336
