0.6347, 0.2387
0.6347, 0.2387
0.6347, 0.2387
0.6347, 0.2387
0.6347, 0.2387
0.6347, 0.2387
0.6347, 0.2387
0.6347, 0.2387
0.6347, 0.2387
0.6347, 0.2387
0.6347, 0.2387
0.6347, 0.2387
0.6347, 0.2387
0.6347, 0.2387
0.6347, 0.2387
0.6347, 0.2387
0.6347, 0.2387
0.6347, 0.2387
0.6347, 0.2387
0.6347, 0.2387
0.6347, 0.2387
0.6347, 0.2387
0.6347, 0.2387
0.6347, 0.2387
0.6347, 0.2387
0.6347, 0.2387
0.6347, 0.2387
0.6347, 0.2387
0.6347, 0.2387
0.6347, 0.2387
0.6347, 0.2387
0.6347, 0.2387
0.6347, 0.2387
0.6347, 0.2387
0.6347, 0.2387
0.6347, 0.2387
0.6347, 0.2387
0.6347, 0.2387
0.6347, 0.2387
0.6347, 0.2387
0.6347, 0.2387
0.6347, 0.2387
0.6347, 0.2387
0.6347, 0.2387
0.6347, 0.2387
0.6347, 0.2387
0.6347, 0.2387
0.6347, 0.2387
0.6347, 0.2387
0.6347, 0.2387
0.6347, 0.2387
0.6347, 0.2387
0.6347, 0.2387
0.6347, 0.2387
0.6347, 0.2387
0.6347, 0.2387
0.6347, 0.2387
0.6347, 0.2387
0.6347, 0.2387
0.6347, 0.2387
0.6407, 0.2387
0.6407, 0.2387
0.6407, 0.2387
0.6407, 0.2387
0.6407, 0.2387
0.6407, 0.2387
0.6407, 0.2387
0.6407, 0.2387
0.6407, 0.2387
0.6467, 0.2387
0.6467, 0.2387
0.6467, 0.2387
0.6467, 0.2387
0.6467, 0.2387
0.6467, 0.2387
0.6467, 0.2387
0.6467, 0.2387
0.6467, 0.2387
0.6467, 0.2387
0.6467, 0.2387
0.6467, 0.2387
0.6467, 0.2387
0.6467, 0.2387
0.6467, 0.2387
0.6467, 0.2387
0.6467, 0.2414
0.6467, 0.2414
0.6467, 0.2414
0.6467, 0.2414
0.6526, 0.2414
0.6526, 0.2414
0.6526, 0.2414
0.6526, 0.2414
0.6526, 0.2414
0.6526, 0.2414
0.6526, 0.2414
0.6526, 0.2414
0.6526, 0.2414
0.6587, 0.2414
0.6587, 0.2414
0.6587, 0.2414
0.6587, 0.2414
0.6587, 0.2414
0.6587, 0.2414
0.6587, 0.2414
0.6587, 0.2414
0.6646, 0.2414
0.6646, 0.2414
0.6646, 0.2414
0.6646, 0.2414
0.6646, 0.2414
0.6646, 0.2414
0.6646, 0.2414
0.6646, 0.2414
0.6646, 0.2414
0.6646, 0.2440
0.6646, 0.2440
0.6646, 0.2440
0.6646, 0.2440
0.6646, 0.2440
0.6646, 0.2440
0.6646, 0.2440
0.6646, 0.2440
0.6646, 0.2440
0.6706, 0.2440
0.6706, 0.2440
0.6706, 0.2440
0.6706, 0.2440
0.6706, 0.2440
0.6706, 0.2440
0.6706, 0.2440
0.6706, 0.2440
0.6706, 0.2467
0.6706, 0.2467
0.6706, 0.2467
0.6706, 0.2467
0.6766, 0.2467
0.6766, 0.2467
0.6766, 0.2467
0.6766, 0.2467
0.6766, 0.2467
0.6766, 0.2467
0.6766, 0.2467
0.6766, 0.2467
0.6766, 0.2467
0.6766, 0.2467
0.6766, 0.2467
0.6766, 0.2467
0.6766, 0.2467
0.6766, 0.2467
0.6766, 0.2467
0.6766, 0.2467
0.6766, 0.2467
0.6766, 0.2467
0.6826, 0.2467
0.6826, 0.2467
0.6826, 0.2467
0.6826, 0.2467
0.6826, 0.2467
0.6826, 0.2467
0.6826, 0.2467
0.6826, 0.2467
0.6826, 0.2467
0.6885, 0.2493
0.6885, 0.2493
0.6885, 0.2493
0.6885, 0.2493
0.6885, 0.2493
0.6885, 0.2493
0.6885, 0.2493
0.6885, 0.2493
0.6946, 0.2493
0.6946, 0.2493
0.6946, 0.2493
0.6946, 0.2493
0.6946, 0.2520
0.6946, 0.2520
0.6946, 0.2520
0.6946, 0.2520
0.6946, 0.2520
0.6946, 0.2520
0.6946, 0.2520
0.6946, 0.2520
0.6946, 0.2520
0.6946, 0.2520
0.6946, 0.2520
0.6946, 0.2520
0.6946, 0.2520
0.6946, 0.2520
0.6946, 0.2520
0.6946, 0.2546
0.6946, 0.2546
0.6946, 0.2546
0.6946, 0.2546
0.6946, 0.2546
0.7005, 0.2546
0.7005, 0.2546
0.7005, 0.2546
0.7005, 0.2546
0.7005, 0.2546
0.7005, 0.2546
0.7005, 0.2546
0.7005, 0.2546
0.7065, 0.2546
0.7065, 0.2546
0.7065, 0.2546
0.7065, 0.2546
0.7065, 0.2546
0.7065, 0.2546
0.7065, 0.2546
0.7065, 0.2546
0.7065, 0.2546
0.7065, 0.2546
0.7065, 0.2546
0.7065, 0.2546
0.7065, 0.2546
0.7065, 0.2546
0.7065, 0.2546
0.7065, 0.2546
0.7065, 0.2546
0.7065, 0.2546
0.7065, 0.2546
0.7065, 0.2546
0.7065, 0.2546
0.7065, 0.2546
0.7065, 0.2546
0.7125, 0.2573
0.7125, 0.2573
0.7125, 0.2573
0.7125, 0.2573
0.7125, 0.2573
0.7125, 0.2573
0.7125, 0.2573
0.7125, 0.2573
0.7125, 0.2573
0.7125, 0.2573
0.7125, 0.2573
0.7125, 0.2573
0.7185, 0.2573
0.7185, 0.2573
0.7185, 0.2573
0.7185, 0.2573
0.7185, 0.2573
0.7185, 0.2573
0.7185, 0.2573
0.7185, 0.2573
0.7185, 0.2573
0.7185, 0.2573
0.7185, 0.2573
0.7185, 0.2573
0.7185, 0.2573
0.7244, 0.2573
0.7244, 0.2573
0.7244, 0.2573
0.7244, 0.2573
0.7244, 0.2573
0.7244, 0.2573
0.7244, 0.2573
0.7244, 0.2573
0.7244, 0.2573
0.7244, 0.2599
0.7244, 0.2599
0.7244, 0.2599
0.7244, 0.2599
0.7244, 0.2599
0.7244, 0.2599
0.7244, 0.2599
0.7244, 0.2599
0.7305, 0.2599
0.7305, 0.2599
0.7305, 0.2599
0.7305, 0.2599
0.7305, 0.2599
0.7305, 0.2599
0.7305, 0.2599
0.7305, 0.2599
0.7305, 0.2599
0.7364, 0.2599
0.7364, 0.2599
0.7364, 0.2599
0.7364, 0.2599
0.7364, 0.2599
0.7364, 0.2599
0.7364, 0.2599
0.7364, 0.2599
0.7364, 0.2599
0.7364, 0.2599
0.7364, 0.2599
0.7364, 0.2599
0.7364, 0.2599
0.7364, 0.2599
0.7364, 0.2599
0.7364, 0.2599
0.7364, 0.2599
0.7364, 0.2599
0.7364, 0.2599
0.7364, 0.2599
0.7364, 0.2599
0.7424, 0.2599
0.7424, 0.2599
0.7424, 0.2599
0.7424, 0.2599
0.7424, 0.2599
0.7424, 0.2599
0.7424, 0.2599
0.7424, 0.2599
0.7484, 0.2599
0.7484, 0.2599
0.7484, 0.2599
0.7484, 0.2599
0.7484, 0.2599
0.7484, 0.2599
0.7484, 0.2599
0.7484, 0.2599
0.7544, 0.2599
0.7544, 0.2599
0.7544, 0.2599
0.7544, 0.2599
0.7544, 0.2599
0.7544, 0.2599
0.7544, 0.2599
0.7544, 0.2599
0.7544, 0.2599
0.7544, 0.2599
0.7544, 0.2599
0.7544, 0.2599
0.7544, 0.2599
0.7544, 0.2599
0.7544, 0.2599
0.7544, 0.2599
0.7544, 0.2599
0.7544, 0.2599
0.7604, 0.2599
0.7604, 0.2599
0.7604, 0.2599
0.7604, 0.2599
0.7604, 0.2599
0.7604, 0.2599
0.7604, 0.2599
0.7604, 0.2599
0.7664, 0.2599
0.7664, 0.2599
0.7664, 0.2599
0.7664, 0.2599
0.7664, 0.2599
0.7664, 0.2599
0.7664, 0.2599
0.7664, 0.2599
0.7664, 0.2599
0.7664, 0.2599
0.7664, 0.2599
0.7664, 0.2599
0.7664, 0.2599
0.7664, 0.2599
0.7664, 0.2599
0.7664, 0.2599
0.7723, 0.2599
0.7723, 0.2599
0.7723, 0.2599
0.7723, 0.2599
0.7784, 0.2599
0.7784, 0.2599
0.7784, 0.2599
0.7784, 0.2599
0.7784, 0.2599
0.7784, 0.2599
0.7784, 0.2599
0.7784, 0.2599
0.7784, 0.2599
0.7784, 0.2599
0.7784, 0.2599
0.7784, 0.2599
0.7784, 0.2599
0.7784, 0.2599
0.7784, 0.2599
0.7784, 0.2599
0.7784, 0.2599
0.7784, 0.2599
0.7784, 0.2599
0.7784, 0.2599
0.7784, 0.2599
0.7784, 0.2599
0.7844, 0.2599
0.7844, 0.2599
0.7844, 0.2599
0.7844, 0.2599
0.7844, 0.2599
0.7844, 0.2599
0.7844, 0.2599
0.7844, 0.2599
0.7903, 0.2599
0.7903, 0.2599
0.7903, 0.2599
0.7903, 0.2599
0.7903, 0.2599
0.7903, 0.2599
0.7903, 0.2599
0.7964, 0.2599
0.7964, 0.2599
0.7964, 0.2599
0.7964, 0.2599
0.7964, 0.2599
0.7964, 0.2599
0.7964, 0.2599
0.7964, 0.2599
0.7964, 0.2599
0.8023, 0.2599
0.8023, 0.2599
0.8023, 0.2599
0.8083, 0.2599
0.8083, 0.2599
0.8083, 0.2599
0.8083, 0.2599
0.8083, 0.2599
0.8083, 0.2599
0.8083, 0.2599
0.8083, 0.2599
0.8083, 0.2599
0.8083, 0.2599
0.8083, 0.2599
0.8083, 0.2599
0.8083, 0.2599
0.8083, 0.2599
0.8083, 0.2599
0.8083, 0.2599
0.8083, 0.2599
0.8143, 0.2599
0.8143, 0.2599
0.8143, 0.2599
0.8143, 0.2599
0.8143, 0.2599
0.8143, 0.2599
0.8143, 0.2599
0.8143, 0.2599
0.8143, 0.2599
0.8143, 0.2599
0.8143, 0.2599
0.8143, 0.2599
0.8203, 0.2599
0.8203, 0.2599
0.8203, 0.2599
0.8203, 0.2599
0.8203, 0.2599
0.8203, 0.2599
0.8203, 0.2599
0.8203, 0.2599
0.8262, 0.2599
0.8262, 0.2599
0.8262, 0.2599
0.8262, 0.2599
0.8262, 0.2599
0.8262, 0.2599
0.8262, 0.2599
0.8262, 0.2599
0.8262, 0.2599
0.8262, 0.2599
0.8262, 0.2599
0.8262, 0.2599
0.8323, 0.2599
0.8323, 0.2599
0.8323, 0.2599
0.8323, 0.2599
0.8323, 0.2599
0.8323, 0.2599
0.8323, 0.2599
0.8323, 0.2599
0.8382, 0.2599
0.8382, 0.2599
0.8382, 0.2599
0.8382, 0.2599
0.8382, 0.2599
0.8382, 0.2599
0.8382, 0.2599
0.8382, 0.2599
0.8382, 0.2599
0.8382, 0.2599
0.8382, 0.2599
0.8382, 0.2599
0.8442, 0.2573
0.8442, 0.2573
0.8442, 0.2573
0.8442, 0.2573
0.8502, 0.2573
0.8502, 0.2573
0.8502, 0.2573
0.8502, 0.2573
0.8502, 0.2573
0.8502, 0.2573
0.8502, 0.2573
0.8502, 0.2573
0.8562, 0.2573
0.8562, 0.2573
0.8562, 0.2573
0.8562, 0.2573
0.8562, 0.2573
0.8562, 0.2573
0.8562, 0.2573
0.8562, 0.2573
0.8562, 0.2573
0.8562, 0.2573
0.8562, 0.2573
0.8621, 0.2573
0.8621, 0.2573
0.8621, 0.2573
0.8621, 0.2573
0.8621, 0.2573
0.8621, 0.2573
0.8621, 0.2573
0.8621, 0.2573
0.8682, 0.2573
0.8682, 0.2573
0.8682, 0.2573
0.8682, 0.2573
0.8682, 0.2573
0.8682, 0.2573
0.8682, 0.2573
0.8682, 0.2573
0.8682, 0.2573
0.8682, 0.2573
0.8682, 0.2573
0.8682, 0.2573
0.8741, 0.2573
0.8741, 0.2573
0.8741, 0.2573
0.8741, 0.2573
0.8741, 0.2546
0.8741, 0.2546
0.8741, 0.2546
0.8801, 0.2546
0.8801, 0.2546
0.8801, 0.2546
0.8801, 0.2546
0.8861, 0.2546
0.8861, 0.2546
0.8861, 0.2546
0.8861, 0.2546
0.8861, 0.2546
0.8861, 0.2546
0.8861, 0.2546
0.8861, 0.2546
0.8861, 0.2546
0.8861, 0.2546
0.8861, 0.2546
0.8861, 0.2546
0.8861, 0.2546
0.8861, 0.2546
0.8861, 0.2546
0.8861, 0.2546
0.8861, 0.2546
0.8861, 0.2546
0.8861, 0.2546
0.8861, 0.2546
0.8921, 0.2520
0.8921, 0.2520
0.8921, 0.2520
0.8921, 0.2520
0.8921, 0.2520
0.8921, 0.2520
0.8921, 0.2520
0.8921, 0.2520
0.8921, 0.2520
0.8921, 0.2520
0.8921, 0.2520
0.8921, 0.2520
0.8980, 0.2520
0.8980, 0.2520
0.8980, 0.2520
0.8980, 0.2493
0.8980, 0.2493
0.8980, 0.2493
0.8980, 0.2493
0.8980, 0.2493
0.8980, 0.2493
0.8980, 0.2493
0.8980, 0.2493
0.9041, 0.2493
0.9041, 0.2493
0.9041, 0.2493
0.9100, 0.2493
0.9100, 0.2493
0.9100, 0.2493
0.9100, 0.2493
0.9100, 0.2493
0.9100, 0.2493
0.9100, 0.2493
0.9100, 0.2493
0.9100, 0.2493
0.9100, 0.2493
0.9100, 0.2493
0.9100, 0.2493
0.9160, 0.2467
0.9160, 0.2467
0.9160, 0.2467
0.9160, 0.2467
0.9160, 0.2467
0.9160, 0.2467
0.9160, 0.2467
0.9160, 0.2467
0.9160, 0.2467
0.9160, 0.2467
0.9160, 0.2467
0.9160, 0.2467
0.9160, 0.2467
0.9160, 0.2467
0.9160, 0.2467
0.9160, 0.2440
0.9160, 0.2440
0.9160, 0.2440
0.9160, 0.2440
0.9160, 0.2440
0.9160, 0.2440
0.9160, 0.2440
0.9160, 0.2440
0.9160, 0.2440
0.9160, 0.2440
0.9160, 0.2440
0.9160, 0.2440
0.9160, 0.2440
0.9160, 0.2440
0.9160, 0.2440
0.9160, 0.2440
0.9160, 0.2414
0.9160, 0.2414
0.9160, 0.2414
0.9220, 0.2414
0.9220, 0.2414
0.9220, 0.2414
0.9220, 0.2414
0.9220, 0.2414
0.9220, 0.2414
0.9220, 0.2414
0.9220, 0.2414
0.9220, 0.2387
0.9220, 0.2387
0.9220, 0.2387
0.9220, 0.2387
0.9220, 0.2387
0.9220, 0.2387
0.9220, 0.2387
0.9220, 0.2387
0.9220, 0.2387
0.9220, 0.2387
0.9220, 0.2361
0.9220, 0.2361
0.9220, 0.2361
0.9220, 0.2361
0.9220, 0.2361
0.9220, 0.2361
0.9220, 0.2361
0.9220, 0.2361
0.9280, 0.2361
0.9280, 0.2361
0.9280, 0.2361
0.9280, 0.2361
0.9280, 0.2361
0.9280, 0.2361
0.9280, 0.2361
0.9280, 0.2361
0.9280, 0.2334
0.9280, 0.2334
0.9280, 0.2334
0.9280, 0.2334
0.9280, 0.2334
0.9280, 0.2334
0.9280, 0.2334
0.9280, 0.2308
0.9280, 0.2308
0.9280, 0.2308
0.9280, 0.2308
0.9280, 0.2308
0.9280, 0.2308
0.9280, 0.2308
0.9280, 0.2308
0.9280, 0.2308
0.9280, 0.2308
0.9280, 0.2308
0.9280, 0.2281
0.9280, 0.2281
0.9280, 0.2281
0.9280, 0.2281
0.9280, 0.2281
0.9280, 0.2281
0.9280, 0.2255
0.9280, 0.2255
0.9280, 0.2255
0.9280, 0.2255
0.9280, 0.2255
0.9280, 0.2255
0.9280, 0.2228
0.9280, 0.2228
0.9280, 0.2228
0.9280, 0.2228
0.9280, 0.2228
0.9280, 0.2228
0.9280, 0.2228
0.9280, 0.2228
0.9280, 0.2228
0.9280, 0.2228
0.9280, 0.2228
0.9280, 0.2228
0.9280, 0.2228
0.9280, 0.2228
0.9280, 0.2228
0.9280, 0.2228
0.9280, 0.2202
0.9280, 0.2202
0.9280, 0.2202
0.9280, 0.2202
0.9280, 0.2202
0.9280, 0.2202
0.9280, 0.2202
0.9280, 0.2202
0.9280, 0.2202
0.9280, 0.2202
0.9280, 0.2202
0.9280, 0.2175
0.9280, 0.2175
0.9280, 0.2175
0.9280, 0.2175
0.9280, 0.2175
0.9280, 0.2175
0.9280, 0.2175
0.9280, 0.2175
0.9280, 0.2175
0.9280, 0.2175
0.9280, 0.2175
0.9280, 0.2175
0.9280, 0.2175
0.9280, 0.2175
0.9280, 0.2175
0.9280, 0.2175
0.9280, 0.2175
0.9280, 0.2175
0.9280, 0.2149
0.9280, 0.2149
0.9280, 0.2149
0.9280, 0.2149
0.9280, 0.2122
0.9280, 0.2122
0.9280, 0.2122
0.9280, 0.2122
0.9280, 0.2122
0.9280, 0.2122
0.9280, 0.2122
0.9280, 0.2095
0.9280, 0.2095
0.9280, 0.2095
0.9280, 0.2095
0.9280, 0.2095
0.9280, 0.2095
0.9280, 0.2095
0.9280, 0.2095
0.9280, 0.2095
0.9280, 0.2095
0.9280, 0.2095
0.9280, 0.2069
0.9280, 0.2069
0.9280, 0.2069
0.9280, 0.2069
0.9280, 0.2069
0.9280, 0.2069
0.9280, 0.2069
0.9280, 0.2069
0.9280, 0.2069
0.9280, 0.2069
0.9280, 0.2069
0.9280, 0.2042
0.9280, 0.2042
0.9280, 0.2042
0.9280, 0.2042
0.9280, 0.2042
0.9280, 0.2042
0.9280, 0.2042
0.9280, 0.2042
0.9280, 0.2042
0.9280, 0.2016
0.9280, 0.2016
0.9280, 0.2016
0.9280, 0.2016
0.9280, 0.2016
0.9280, 0.2016
0.9280, 0.2016
0.9280, 0.1989
0.9280, 0.1989
0.9280, 0.1989
0.9280, 0.1989
0.9280, 0.1963
0.9280, 0.1963
0.9280, 0.1963
0.9280, 0.1963
0.9280, 0.1963
0.9280, 0.1963
0.9280, 0.1963
0.9280, 0.1963
0.9280, 0.1963
0.9280, 0.1963
0.9280, 0.1963
0.9280, 0.1936
0.9280, 0.1936
0.9280, 0.1936
0.9280, 0.1910
0.9280, 0.1910
0.9280, 0.1910
0.9280, 0.1910
0.9280, 0.1910
0.9280, 0.1910
0.9280, 0.1910
0.9280, 0.1910
0.9280, 0.1910
0.9280, 0.1910
0.9280, 0.1910
0.9280, 0.1910
0.9280, 0.1910
0.9280, 0.1910
0.9280, 0.1910
0.9280, 0.1883
0.9280, 0.1883
0.9280, 0.1883
0.9280, 0.1883
0.9280, 0.1857
0.9280, 0.1857
0.9280, 0.1857
0.9220, 0.1857
0.9220, 0.1857
0.9220, 0.1857
0.9220, 0.1857
0.9220, 0.1857
0.9220, 0.1857
0.9220, 0.1857
0.9220, 0.1857
0.9220, 0.1857
0.9220, 0.1857
0.9220, 0.1857
0.9220, 0.1830
0.9220, 0.1830
0.9220, 0.1830
0.9220, 0.1830
0.9220, 0.1830
0.9220, 0.1830
0.9220, 0.1830
0.9220, 0.1804
0.9220, 0.1804
0.9220, 0.1804
0.9220, 0.1804
0.9220, 0.1804
0.9220, 0.1804
0.9220, 0.1804
0.9220, 0.1777
0.9220, 0.1777
0.9220, 0.1777
0.9220, 0.1777
0.9220, 0.1777
0.9220, 0.1777
0.9220, 0.1777
0.9220, 0.1777
0.9220, 0.1777
0.9220, 0.1777
0.9220, 0.1777
0.9220, 0.1777
0.9220, 0.1777
0.9220, 0.1777
0.9220, 0.1777
0.9220, 0.1751
0.9220, 0.1751
0.9220, 0.1751
0.9220, 0.1751
0.9160, 0.1751
0.9160, 0.1751
0.9160, 0.1751
0.9160, 0.1724
0.9160, 0.1724
0.9160, 0.1724
0.9160, 0.1724
0.9160, 0.1724
0.9160, 0.1724
0.9160, 0.1724
0.9160, 0.1724
0.9160, 0.1724
0.9160, 0.1724
0.9160, 0.1724
0.9160, 0.1724
0.9160, 0.1724
0.9160, 0.1724
0.9100, 0.1724
0.9100, 0.1724
0.9100, 0.1724
0.9100, 0.1698
0.9100, 0.1698
0.9100, 0.1698
0.9100, 0.1698
0.9100, 0.1698
0.9100, 0.1698
0.9100, 0.1698
0.9100, 0.1698
0.9100, 0.1671
0.9100, 0.1671
0.9100, 0.1671
0.9041, 0.1671
0.9041, 0.1671
0.9041, 0.1671
0.9041, 0.1671
0.9041, 0.1671
0.9041, 0.1671
0.9041, 0.1671
0.9041, 0.1671
0.9041, 0.1645
0.9041, 0.1645
0.9041, 0.1645
0.9041, 0.1645
0.9041, 0.1645
0.9041, 0.1645
0.9041, 0.1645
0.9041, 0.1645
0.9041, 0.1645
0.9041, 0.1645
0.9041, 0.1645
0.9041, 0.1645
0.9041, 0.1645
0.9041, 0.1645
0.9041, 0.1618
0.9041, 0.1618
0.9041, 0.1618
0.8980, 0.1618
0.8980, 0.1618
0.8980, 0.1618
0.8980, 0.1592
0.8980, 0.1592
0.8980, 0.1592
0.8980, 0.1592
0.8980, 0.1592
0.8980, 0.1592
0.8980, 0.1592
0.8980, 0.1592
0.8980, 0.1592
0.8980, 0.1592
0.8980, 0.1592
0.8921, 0.1592
0.8921, 0.1592
0.8921, 0.1592
0.8921, 0.1592
0.8921, 0.1592
0.8921, 0.1592
0.8921, 0.1592
0.8921, 0.1592
0.8921, 0.1592
0.8921, 0.1592
0.8921, 0.1592
0.8921, 0.1565
0.8921, 0.1565
0.8921, 0.1565
0.8861, 0.1565
0.8861, 0.1565
0.8861, 0.1565
0.8861, 0.1565
0.8801, 0.1538
0.8801, 0.1538
0.8801, 0.1538
0.8801, 0.1538
0.8801, 0.1538
0.8801, 0.1538
0.8801, 0.1512
0.8801, 0.1512
0.8801, 0.1512
0.8801, 0.1512
0.8741, 0.1512
0.8741, 0.1512
0.8741, 0.1512
0.8741, 0.1512
0.8741, 0.1512
0.8741, 0.1512
0.8741, 0.1512
0.8741, 0.1512
0.8741, 0.1512
0.8682, 0.1512
0.8682, 0.1512
0.8682, 0.1512
0.8621, 0.1512
0.8621, 0.1512
0.8621, 0.1512
0.8621, 0.1512
0.8621, 0.1512
0.8621, 0.1512
0.8621, 0.1485
0.8621, 0.1485
0.8621, 0.1485
0.8621, 0.1485
0.8562, 0.1485
0.8562, 0.1485
0.8562, 0.1485
0.8502, 0.1485
0.8502, 0.1485
0.8502, 0.1485
0.8442, 0.1485
0.8442, 0.1485
0.8442, 0.1485
0.8442, 0.1485
0.8442, 0.1485
0.8442, 0.1485
0.8442, 0.1459
0.8442, 0.1459
0.8442, 0.1459
0.8382, 0.1459
0.8382, 0.1459
0.8382, 0.1459
0.8382, 0.1459
0.8323, 0.1459
0.8323, 0.1459
0.8323, 0.1459
0.8323, 0.1459
0.8323, 0.1459
0.8323, 0.1459
0.8323, 0.1459
0.8262, 0.1459
0.8262, 0.1459
0.8262, 0.1459
0.8203, 0.1459
0.8203, 0.1459
0.8203, 0.1459
0.8203, 0.1459
0.8143, 0.1459
0.8143, 0.1459
0.8143, 0.1459
0.8143, 0.1459
0.8143, 0.1459
0.8143, 0.1459
0.8083, 0.1459
0.8083, 0.1459
0.8083, 0.1459
0.8023, 0.1459
0.8023, 0.1459
0.8023, 0.1459
0.8023, 0.1459
0.8023, 0.1459
0.8023, 0.1459
0.8023, 0.1459
0.7964, 0.1459
0.7964, 0.1459
0.7964, 0.1459
0.7903, 0.1459
0.7903, 0.1459
0.7903, 0.1459
0.7903, 0.1459
0.7844, 0.1459
0.7844, 0.1459
0.7844, 0.1459
0.7784, 0.1459
0.7784, 0.1459
0.7784, 0.1459
0.7723, 0.1459
0.7723, 0.1459
0.7723, 0.1459
0.7723, 0.1459
0.7723, 0.1459
0.7723, 0.1459
0.7723, 0.1459
0.7664, 0.1459
0.7664, 0.1459
0.7664, 0.1459
0.7604, 0.1459
0.7604, 0.1459
0.7604, 0.1459
0.7604, 0.1459
0.7544, 0.1459
0.7544, 0.1459
0.7544, 0.1459
0.7544, 0.1459
0.7544, 0.1459
0.7544, 0.1459
0.7544, 0.1459
0.7544, 0.1459
0.7544, 0.1459
0.7544, 0.1459
0.7544, 0.1459
0.7544, 0.1459
0.7544, 0.1459
0.7544, 0.1459
0.7544, 0.1459
0.7544, 0.1459
0.7544, 0.1459
0.7544, 0.1459
0.7544, 0.1459
0.7544, 0.1459
0.7544, 0.1459
0.7544, 0.1459
0.7544, 0.1459
0.7544, 0.1459
0.7544, 0.1459
0.7544, 0.1459
0.7544, 0.1459
0.7544, 0.1459
0.7544, 0.1459
0.7544, 0.1459
0.7544, 0.1459
0.7544, 0.1459
0.7544, 0.1459
0.7544, 0.1459
0.7544, 0.1459
0.7544, 0.1459
0.7544, 0.1459
0.7544, 0.1459
0.7544, 0.1459
0.7544, 0.1459
0.7544, 0.1459
0.7544, 0.1459
0.7544, 0.1459
0.7544, 0.1459
0.7544, 0.1459
0.7544, 0.1459
0.7544, 0.1459
0.7544, 0.1459
0.7544, 0.1459
0.7544, 0.1459
0.7544, 0.1459
0.7544, 0.1459
0.7544, 0.1459
0.7544, 0.1459
0.7544, 0.1459
0.7544, 0.1459
0.7544, 0.1459
0.7544, 0.1459
0.7544, 0.1459
0.7544, 0.1459
0.7544, 0.1459
0.7544, 0.1459
0.7544, 0.1459
0.7544, 0.1459
0.7544, 0.1459
0.7544, 0.1459
0.7544, 0.1459
0.7544, 0.1459
0.7544, 0.1459
0.7544, 0.1459
0.7544, 0.1459
0.7544, 0.1459
0.7544, 0.1459
0.7544, 0.1459
0.7544, 0.1459
0.7544, 0.1459
0.7544, 0.1459
0.7544, 0.1459
0.7544, 0.1459
0.7544, 0.1459
0.7544, 0.1459
0.7544, 0.1459
0.7544, 0.1459
0.7544, 0.1459
0.7544, 0.1459
0.7544, 0.1459
0.7544, 0.1459
0.7544, 0.1459
0.7544, 0.1459
0.7544, 0.1459
0.7544, 0.1459
0.7544, 0.1459
0.7544, 0.1459
0.7544, 0.1459
0.7544, 0.1459
0.7544, 0.1459
0.7544, 0.1459
0.7544, 0.1459
0.7544, 0.1459
0.7544, 0.1459
0.7544, 0.1459
0.7544, 0.1459
0.7544, 0.1459
0.7544, 0.1459
0.7544, 0.1459
0.7544, 0.1459
0.7604, 0.1459
0.7604, 0.1459
0.7604, 0.1459
0.7664, 0.1459
0.7664, 0.1459
0.7664, 0.1459
0.7664, 0.1459
0.7664, 0.1459
0.7664, 0.1459
0.7664, 0.1459
0.7723, 0.1459
0.7723, 0.1459
0.7723, 0.1459
0.7784, 0.1459
0.7784, 0.1459
0.7784, 0.1432
0.7784, 0.1432
0.7784, 0.1432
0.7844, 0.1432
0.7844, 0.1432
0.7844, 0.1432
0.7903, 0.1432
0.7903, 0.1432
0.7903, 0.1432
0.7903, 0.1432
0.7964, 0.1432
0.7964, 0.1432
0.7964, 0.1432
0.7964, 0.1406
0.7964, 0.1406
0.7964, 0.1406
0.7964, 0.1406
0.7964, 0.1406
0.7964, 0.1406
0.8023, 0.1406
0.8023, 0.1406
0.8023, 0.1406
0.8083, 0.1406
0.8083, 0.1406
0.8083, 0.1406
0.8083, 0.1379
0.8083, 0.1379
0.8083, 0.1379
0.8083, 0.1379
0.8083, 0.1379
0.8083, 0.1379
0.8143, 0.1379
0.8143, 0.1379
0.8143, 0.1379
0.8143, 0.1379
0.8203, 0.1379
0.8203, 0.1379
0.8203, 0.1379
0.8262, 0.1379
0.8262, 0.1379
0.8262, 0.1379
0.8323, 0.1379
0.8323, 0.1379
0.8323, 0.1379
0.8382, 0.1379
0.8382, 0.1379
0.8382, 0.1379
0.8382, 0.1379
0.8382, 0.1379
0.8382, 0.1379
0.8382, 0.1379
0.8442, 0.1353
0.8442, 0.1353
0.8442, 0.1353
0.8502, 0.1353
0.8502, 0.1353
0.8502, 0.1353
0.8562, 0.1353
0.8562, 0.1353
0.8562, 0.1353
0.8562, 0.1353
0.8562, 0.1353
0.8562, 0.1353
0.8562, 0.1353
0.8621, 0.1326
0.8621, 0.1326
0.8621, 0.1326
0.8621, 0.1326
0.8621, 0.1326
0.8621, 0.1326
0.8682, 0.1326
0.8682, 0.1326
0.8682, 0.1326
0.8682, 0.1326
0.8682, 0.1326
0.8682, 0.1326
0.8682, 0.1326
0.8682, 0.1326
0.8682, 0.1326
0.8682, 0.1326
0.8682, 0.1326
0.8682, 0.1326
0.8682, 0.1326
0.8682, 0.1326
0.8682, 0.1326
0.8682, 0.1326
0.8682, 0.1326
0.8741, 0.1326
0.8741, 0.1326
0.8741, 0.1326
0.8801, 0.1326
0.8801, 0.1326
0.8801, 0.1326
0.8801, 0.1326
0.8801, 0.1326
0.8801, 0.1326
0.8801, 0.1326
0.8861, 0.1300
0.8861, 0.1300
0.8861, 0.1300
0.8861, 0.1300
0.8861, 0.1300
0.8861, 0.1300
0.8861, 0.1300
0.8921, 0.1273
0.8921, 0.1273
0.8921, 0.1273
0.8921, 0.1273
0.8921, 0.1273
0.8921, 0.1273
0.8980, 0.1247
0.8980, 0.1247
0.8980, 0.1247
0.8980, 0.1247
0.8980, 0.1247
0.8980, 0.1247
0.8980, 0.1247
0.8980, 0.1247
0.8980, 0.1247
0.8980, 0.1247
0.9041, 0.1247
0.9041, 0.1247
0.9041, 0.1247
0.9041, 0.1247
0.9041, 0.1247
0.9041, 0.1247
0.9041, 0.1247
0.9041, 0.1247
0.9041, 0.1247
0.9041, 0.1247
0.9041, 0.1247
0.9100, 0.1220
0.9100, 0.1220
0.9100, 0.1220
0.9160, 0.1220
0.9160, 0.1220
0.9160, 0.1220
0.9160, 0.1194
0.9160, 0.1194
0.9160, 0.1194
0.9160, 0.1194
0.9160, 0.1194
0.9160, 0.1194
0.9220, 0.1194
0.9220, 0.1194
0.9220, 0.1194
0.9220, 0.1167
0.9220, 0.1167
0.9220, 0.1167
0.9280, 0.1167
0.9280, 0.1167
0.9280, 0.1167
0.9280, 0.1141
0.9280, 0.1141
0.9280, 0.1141
0.9280, 0.1114
0.9280, 0.1114
0.9280, 0.1114
0.9339, 0.1114
0.9339, 0.1114
0.9339, 0.1114
0.9339, 0.1114
0.9339, 0.1114
0.9339, 0.1114
0.9339, 0.1114
0.9339, 0.1114
0.9339, 0.1114
0.9339, 0.1114
0.9400, 0.1088
0.9400, 0.1088
0.9400, 0.1088
0.9400, 0.1061
0.9400, 0.1061
0.9400, 0.1061
0.9400, 0.1061
0.9400, 0.1061
0.9400, 0.1061
0.9459, 0.1061
0.9459, 0.1061
0.9459, 0.1061
0.9459, 0.1061
0.9459, 0.1034
0.9459, 0.1034
0.9459, 0.1034
0.9459, 0.1008
0.9459, 0.1008
0.9459, 0.1008
0.9519, 0.1008
0.9519, 0.1008
0.9519, 0.1008
0.9519, 0.0981
0.9519, 0.0981
0.9519, 0.0981
0.9579, 0.0981
0.9579, 0.0981
0.9579, 0.0981
0.9579, 0.0955
0.9579, 0.0955
0.9579, 0.0955
0.9579, 0.0928
0.9579, 0.0928
0.9579, 0.0928
0.9579, 0.0928
0.9579, 0.0928
0.9579, 0.0928
0.9579, 0.0902
0.9579, 0.0902
0.9579, 0.0902
0.9579, 0.0902
0.9579, 0.0902
0.9579, 0.0902
0.9579, 0.0902
0.9579, 0.0875
0.9579, 0.0875
0.9579, 0.0875
0.9579, 0.0875
0.9579, 0.0875
0.9579, 0.0875
0.9579, 0.0849
0.9579, 0.0849
0.9579, 0.0849
0.9579, 0.0849
0.9639, 0.0849
0.9639, 0.0849
0.9639, 0.0849
0.9639, 0.0822
0.9639, 0.0822
0.9639, 0.0822
0.9639, 0.0796
0.9639, 0.0796
0.9639, 0.0796
0.9639, 0.0796
0.9639, 0.0796
0.9639, 0.0796
0.9639, 0.0769
0.9639, 0.0769
0.9639, 0.0769
0.9639, 0.0743
0.9639, 0.0743
0.9639, 0.0743
0.9639, 0.0743
0.9639, 0.0743
0.9639, 0.0743
0.9639, 0.0743
0.9639, 0.0743
0.9639, 0.0743
0.9639, 0.0716
0.9639, 0.0716
0.9639, 0.0716
0.9639, 0.0690
0.9639, 0.0690
0.9639, 0.0690
0.9639, 0.0663
0.9639, 0.0663
0.9639, 0.0663
0.9639, 0.0663
0.9639, 0.0663
0.9639, 0.0663
0.9639, 0.0663
0.9639, 0.0663
0.9639, 0.0663
0.9639, 0.0663
0.9639, 0.0637
0.9639, 0.0637
0.9639, 0.0637
0.9639, 0.0610
0.9639, 0.0610
0.9639, 0.0610
0.9639, 0.0610
0.9639, 0.0610
0.9639, 0.0610
0.9639, 0.0610
0.9639, 0.0610
0.9639, 0.0610
0.9639, 0.0610
0.9639, 0.0584
0.9639, 0.0584
0.9639, 0.0584
0.9639, 0.0557
0.9639, 0.0557
0.9639, 0.0557
0.9639, 0.0531
0.9639, 0.0531
0.9639, 0.0531
0.9639, 0.0531
0.9639, 0.0531
0.9639, 0.0531
0.9639, 0.0504
0.9639, 0.0504
0.9639, 0.0504
0.9639, 0.0477
0.9639, 0.0477
0.9639, 0.0477
0.9639, 0.0477
0.9639, 0.0477
0.9639, 0.0477
0.9639, 0.0477
0.9639, 0.0477
0.9639, 0.0477
0.9639, 0.0477
0.9639, 0.0451
0.9639, 0.0451
0.9639, 0.0424
0.9639, 0.0424
0.9639, 0.0424
0.9579, 0.0424
0.9579, 0.0424
0.9579, 0.0424
0.9579, 0.0398
0.9579, 0.0398
0.9579, 0.0398
0.9579, 0.0398
0.9579, 0.0398
0.9579, 0.0398
0.9519, 0.0371
0.9519, 0.0371
0.9519, 0.0371
0.9519, 0.0371
0.9519, 0.0371
0.9519, 0.0371
0.9519, 0.0371
0.9519, 0.0345
0.9519, 0.0345
0.9519, 0.0345
0.9519, 0.0345
0.9519, 0.0345
0.9519, 0.0345
0.9459, 0.0318
0.9459, 0.0318
0.9459, 0.0318
0.9459, 0.0292
0.9459, 0.0292
0.9400, 0.0265
0.9400, 0.0265
0.9400, 0.0265
0.9339, 0.0265
0.9339, 0.0265
0.9339, 0.0265
0.9339, 0.0265
0.9339, 0.0265
0.9339, 0.0265
0.9339, 0.0265
0.9339, 0.0239
0.9339, 0.0239
0.9339, 0.0239
0.9339, 0.0239
0.9339, 0.0239
0.9280, 0.0212
0.9280, 0.0212
0.9280, 0.0212
0.9220, 0.0212
0.9220, 0.0212
0.9220, 0.0212
0.9220, 0.0212
0.9220, 0.0212
0.9220, 0.0212
0.9220, 0.0212
0.9220, 0.0186
0.9220, 0.0186
0.9220, 0.0186
0.9160, 0.0186
0.9160, 0.0186
0.9160, 0.0186
0.9100, 0.0159
0.9100, 0.0159
0.9041, 0.0159
0.9041, 0.0159
0.9041, 0.0159
0.9041, 0.0159
0.9041, 0.0159
0.9041, 0.0159
0.9041, 0.0159
0.8980, 0.0159
0.8980, 0.0159
0.8980, 0.0159
0.8921, 0.0133
0.8921, 0.0133
0.8921, 0.0133
0.8921, 0.0133
0.8921, 0.0133
0.8921, 0.0133
0.8861, 0.0106
0.8861, 0.0106
0.8861, 0.0106
0.8801, 0.0106
0.8801, 0.0106
0.8741, 0.0080
0.8741, 0.0080
0.8741, 0.0080
0.8741, 0.0080
0.8741, 0.0080
0.8741, 0.0080
0.8741, 0.0080
0.8682, 0.0080
0.8682, 0.0080
0.8682, 0.0080
0.8621, 0.0080
0.8621, 0.0080
0.8621, 0.0080
0.8621, 0.0080
0.8621, 0.0080
0.8621, 0.0080
0.8562, 0.0080
0.8562, 0.0080
0.8562, 0.0053
0.8562, 0.0053
0.8562, 0.0053
0.8502, 0.0053
0.8502, 0.0053
0.8502, 0.0053
0.8442, 0.0053
0.8442, 0.0053
0.8442, 0.0053
0.8382, 0.0027
0.8382, 0.0027
0.8382, 0.0027
0.8323, 0.0027
0.8323, 0.0027
0.8323, 0.0027
0.8262, 0.0027
0.8262, 0.0027
0.8262, 0.0027
0.8262, 0.0027
0.8262, 0.0027
0.8143, 0.0000
0.8143, 0.0000
0.8143, 0.0000
0.8083, 0.0000
0.8083, 0.0000
0.8083, 0.0000
0.8023, 0.0000
0.8023, 0.0000
0.8023, 0.0000
0.7964, 0.0000
0.7964, 0.0000
0.7964, 0.0000
0.7903, 0.0000
0.7903, 0.0000
0.7903, 0.0000
0.7844, 0.0000
0.7844, 0.0000
0.7784, 0.0000
0.7664, 0.0000
0.7604, 0.0000
0.7604, 0.0000
0.7544, 0.0000
0.7424, 0.0000
0.7185, 0.0000
0.7185, 0.0000
0.7185, 0.0000
0.7185, 0.0000
0.7065, 0.0000
0.7065, 0.0000
0.7065, 0.0000
0.6946, 0.0000
0.6946, 0.0000
0.6946, 0.0000
0.6946, 0.0000
0.6946, 0.0000
0.6946, 0.0000
0.6885, 0.0000
0.6885, 0.0000
0.6885, 0.0000
0.6826, 0.0000
0.6826, 0.0000
0.6826, 0.0000
0.6766, 0.0000
0.6766, 0.0000
0.6766, 0.0000
0.6706, 0.0000
0.6706, 0.0000
0.6706, 0.0000
0.6646, 0.0000
0.6646, 0.0000
0.6646, 0.0000
0.6587, 0.0000
0.6587, 0.0000
0.6526, 0.0000
0.6526, 0.0000
0.6526, 0.0000
0.6467, 0.0000
0.6467, 0.0000
0.6467, 0.0000
0.6467, 0.0000
0.6467, 0.0000
0.6467, 0.0000
0.6467, 0.0000
0.6467, 0.0000
0.6467, 0.0000
0.6347, 0.0000
0.6347, 0.0000
0.6347, 0.0000
0.6347, 0.0000
0.6347, 0.0000
0.6347, 0.0000
0.6347, 0.0000
0.6287, 0.0000
0.6287, 0.0000
0.6287, 0.0000
0.6228, 0.0000
0.6228, 0.0000
0.6228, 0.0000
0.6228, 0.0000
0.6228, 0.0000
0.6228, 0.0000
0.6167, 0.0000
0.6167, 0.0000
0.6167, 0.0000
0.6167, 0.0000
0.6167, 0.0000
0.6167, 0.0000
0.6167, 0.0000
0.6167, 0.0000
0.6167, 0.0000
0.6167, 0.0000
0.6167, 0.0000
0.6167, 0.0000
0.6108, 0.0000
0.6108, 0.0000
0.6108, 0.0000
0.6108, 0.0000
0.6108, 0.0000
0.6108, 0.0000
0.6048, 0.0000
0.6048, 0.0000
0.6048, 0.0000
0.6048, 0.0000
0.6048, 0.0000
0.6048, 0.0000
0.6048, 0.0000
0.6048, 0.0000
0.6048, 0.0000
0.6048, 0.0000
0.5988, 0.0000
0.5988, 0.0000
0.5928, 0.0000
0.5928, 0.0000
0.5928, 0.0000
0.5928, 0.0000
0.5928, 0.0000
0.5928, 0.0000
0.5928, 0.0000
0.5928, 0.0000
0.5928, 0.0000
0.5928, 0.0000
0.5928, 0.0000
0.5928, 0.0000
0.5928, 0.0000
0.5928, 0.0000
0.5928, 0.0000
0.5928, 0.0000
0.5928, 0.0000
0.5928, 0.0000
0.5928, 0.0000
0.5928, 0.0000
0.5868, 0.0000
0.5868, 0.0000
0.5868, 0.0000
0.5868, 0.0000
0.5868, 0.0000
0.5868, 0.0000
0.5868, 0.0000
0.5868, 0.0000
0.5868, 0.0000
0.5868, 0.0027
0.5868, 0.0027
0.5868, 0.0027
0.5868, 0.0027
0.5868, 0.0027
0.5868, 0.0027
0.5868, 0.0053
0.5868, 0.0053
0.5868, 0.0053
0.5928, 0.0053
0.5928, 0.0053
0.5928, 0.0053
