0.0000, 0.8902
0.0081, 0.8902
0.0244, 0.8984
0.0325, 0.8984
0.0407, 0.9065
0.0569, 0.9065
0.0732, 0.9228
0.0894, 0.9228
0.1057, 0.9309
0.1301, 0.9390
0.1463, 0.9390
0.1707, 0.9471
0.1870, 0.9471
0.2033, 0.9553
0.2358, 0.9634
0.2683, 0.9634
0.3008, 0.9715
0.3252, 0.9878
0.3496, 0.9878
0.3740, 0.9878
0.3984, 0.9959
0.4146, 0.9959
0.4472, 0.9959
0.4716, 0.9959
0.5041, 0.9959
0.5285, 0.9959
0.5610, 0.9959
0.5854, 0.9959
0.6098, 0.9797
0.6423, 0.9715
0.6585, 0.9634
0.6829, 0.9553
0.7155, 0.9471
0.7317, 0.9309
0.7480, 0.9065
0.7724, 0.8902
0.7886, 0.8658
0.8049, 0.8415
0.8130, 0.8171
0.8293, 0.7927
0.8293, 0.7439
0.8211, 0.7033
0.8049, 0.6707
0.7724, 0.6301
0.7317, 0.6138
0.7073, 0.6057
0.6667, 0.5894
0.6423, 0.5732
0.6016, 0.5650
0.5773, 0.5650
0.5366, 0.5569
0.5122, 0.5569
0.4797, 0.5569
0.4553, 0.5488
0.4390, 0.5488
0.4065, 0.5488
0.3903, 0.5488
0.3821, 0.5488
0.3740, 0.5488
0.3577, 0.5488
0.3496, 0.5488
0.3740, 0.5488
0.3984, 0.5488
0.4309, 0.5569
0.4553, 0.5650
0.4797, 0.5650
0.5122, 0.5813
0.5366, 0.5813
0.5691, 0.5894
0.5935, 0.5894
0.6341, 0.5976
0.6585, 0.5976
0.6829, 0.5976
0.7155, 0.6057
0.7398, 0.6057
0.7724, 0.6057
0.7886, 0.6057
0.8130, 0.6057
0.8374, 0.6057
0.8455, 0.6057
0.8618, 0.6057
0.8699, 0.6057
0.8780, 0.6057
0.8862, 0.6057
0.9024, 0.6057
0.9106, 0.6057
0.9268, 0.6057
0.9350, 0.6057
0.9431, 0.5976
0.9512, 0.5976
0.9675, 0.5894
0.9756, 0.5732
0.9838, 0.5650
0.9919, 0.5569
1.0000, 0.5488
1.0000, 0.5406
1.0000, 0.5244
1.0000, 0.5081
1.0000, 0.4837
1.0000, 0.4675
0.9838, 0.4350
0.9593, 0.4024
0.9268, 0.3618
0.9106, 0.3374
0.8780, 0.3049
0.8537, 0.2805
0.8374, 0.2642
0.8049, 0.2398
0.7805, 0.2236
0.7480, 0.1992
0.7236, 0.1748
0.6911, 0.1504
0.6667, 0.1341
0.6423, 0.1098
0.6098, 0.0935
0.5854, 0.0854
0.5773, 0.0691
0.5528, 0.0691
0.5366, 0.0610
0.5285, 0.0528
0.5203, 0.0528
0.5041, 0.0528
0.4878, 0.0366
0.4797, 0.0366
0.4634, 0.0284
0.4472, 0.0284
0.4390, 0.0284
0.4228, 0.0284
0.4146, 0.0203
0.3984, 0.0203
0.3903, 0.0203
0.3740, 0.0122
0.3496, 0.0122
0.3333, 0.0122
0.3252, 0.0122
0.3090, 0.0122
0.2846, 0.0122
0.2683, 0.0041
0.2602, 0.0041
0.2521, 0.0041
0.2439, 0.0041
0.2358, 0.0041
0.2195, 0.0041
