0.1229, 0.8852
0.1311, 0.8934
0.1394, 0.8934
0.1557, 0.9016
0.1803, 0.9016
0.1967, 0.9098
0.2213, 0.9262
0.2541, 0.9344
0.2787, 0.9426
0.3197, 0.9508
0.3443, 0.9508
0.3688, 0.9590
0.4098, 0.9672
0.4590, 0.9754
0.4918, 0.9836
0.5328, 0.9836
0.5656, 0.9836
0.6066, 1.0000
0.6311, 1.0000
0.6639, 0.9918
0.6803, 0.9918
0.7049, 0.9754
0.7295, 0.9508
0.7623, 0.9016
0.7869, 0.8688
0.7869, 0.8278
0.7705, 0.7541
0.6967, 0.6885
0.5820, 0.6229
0.5000, 0.5820
0.4426, 0.5656
0.4180, 0.5574
0.4016, 0.5492
0.3934, 0.5492
0.3934, 0.5328
0.4016, 0.5164
0.4262, 0.5000
0.4590, 0.4836
0.4918, 0.4672
0.5246, 0.4426
0.5574, 0.4262
0.5984, 0.4180
0.6311, 0.4016
0.6803, 0.3689
0.7213, 0.3524
0.7459, 0.3361
0.7705, 0.3115
0.8033, 0.3033
0.8197, 0.2951
0.8279, 0.2869
0.8361, 0.2787
0.8443, 0.2705
0.8606, 0.2705
0.8606, 0.2623
0.8606, 0.2459
0.8689, 0.2377
0.8689, 0.2295
0.8771, 0.2213
0.8771, 0.2131
0.8771, 0.1967
0.8524, 0.1639
0.8361, 0.1475
0.8033, 0.1229
0.7705, 0.0984
0.7377, 0.0820
0.7049, 0.0656
0.6721, 0.0410
0.6311, 0.0328
0.5984, 0.0246
0.5656, 0.0164
0.5410, 0.0082
0.5246, 0.0082
0.5082, 0.0000
0.5000, 0.0000
0.4918, 0.0000
0.4836, 0.0000
