0.0059, 0.9647
0.0176, 0.9647
0.0294, 0.9765
0.0647, 0.9765
0.0882, 0.9882
0.1235, 1.0000
0.1706, 1.0000
0.2059, 1.0000
0.2882, 1.0000
0.3706, 1.0000
0.4176, 1.0000
0.4765, 1.0000
0.5353, 1.0000
0.5824, 1.0000
0.6412, 0.9882
0.6765, 0.9882
0.7117, 0.9765
0.7471, 0.9765
0.7706, 0.9647
0.7941, 0.9529
0.8059, 0.9529
0.8294, 0.9294
0.8529, 0.9176
0.8647, 0.9059
0.8882, 0.8823
0.9000, 0.8706
0.9235, 0.8588
0.9353, 0.8353
0.9353, 0.8235
0.9470, 0.8117
0.9470, 0.8000
0.9470, 0.7765
0.9470, 0.7529
0.9118, 0.7059
0.8764, 0.6824
0.8176, 0.6588
0.7706, 0.6353
0.6765, 0.6118
0.5824, 0.6000
0.4882, 0.5765
0.4294, 0.5765
0.3470, 0.5529
0.2882, 0.5412
0.2529, 0.5412
0.2412, 0.5294
0.3235, 0.5177
0.5353, 0.4823
0.6294, 0.4471
0.7353, 0.4235
0.8294, 0.4118
0.8882, 0.3882
0.9118, 0.3882
0.9235, 0.3765
0.9353, 0.3530
0.9588, 0.3530
0.9705, 0.3412
0.9705, 0.3294
0.9823, 0.3059
0.9941, 0.2941
0.9941, 0.2589
0.9941, 0.2471
0.9941, 0.2353
0.9941, 0.2235
0.9941, 0.2118
0.9941, 0.1883
0.9823, 0.1883
0.9705, 0.1647
0.9470, 0.1530
0.9235, 0.1412
0.9000, 0.1294
0.8764, 0.1177
0.8412, 0.1177
0.8176, 0.1059
0.7823, 0.0941
0.7471, 0.0941
0.7235, 0.0824
0.6882, 0.0588
0.6412, 0.0588
0.6176, 0.0471
0.5824, 0.0353
0.5353, 0.0353
0.5000, 0.0353
0.4529, 0.0235
0.4294, 0.0235
0.4059, 0.0235
0.3941, 0.0235
0.3824, 0.0118
0.3588, 0.0118
0.3470, 0.0118
0.3353, 0.0118
0.3235, 0.0000
