0.0000, 0.9182
0.0364, 0.9272
0.0727, 0.9363
0.1182, 0.9545
0.2000, 0.9545
0.3273, 0.9545
0.4182, 0.9545
0.4909, 0.9454
0.5455, 0.9363
0.5727, 0.9363
0.6091, 0.9363
0.6273, 0.9272
0.6454, 0.9272
0.6636, 0.9182
0.6909, 0.9182
0.7091, 0.9091
0.7273, 0.9000
0.7455, 0.8909
0.7727, 0.8727
0.7909, 0.8545
0.8000, 0.8363
0.8182, 0.8182
0.8454, 0.7909
0.8545, 0.7727
0.8636, 0.7545
0.8727, 0.7364
0.8818, 0.7182
0.8818, 0.7091
0.8818, 0.6909
0.8818, 0.6818
0.8818, 0.6727
0.8636, 0.6636
0.8273, 0.6454
0.7909, 0.6273
0.7273, 0.6182
0.6636, 0.6182
0.6000, 0.6182
0.5636, 0.6182
0.5091, 0.6182
0.4545, 0.6182
0.4273, 0.6182
0.4000, 0.6182
0.3909, 0.6182
0.3727, 0.6182
0.3636, 0.6182
0.3545, 0.6182
0.3545, 0.6091
0.4000, 0.5909
0.4727, 0.5636
0.5545, 0.5455
0.6273, 0.5273
0.6818, 0.5182
0.7364, 0.4909
0.8000, 0.4727
0.8454, 0.4545
0.8727, 0.4454
0.9091, 0.4182
0.9272, 0.4091
0.9363, 0.4000
0.9454, 0.3909
0.9545, 0.3818
0.9636, 0.3636
0.9818, 0.3364
0.9909, 0.3182
1.0000, 0.2909
1.0000, 0.2545
1.0000, 0.2273
0.9909, 0.1909
0.9727, 0.1727
0.9545, 0.1636
0.9454, 0.1454
0.9182, 0.1364
0.8909, 0.1091
0.8636, 0.1000
0.8454, 0.0909
0.8091, 0.0818
0.7909, 0.0727
0.7727, 0.0727
0.7455, 0.0727
0.7273, 0.0636
0.7000, 0.0455
0.6727, 0.0455
0.6363, 0.0455
0.6000, 0.0455
0.5545, 0.0455
0.5091, 0.0455
0.4818, 0.0455
0.4545, 0.0455
0.4363, 0.0455
0.4182, 0.0455
0.4091, 0.0455
0.4000, 0.0455
0.3909, 0.0455
0.3727, 0.0455
