0.1496, 0.9370
0.1575, 0.9370
0.1732, 0.9370
0.1890, 0.9449
0.2205, 0.9527
0.2441, 0.9606
0.2599, 0.9606
0.2992, 0.9685
0.3307, 0.9764
0.3465, 0.9764
0.3622, 0.9843
0.3937, 0.9843
0.4095, 0.9921
0.4252, 0.9921
0.4410, 0.9921
0.4646, 0.9921
0.4803, 1.0000
0.4961, 1.0000
0.5118, 1.0000
0.5354, 1.0000
0.5512, 1.0000
0.5669, 1.0000
0.5906, 1.0000
0.6063, 1.0000
0.6299, 1.0000
0.6614, 1.0000
0.6850, 0.9921
0.7008, 0.9764
0.7244, 0.9685
0.7401, 0.9606
0.7638, 0.9370
0.7717, 0.9213
0.7953, 0.9055
0.8110, 0.8976
0.8189, 0.8740
0.8189, 0.8583
0.8268, 0.8504
0.8347, 0.8347
0.8347, 0.8110
0.8504, 0.7953
0.8504, 0.7717
0.8504, 0.7480
0.8425, 0.7323
0.8425, 0.7165
0.8347, 0.7008
0.8268, 0.6929
0.8189, 0.6693
0.8032, 0.6536
0.7795, 0.6457
0.7559, 0.6378
0.7401, 0.6299
0.7087, 0.6142
0.6929, 0.6063
0.6693, 0.6063
0.6457, 0.5984
0.6299, 0.5984
0.6063, 0.5906
0.5827, 0.5906
0.5591, 0.5906
0.5433, 0.5827
0.5118, 0.5827
0.5039, 0.5827
0.4961, 0.5827
0.4882, 0.5748
0.4803, 0.5748
0.4724, 0.5748
0.4646, 0.5748
0.4646, 0.5669
0.4488, 0.5669
0.4488, 0.5512
0.4488, 0.5433
0.4567, 0.5354
0.4724, 0.5197
0.4961, 0.5118
0.5276, 0.4882
0.5591, 0.4803
0.5984, 0.4646
0.6378, 0.4488
0.6772, 0.4331
0.7008, 0.4173
0.7244, 0.4016
0.7401, 0.3937
0.7480, 0.3858
0.7559, 0.3701
0.7638, 0.3543
0.7717, 0.3465
0.7874, 0.3386
0.7874, 0.3228
0.7953, 0.3150
0.7953, 0.2913
0.7953, 0.2756
0.7953, 0.2677
0.7953, 0.2520
0.7953, 0.2441
0.7953, 0.2205
0.7795, 0.2047
0.7638, 0.1890
0.7480, 0.1732
0.7323, 0.1417
0.7008, 0.1260
0.6772, 0.1102
0.6693, 0.0866
0.6457, 0.0787
0.6299, 0.0709
0.6142, 0.0551
0.5984, 0.0551
0.5827, 0.0473
0.5748, 0.0315
0.5669, 0.0315
0.5591, 0.0236
0.5512, 0.0158
0.5433, 0.0158
0.5354, 0.0158
0.5354, 0.0079
0.5197, 0.0079
0.5118, 0.0079
0.5118, 0.0000
0.5039, 0.0000
