0.0000, 0.9579
0.0210, 0.9579
0.0842, 0.9579
0.1789, 0.9579
0.2631, 0.9579
0.3473, 0.9579
0.4631, 0.9579
0.5368, 0.9579
0.5895, 0.9579
0.6632, 0.9579
0.7158, 0.9579
0.7579, 0.9579
0.8000, 0.9579
0.8316, 0.9474
0.8631, 0.9474
0.8947, 0.9263
0.9263, 0.9158
0.9474, 0.9053
0.9789, 0.8947
0.9895, 0.8842
0.9895, 0.8737
0.9895, 0.8632
1.0000, 0.8421
1.0000, 0.8211
1.0000, 0.7895
0.9895, 0.7369
0.9579, 0.7053
0.9158, 0.6842
0.8526, 0.6421
0.7789, 0.6211
0.7053, 0.6105
0.6211, 0.6000
0.5579, 0.6000
0.5052, 0.5790
0.4631, 0.5790
0.4210, 0.5790
0.4000, 0.5790
0.3894, 0.5790
0.3789, 0.5790
0.3579, 0.5790
0.3579, 0.5684
0.3579, 0.5579
0.3684, 0.5474
0.3894, 0.5369
0.4210, 0.5158
0.4947, 0.5052
0.5684, 0.4842
0.6316, 0.4737
0.6842, 0.4631
0.7368, 0.4527
0.7789, 0.4316
0.8105, 0.4316
0.8421, 0.4000
0.8526, 0.4000
0.8526, 0.3895
0.8631, 0.3895
0.8631, 0.3789
0.8631, 0.3684
0.8631, 0.3579
0.8842, 0.3474
0.8842, 0.3158
0.8842, 0.3053
0.8737, 0.2737
0.8631, 0.2632
0.8421, 0.2316
0.8105, 0.2000
0.7684, 0.1789
0.7368, 0.1579
0.6842, 0.1368
0.6526, 0.1158
0.6105, 0.1053
0.5684, 0.0947
0.5263, 0.0842
0.5052, 0.0737
0.4737, 0.0737
0.4316, 0.0526
0.4000, 0.0421
0.3579, 0.0421
0.3368, 0.0421
0.3263, 0.0421
0.3158, 0.0421
0.2947, 0.0421
0.2737, 0.0421
0.2631, 0.0421
0.2526, 0.0421
0.2421, 0.0421
0.2316, 0.0421
0.2210, 0.0421
