0.1126, 0.9640
0.1216, 0.9640
0.1487, 0.9640
0.1757, 0.9640
0.2117, 0.9820
0.2477, 0.9820
0.2838, 0.9910
0.3108, 1.0000
0.3468, 1.0000
0.3829, 1.0000
0.4189, 1.0000
0.4549, 1.0000
0.4910, 1.0000
0.5270, 1.0000
0.5540, 1.0000
0.5901, 1.0000
0.6081, 0.9730
0.6261, 0.9730
0.6441, 0.9550
0.6621, 0.9459
0.6712, 0.9369
0.6802, 0.9279
0.6892, 0.9189
0.6892, 0.9009
0.6982, 0.8919
0.6982, 0.8829
0.6982, 0.8649
0.6982, 0.8558
0.6982, 0.8288
0.6982, 0.8198
0.6982, 0.8018
0.6982, 0.7838
0.6982, 0.7657
0.6802, 0.7387
0.6531, 0.7207
0.6441, 0.7027
0.6171, 0.6667
0.5991, 0.6486
0.5631, 0.6306
0.5360, 0.6036
0.5000, 0.5946
0.4820, 0.5856
0.4640, 0.5766
0.4459, 0.5676
0.4279, 0.5676
0.4189, 0.5586
0.4099, 0.5586
0.4009, 0.5586
0.3919, 0.5586
0.3919, 0.5496
0.4099, 0.5315
0.4640, 0.5135
0.5360, 0.4955
0.5991, 0.4775
0.6351, 0.4685
0.6802, 0.4414
0.7072, 0.4324
0.7613, 0.4144
0.7883, 0.4054
0.8243, 0.3964
0.8423, 0.3784
0.8513, 0.3694
0.8603, 0.3694
0.8784, 0.3603
0.8784, 0.3514
0.8874, 0.3423
0.8874, 0.3333
0.8874, 0.3243
0.8874, 0.3063
0.8874, 0.2883
0.8693, 0.2793
0.8513, 0.2613
0.8333, 0.2523
0.8153, 0.2252
0.7793, 0.2072
0.7522, 0.1982
0.6982, 0.1802
0.6441, 0.1532
0.6081, 0.1442
0.5631, 0.1351
0.5360, 0.1261
0.4910, 0.1081
0.4640, 0.0991
0.4369, 0.0991
0.4279, 0.0811
0.4099, 0.0721
0.4009, 0.0721
0.3829, 0.0721
0.3648, 0.0631
0.3559, 0.0541
0.3468, 0.0541
0.3288, 0.0541
0.3198, 0.0450
0.3108, 0.0450
0.3018, 0.0360
0.2838, 0.0360
0.2748, 0.0270
0.2658, 0.0270
0.2567, 0.0090
0.2477, 0.0090
0.2387, 0.0090
0.2387, 0.0000
