0.0000, 0.5411
0.0046, 0.5502
0.0274, 0.5548
0.0502, 0.5639
0.0776, 0.5639
0.1096, 0.5685
0.1324, 0.5685
0.1507, 0.5685
0.1598, 0.5685
0.1735, 0.5685
0.1781, 0.5685
0.1826, 0.5685
0.1872, 0.5685
0.1918, 0.5685
0.1963, 0.5685
0.2009, 0.5685
0.2101, 0.5685
0.2101, 0.5639
0.2101, 0.5594
0.2101, 0.5457
0.2055, 0.5411
0.2055, 0.5320
0.2055, 0.5228
0.2055, 0.5091
0.2009, 0.5046
0.2009, 0.4954
0.2009, 0.4909
0.2009, 0.4863
0.2009, 0.4817
0.2009, 0.4772
0.1963, 0.4680
0.1963, 0.4635
0.1963, 0.4589
0.1963, 0.4543
0.1963, 0.4498
0.1963, 0.4452
0.1963, 0.4406
0.1963, 0.4315
0.1963, 0.4269
0.1963, 0.4224
0.1963, 0.4178
0.1963, 0.4132
0.1963, 0.4087
0.1963, 0.4041
0.1963, 0.3950
0.1963, 0.3904
0.1963, 0.3858
0.1963, 0.3813
0.1963, 0.3767
0.1963, 0.3721
0.1963, 0.3584
0.1963, 0.3539
0.1963, 0.3493
0.1963, 0.3447
0.1963, 0.3402
0.1963, 0.3356
0.1963, 0.3311
0.1963, 0.3265
0.1963, 0.3173
0.2009, 0.3128
0.2009, 0.3082
0.2009, 0.3037
0.2101, 0.3037
0.2101, 0.2991
0.2101, 0.2945
0.2146, 0.2945
0.2146, 0.2900
0.2192, 0.2808
0.2237, 0.2808
0.2237, 0.2762
0.2283, 0.2717
0.2329, 0.2717
0.2329, 0.2671
0.2374, 0.2671
0.2466, 0.2626
0.2511, 0.2626
0.2557, 0.2580
0.2648, 0.2534
0.2740, 0.2443
0.2831, 0.2443
0.2922, 0.2397
0.2968, 0.2397
0.3014, 0.2397
0.3059, 0.2397
0.3105, 0.2397
0.3196, 0.2397
0.3242, 0.2397
0.3288, 0.2397
0.3333, 0.2397
0.3379, 0.2397
0.3425, 0.2489
0.3470, 0.2534
0.3516, 0.2580
0.3607, 0.2580
0.3653, 0.2626
0.3699, 0.2671
0.3744, 0.2717
0.3790, 0.2854
0.3836, 0.2900
0.3836, 0.2945
0.3881, 0.2945
0.3973, 0.3037
0.3973, 0.3082
0.4018, 0.3128
0.4018, 0.3219
0.4064, 0.3311
0.4110, 0.3402
0.4155, 0.3447
0.4155, 0.3539
0.4201, 0.3676
0.4247, 0.3767
0.4338, 0.3813
0.4338, 0.3858
0.4384, 0.3995
0.4429, 0.4041
0.4429, 0.4087
0.4475, 0.4178
0.4521, 0.4224
0.4521, 0.4269
0.4521, 0.4361
0.4566, 0.4406
0.4566, 0.4498
0.4612, 0.4543
0.4703, 0.4589
0.4749, 0.4635
0.4795, 0.4726
0.4795, 0.4772
0.4840, 0.4817
0.4886, 0.4863
0.4886, 0.4909
0.4932, 0.4909
0.4977, 0.4954
0.4977, 0.5000
0.5023, 0.5046
0.5114, 0.5137
0.5160, 0.5183
0.5206, 0.5274
0.5251, 0.5320
0.5297, 0.5365
0.5342, 0.5411
0.5388, 0.5502
0.5479, 0.5548
0.5525, 0.5594
0.5571, 0.5639
0.5617, 0.5685
0.5662, 0.5731
0.5753, 0.5776
0.5845, 0.5868
0.5982, 0.5913
0.6073, 0.6004
0.6210, 0.6096
0.6347, 0.6233
0.6484, 0.6324
0.6667, 0.6370
0.6758, 0.6461
0.6895, 0.6507
0.7078, 0.6644
0.7215, 0.6689
0.7397, 0.6735
0.7534, 0.6781
0.7717, 0.6872
0.7854, 0.6918
0.7991, 0.7055
0.8128, 0.7100
0.8265, 0.7192
0.8356, 0.7237
0.8493, 0.7283
0.8630, 0.7374
0.8722, 0.7374
0.8859, 0.7466
0.8904, 0.7466
0.8995, 0.7511
0.9041, 0.7511
0.9087, 0.7557
0.9133, 0.7557
0.9224, 0.7557
0.9269, 0.7603
0.9315, 0.7603
0.9361, 0.7603
0.9406, 0.7603
0.9452, 0.7603
0.9498, 0.7603
0.9544, 0.7603
0.9635, 0.7603
0.9680, 0.7603
0.9726, 0.7603
0.9772, 0.7603
0.9817, 0.7603
0.9863, 0.7603
0.9909, 0.7603
1.0000, 0.7603
1.0000, 0.7557

0.7443, 0.7100
0.7443, 0.7055
0.7443, 0.6918
0.7489, 0.6826
0.7534, 0.6781
0.7580, 0.6689
0.7626, 0.6598
0.7717, 0.6553
0.7763, 0.6507
0.7808, 0.6461
0.7854, 0.6415
0.7900, 0.6370
0.7945, 0.6370
0.7945, 0.6324
0.7991, 0.6324
0.8037, 0.6279
0.8128, 0.6279
0.8174, 0.6187
0.8219, 0.6187
