0.0000, 0.4901
0.0079, 0.4901
0.0198, 0.4901
0.0357, 0.4901
0.0436, 0.4901
0.0476, 0.4901
0.0516, 0.4901
0.0556, 0.4901
0.0675, 0.4901
0.0754, 0.4901
0.0873, 0.4901
0.0992, 0.4901
0.1071, 0.4901
0.1111, 0.4901
0.1151, 0.4901
0.1230, 0.4901
0.1309, 0.4901
0.1349, 0.4901
0.1349, 0.4861
0.1389, 0.4702
0.1429, 0.4623
0.1468, 0.4464
0.1468, 0.4385
0.1508, 0.4305
0.1508, 0.4187
0.1508, 0.4107
0.1548, 0.3988
0.1627, 0.3869
0.1627, 0.3790
0.1627, 0.3750
0.1667, 0.3671
0.1706, 0.3551
0.1706, 0.3472
0.1746, 0.3393
0.1786, 0.3353
0.1825, 0.3274
0.1865, 0.3155
0.1944, 0.3115
0.1984, 0.3075
0.2024, 0.2996
0.2063, 0.2996
0.2103, 0.2956
0.2143, 0.2877
0.2222, 0.2837
0.2341, 0.2798
0.2460, 0.2718
0.2619, 0.2679
0.2817, 0.2639
0.3056, 0.2560
0.3254, 0.2560
0.3373, 0.2560
0.3492, 0.2560
0.3690, 0.2560
0.3770, 0.2560
0.3929, 0.2599
0.4048, 0.2639
0.4127, 0.2718
0.4246, 0.2798
0.4325, 0.2917
0.4405, 0.2996
0.4444, 0.3075
0.4563, 0.3274
0.4603, 0.3393
0.4643, 0.3512
0.4682, 0.3671
0.4722, 0.3790
0.4722, 0.3948
0.4762, 0.4067
0.4762, 0.4226
0.4802, 0.4345
0.4841, 0.4544
0.4841, 0.4702
0.4921, 0.4940
0.4960, 0.5060
0.5000, 0.5258
0.5040, 0.5377
0.5079, 0.5456
0.5119, 0.5575
0.5159, 0.5694
0.5238, 0.5774
0.5238, 0.5853
0.5317, 0.5933
0.5357, 0.6051
0.5397, 0.6091
0.5436, 0.6131
0.5556, 0.6250
0.5635, 0.6329
0.5714, 0.6369
0.5833, 0.6448
0.5992, 0.6567
0.6151, 0.6647
0.6349, 0.6726
0.6468, 0.6845
0.6627, 0.6885
0.6746, 0.6964
0.6984, 0.7044
0.7143, 0.7163
0.7341, 0.7242
0.7460, 0.7282
0.7579, 0.7321
0.7659, 0.7361
0.7738, 0.7361
0.7857, 0.7401
0.7976, 0.7401
0.8056, 0.7441
0.8214, 0.7441
0.8333, 0.7441
0.8452, 0.7441
0.8571, 0.7441
0.8651, 0.7441
0.8730, 0.7441
0.8889, 0.7441
0.9008, 0.7441
0.9087, 0.7441
0.9246, 0.7441
0.9325, 0.7401
0.9484, 0.7361
0.9603, 0.7321
0.9682, 0.7242
0.9841, 0.7202
0.9881, 0.7202
0.9921, 0.7123
0.9960, 0.7123
1.0000, 0.7123

0.6429, 0.6964
0.6587, 0.6647
0.6865, 0.6369
0.7024, 0.6250
0.7143, 0.6131
0.7262, 0.6051
0.7302, 0.6012
0.7381, 0.5972
0.7421, 0.5893
0.7421, 0.5814
0.7460, 0.5774
0.7540, 0.5734
0.7579, 0.5694
0.7579, 0.5655
0.7619, 0.5615
