1.0000, 0.6512
1.0000, 0.6550
1.0000, 0.6589
1.0000, 0.6628
0.9922, 0.6628
0.9922, 0.6667
0.9884, 0.6705
0.9845, 0.6705
0.9806, 0.6744
0.9767, 0.6822
0.9690, 0.6899
0.9651, 0.6899
0.9574, 0.6938
0.9535, 0.6938
0.9457, 0.7015
0.9419, 0.7015
0.9380, 0.7015
0.9341, 0.7054
0.9264, 0.7054
0.9147, 0.7093
0.9070, 0.7093
0.8953, 0.7171
0.8915, 0.7171
0.8876, 0.7171
0.8837, 0.7171
0.8798, 0.7209
0.8760, 0.7209
0.8721, 0.7209
0.8682, 0.7209
0.8605, 0.7209
0.8566, 0.7209
0.8527, 0.7248
0.8488, 0.7248
0.8450, 0.7248
0.8411, 0.7248
0.8372, 0.7248
0.8295, 0.7248
0.8217, 0.7248
0.8178, 0.7248
0.8139, 0.7248
0.8062, 0.7248
0.7946, 0.7248
0.7907, 0.7248
0.7868, 0.7248
0.7829, 0.7248
0.7791, 0.7248
0.7674, 0.7209
0.7636, 0.7132
0.7597, 0.7132
0.7519, 0.7132
0.7481, 0.7093
0.7442, 0.7054
0.7403, 0.7054
0.7287, 0.7015
0.7248, 0.7015
0.7209, 0.6977
0.7171, 0.6977
0.7132, 0.6938
0.7093, 0.6899
0.7016, 0.6899
0.6977, 0.6860
0.6938, 0.6783
0.6899, 0.6783
0.6822, 0.6744
0.6783, 0.6705
0.6667, 0.6667
0.6589, 0.6628
0.6550, 0.6589
0.6473, 0.6473
0.6357, 0.6434
0.6279, 0.6395
0.6240, 0.6357
0.6202, 0.6318
0.6124, 0.6279
0.6008, 0.6163
0.5969, 0.6124
0.5930, 0.6085
0.5853, 0.6047
0.5814, 0.5969
0.5736, 0.5930
0.5659, 0.5814
0.5620, 0.5736
0.5543, 0.5659
0.5504, 0.5581
0.5388, 0.5465
0.5349, 0.5388
0.5310, 0.5349
0.5271, 0.5271
0.5233, 0.5116
0.5194, 0.5039
0.5116, 0.4961
0.5078, 0.4845
0.5078, 0.4729
0.5039, 0.4651
0.5000, 0.4535
0.5000, 0.4419
0.4961, 0.4341
0.4961, 0.4225
0.4922, 0.4147
0.4922, 0.4070
0.4884, 0.3992
0.4884, 0.3876
0.4884, 0.3798
0.4845, 0.3760
0.4767, 0.3682
0.4767, 0.3566
0.4729, 0.3527
0.4690, 0.3450
0.4651, 0.3372
0.4612, 0.3295
0.4574, 0.3217
0.4535, 0.3178
0.4419, 0.3101
0.4341, 0.3062
0.4264, 0.3023
0.4225, 0.2946
0.4147, 0.2907
0.4070, 0.2907
0.3992, 0.2868
0.3915, 0.2868
0.3760, 0.2829
0.3605, 0.2791
0.3450, 0.2752
0.3372, 0.2752
0.3295, 0.2752
0.3256, 0.2752
0.3178, 0.2752
0.3140, 0.2752
0.3101, 0.2752
0.3062, 0.2752
0.3023, 0.2752
0.2984, 0.2752
0.2946, 0.2752
0.2868, 0.2752
0.2791, 0.2752
0.2713, 0.2752
0.2674, 0.2791
0.2636, 0.2791
0.2519, 0.2791
0.2481, 0.2829
0.2442, 0.2868
0.2364, 0.2868
0.2326, 0.2907
0.2209, 0.2985
0.2171, 0.3023
0.2093, 0.3062
0.2054, 0.3101
0.2016, 0.3140
0.1977, 0.3217
0.1899, 0.3256
0.1860, 0.3333
0.1822, 0.3372
0.1783, 0.3372
0.1744, 0.3411
0.1744, 0.3450
0.1705, 0.3527
0.1667, 0.3566
0.1589, 0.3643
0.1589, 0.3721
0.1550, 0.3760
0.1550, 0.3837
0.1550, 0.3953
0.1550, 0.3992
0.1512, 0.4031
0.1512, 0.4109
0.1512, 0.4186
0.1512, 0.4264
0.1512, 0.4341
0.1512, 0.4380
0.1512, 0.4419
0.1512, 0.4496
0.1550, 0.4535
0.1550, 0.4651
0.1628, 0.4729
0.1667, 0.4767
0.1667, 0.4806
0.1705, 0.4922
0.1744, 0.4961
0.1744, 0.5000
0.1783, 0.5039
0.1822, 0.5078
0.1822, 0.5116
0.1667, 0.5155
0.1395, 0.5233
0.1163, 0.5233
0.1047, 0.5271
0.0891, 0.5271
0.0814, 0.5271
0.0736, 0.5310
0.0620, 0.5310
0.0581, 0.5310
0.0543, 0.5310
0.0504, 0.5310
0.0465, 0.5310
0.0426, 0.5310
0.0388, 0.5310
0.0310, 0.5310
0.0271, 0.5310
0.0233, 0.5310
0.0194, 0.5310
0.0155, 0.5310
0.0116, 0.5310
0.0078, 0.5310
0.0000, 0.5310

0.6977, 0.6628
0.7093, 0.6395
0.7171, 0.6279
0.7171, 0.6202
0.7248, 0.6124
0.7248, 0.6008
0.7326, 0.5930
0.7326, 0.5891
0.7403, 0.5853
0.7442, 0.5853
