1.0000, 0.7143
0.9952, 0.7143
0.9905, 0.7143
0.9857, 0.7143
0.9762, 0.7143
0.9714, 0.7190
0.9619, 0.7190
0.9524, 0.7286
0.9476, 0.7286
0.9381, 0.7286
0.9333, 0.7286
0.9238, 0.7286
0.9191, 0.7333
0.9143, 0.7333
0.9095, 0.7333
0.9048, 0.7333
0.9000, 0.7333
0.8952, 0.7333
0.8857, 0.7333
0.8810, 0.7333
0.8714, 0.7333
0.8667, 0.7333
0.8619, 0.7333
0.8571, 0.7333
0.8524, 0.7333
0.8429, 0.7333
0.8381, 0.7333
0.8333, 0.7333
0.8286, 0.7333
0.8238, 0.7333
0.8191, 0.7333
0.8143, 0.7333
0.8048, 0.7333
0.8048, 0.7238
0.8000, 0.7238
0.7952, 0.7190
0.7905, 0.7190
0.7857, 0.7190
0.7809, 0.7143
0.7809, 0.7095
0.7762, 0.7095
0.7667, 0.7095
0.7667, 0.7048
0.7619, 0.7000
0.7572, 0.7000
0.7524, 0.6952
0.7476, 0.6857
0.7476, 0.6810
0.7429, 0.6810
0.7381, 0.6762
0.7381, 0.6714
0.7333, 0.6714
0.7238, 0.6619
0.7190, 0.6571
0.7143, 0.6476
0.7095, 0.6429
0.7048, 0.6333
0.7048, 0.6286
0.7000, 0.6238
0.6952, 0.6095
0.6857, 0.6048
0.6857, 0.6000
0.6810, 0.5905
0.6762, 0.5905
0.6762, 0.5810
0.6714, 0.5762
0.6714, 0.5667
0.6667, 0.5619
0.6619, 0.5571
0.6571, 0.5524
0.6571, 0.5476
0.6476, 0.5429
0.6476, 0.5381
0.6429, 0.5286
0.6381, 0.5238
0.6381, 0.5191
0.6333, 0.5143
0.6333, 0.5095
0.6286, 0.5048
0.6238, 0.5000
0.6238, 0.4905
0.6190, 0.4857
0.6190, 0.4809
0.6095, 0.4809
0.6095, 0.4762
0.6095, 0.4714
0.6048, 0.4714
0.6000, 0.4667
0.6000, 0.4619
0.6000, 0.4524
0.5952, 0.4476
0.5905, 0.4429
0.5905, 0.4381
0.5857, 0.4333
0.5810, 0.4333
0.5810, 0.4238
0.5762, 0.4190
0.5667, 0.4095
0.5619, 0.4048
0.5571, 0.3952
0.5476, 0.3857
0.5476, 0.3810
0.5381, 0.3714
0.5286, 0.3619
0.5191, 0.3524
0.5143, 0.3476
0.5095, 0.3333
0.5000, 0.3286
0.4905, 0.3238
0.4857, 0.3190
0.4762, 0.3143
0.4714, 0.3095
0.4667, 0.3048
0.4619, 0.3048
0.4524, 0.2952
0.4476, 0.2905
0.4429, 0.2857
0.4381, 0.2857
0.4333, 0.2857
0.4286, 0.2810
0.4238, 0.2762
0.4190, 0.2762
0.4095, 0.2714
0.4048, 0.2714
0.4000, 0.2714
0.4000, 0.2667
0.3952, 0.2667
0.3905, 0.2667
0.3857, 0.2667
0.3810, 0.2667
0.3667, 0.2667
0.3571, 0.2667
0.3476, 0.2667
0.3333, 0.2667
0.3286, 0.2714
0.3190, 0.2762
0.3095, 0.2810
0.3048, 0.2857
0.2952, 0.2905
0.2857, 0.3048
0.2762, 0.3048
0.2762, 0.3143
0.2714, 0.3190
0.2619, 0.3238
0.2619, 0.3286
0.2524, 0.3429
0.2476, 0.3476
0.2429, 0.3524
0.2429, 0.3571
0.2381, 0.3619
0.2381, 0.3667
0.2381, 0.3762
0.2333, 0.3810
0.2333, 0.3857
0.2333, 0.3905
0.2286, 0.3952
0.2286, 0.4000
0.2286, 0.4048
0.2286, 0.4143
0.2286, 0.4190
0.2286, 0.4286
0.2286, 0.4333
0.2286, 0.4381
0.2286, 0.4429
0.2286, 0.4476
0.2286, 0.4572
0.2286, 0.4619
0.2286, 0.4667
0.2286, 0.4714
0.2286, 0.4762
0.2286, 0.4809
0.2286, 0.4857
0.2286, 0.4952
0.2333, 0.5048
0.2333, 0.5143
0.2381, 0.5238
0.2429, 0.5333
0.2429, 0.5381
0.2429, 0.5429
0.2476, 0.5476
0.2476, 0.5571
0.2571, 0.5619
0.2571, 0.5714
0.2619, 0.5762
0.2619, 0.5810
0.2619, 0.5857
0.2667, 0.5905
0.2667, 0.5952
0.2667, 0.6000
0.2714, 0.6048
0.2714, 0.6143
0.2714, 0.6190
0.2714, 0.6238
0.2714, 0.6286
0.2714, 0.6333
0.2762, 0.6333
0.2762, 0.6381
0.2762, 0.6429
0.2762, 0.6524
0.2714, 0.6571
0.2524, 0.6571
0.2333, 0.6619
0.2143, 0.6619
0.1952, 0.6667
0.1857, 0.6667
0.1667, 0.6667
0.1524, 0.6667
0.1333, 0.6714
0.1143, 0.6714
0.0952, 0.6714
0.0762, 0.6714
0.0571, 0.6714
0.0429, 0.6714
0.0333, 0.6762
0.0143, 0.6762
0.0095, 0.6762
0.0048, 0.6762
0.0000, 0.6762
0.0000, 0.6810
0.0095, 0.6810
0.0143, 0.6810
0.0238, 0.6905

0.7143, 0.5952
0.7190, 0.5952
0.7190, 0.5905
0.7190, 0.5857
0.7286, 0.5857
0.7286, 0.5810
0.7286, 0.5762
0.7286, 0.5667
0.7333, 0.5619
0.7333, 0.5571
0.7381, 0.5524
0.7381, 0.5476
0.7381, 0.5429
0.7429, 0.5381
0.7476, 0.5286
0.7476, 0.5238
0.7524, 0.5191
0.7572, 0.5143
0.7572, 0.5095
0.7619, 0.5095
0.7714, 0.5048
