1.0000, 0.6940
0.9957, 0.6940
0.9914, 0.6983
0.9828, 0.6983
0.9784, 0.6983
0.9741, 0.6983
0.9698, 0.6983
0.9612, 0.7026
0.9569, 0.7026
0.9440, 0.7026
0.9354, 0.7026
0.9267, 0.7026
0.9181, 0.7026
0.9052, 0.7026
0.8966, 0.7026
0.8836, 0.7026
0.8707, 0.7026
0.8578, 0.7026
0.8405, 0.7026
0.8319, 0.7026
0.8233, 0.7026
0.8103, 0.7026
0.7974, 0.6983
0.7888, 0.6983
0.7845, 0.6983
0.7759, 0.6940
0.7672, 0.6940
0.7629, 0.6940
0.7543, 0.6940
0.7500, 0.6853
0.7457, 0.6853
0.7414, 0.6810
0.7328, 0.6810
0.7284, 0.6810
0.7241, 0.6810
0.7155, 0.6767
0.7112, 0.6767
0.7069, 0.6767
0.7026, 0.6724
0.6940, 0.6724
0.6897, 0.6724
0.6897, 0.6681
0.6810, 0.6681
0.6767, 0.6681
0.6724, 0.6638
0.6681, 0.6638
0.6595, 0.6595
0.6552, 0.6595
0.6509, 0.6509
0.6466, 0.6509
0.6422, 0.6466
0.6379, 0.6422
0.6336, 0.6379
0.6207, 0.6379
0.6164, 0.6336
0.6078, 0.6293
0.6035, 0.6164
0.5905, 0.6164
0.5819, 0.6078
0.5776, 0.6034
0.5690, 0.5991
0.5647, 0.5948
0.5517, 0.5905
0.5474, 0.5819
0.5388, 0.5776
0.5345, 0.5690
0.5259, 0.5647
0.5172, 0.5604
0.5086, 0.5560
0.5043, 0.5431
0.5000, 0.5388
0.4914, 0.5345
0.4828, 0.5259
0.4784, 0.5172
0.4741, 0.5086
0.4698, 0.5043
0.4612, 0.4957
0.4569, 0.4871
0.4483, 0.4741
0.4440, 0.4698
0.4397, 0.4655
0.4353, 0.4569
0.4310, 0.4526
0.4267, 0.4397
0.4267, 0.4353
0.4224, 0.4267
0.4181, 0.4181
0.4095, 0.4138
0.4095, 0.4009
0.4052, 0.3966
0.4009, 0.3922
0.4009, 0.3836
0.3965, 0.3793
0.3965, 0.3750
0.3922, 0.3664
0.3922, 0.3621
0.3922, 0.3578
0.3879, 0.3534
0.3879, 0.3491
0.3836, 0.3491
0.3836, 0.3448
0.3836, 0.3405
0.3750, 0.3319
0.3707, 0.3276
0.3664, 0.3233
0.3664, 0.3190
0.3621, 0.3190
0.3578, 0.3147
0.3578, 0.3103
0.3535, 0.3103
0.3491, 0.3060
0.3405, 0.3060
0.3405, 0.2974
0.3362, 0.2974
0.3319, 0.2974
0.3147, 0.3103
0.2974, 0.3190
0.2888, 0.3276
0.2759, 0.3405
0.2629, 0.3448
0.2586, 0.3491
0.2500, 0.3578
0.2457, 0.3621
0.2414, 0.3707
0.2328, 0.3750
0.2284, 0.3793
0.2198, 0.3879
0.2112, 0.3922
0.2112, 0.4052
0.1983, 0.4095
0.1983, 0.4181
0.1897, 0.4224
0.1897, 0.4310
0.1853, 0.4440
0.1810, 0.4526
0.1810, 0.4569
0.1724, 0.4655
0.1724, 0.4785
0.1638, 0.4871
0.1595, 0.4957
0.1595, 0.5000
0.1595, 0.5043
0.1552, 0.5172
0.1509, 0.5259
0.1465, 0.5302
0.1465, 0.5388
0.1422, 0.5517
0.1379, 0.5604
0.1379, 0.5690
0.1336, 0.5733
0.1250, 0.5862
0.1207, 0.5905
0.1207, 0.5948
0.1164, 0.5991
0.1121, 0.6034
0.1121, 0.6078
0.1078, 0.6121
0.1035, 0.6121
0.0991, 0.6121
0.0905, 0.6121
0.0819, 0.6121
0.0776, 0.6121
0.0690, 0.6121
0.0647, 0.6121
0.0560, 0.6121
0.0517, 0.6121
0.0474, 0.6121
0.0431, 0.6121
0.0388, 0.6078
0.0345, 0.6078
0.0302, 0.6078
0.0216, 0.6078
0.0216, 0.6034
0.0172, 0.6034
0.0129, 0.6034
0.0086, 0.6034
0.0043, 0.5991
0.0000, 0.5991
0.0000, 0.5948

0.5819, 0.6293
0.5905, 0.6293
0.5948, 0.6293
0.5991, 0.6293
0.6035, 0.6293
0.6078, 0.6293
0.6121, 0.6250
0.6164, 0.6164
0.6293, 0.6121
0.6336, 0.6034
0.6379, 0.5991
0.6422, 0.5948
0.6466, 0.5905
0.6509, 0.5819
0.6595, 0.5776
0.6638, 0.5733
0.6681, 0.5733
0.6724, 0.5690
0.6767, 0.5647
0.6810, 0.5604
0.6854, 0.5560
0.6940, 0.5517
0.6983, 0.5517
0.7026, 0.5431
0.7069, 0.5431
0.7069, 0.5388
0.7112, 0.5388
