0.0000, 0.5355
0.0142, 0.5450
0.0284, 0.5450
0.0427, 0.5498
0.0711, 0.5498
0.0995, 0.5498
0.1185, 0.5498
0.1422, 0.5498
0.1611, 0.5545
0.1801, 0.5545
0.1896, 0.5545
0.2085, 0.5545
0.2133, 0.5545
0.2180, 0.5545
0.2275, 0.5545
0.2275, 0.5498
0.2322, 0.5355
0.2370, 0.5166
0.2417, 0.4976
0.2417, 0.4787
0.2512, 0.4597
0.2512, 0.4502
0.2512, 0.4360
0.2512, 0.4171
0.2512, 0.4029
0.2512, 0.3934
0.2512, 0.3792
0.2512, 0.3649
0.2512, 0.3602
0.2512, 0.3507
0.2512, 0.3365
0.2512, 0.3318
0.2512, 0.3270
0.2512, 0.3223
0.2512, 0.3175
0.2559, 0.3128
0.2559, 0.3033
0.2559, 0.2986
0.2559, 0.2938
0.2607, 0.2891
0.2607, 0.2844
0.2607, 0.2796
0.2607, 0.2749
0.2654, 0.2749
0.2654, 0.2654
0.2702, 0.2607
0.2702, 0.2559
0.2749, 0.2559
0.2749, 0.2512
0.2796, 0.2512
0.2939, 0.2512
0.3128, 0.2464
0.3365, 0.2464
0.3555, 0.2464
0.3744, 0.2464
0.3886, 0.2464
0.4076, 0.2464
0.4171, 0.2464
0.4218, 0.2512
0.4313, 0.2559
0.4360, 0.2607
0.4502, 0.2607
0.4550, 0.2701
0.4645, 0.2749
0.4692, 0.2796
0.4834, 0.2844
0.4882, 0.2891
0.4929, 0.2938
0.5024, 0.3081
0.5071, 0.3128
0.5118, 0.3175
0.5166, 0.3223
0.5261, 0.3270
0.5308, 0.3318
0.5355, 0.3460
0.5403, 0.3555
0.5450, 0.3649
0.5498, 0.3744
0.5545, 0.3886
0.5640, 0.3981
0.5687, 0.4123
0.5782, 0.4313
0.5829, 0.4408
0.5877, 0.4550
0.5924, 0.4692
0.6019, 0.4787
0.6066, 0.4882
0.6066, 0.5024
0.6114, 0.5166
0.6161, 0.5261
0.6256, 0.5450
0.6256, 0.5545
0.6398, 0.5640
0.6446, 0.5735
0.6493, 0.5877
0.6540, 0.5924
0.6588, 0.6019
0.6635, 0.6066
0.6683, 0.6114
0.6825, 0.6256
0.6825, 0.6303
0.6920, 0.6398
0.6967, 0.6445
0.7014, 0.6493
0.7109, 0.6588
0.7204, 0.6682
0.7251, 0.6730
0.7299, 0.6730
0.7346, 0.6825
0.7441, 0.6825
0.7488, 0.6872
0.7583, 0.6919
0.7630, 0.6919
0.7678, 0.7062
0.7773, 0.7062
0.7820, 0.7109
0.7867, 0.7156
0.8010, 0.7156
0.8057, 0.7204
0.8104, 0.7251
0.8199, 0.7251
0.8247, 0.7299
0.8294, 0.7299
0.8294, 0.7393
0.8436, 0.7393
0.8436, 0.7441
0.8484, 0.7441
0.8531, 0.7441
0.8578, 0.7441
0.8626, 0.7488
0.8673, 0.7488
0.8768, 0.7488
0.8815, 0.7536
0.8863, 0.7536
0.8910, 0.7536
0.8957, 0.7536
0.9005, 0.7536
0.9052, 0.7536
0.9147, 0.7536
0.9194, 0.7536
0.9242, 0.7488
0.9337, 0.7346
0.9384, 0.7251
0.9431, 0.7204
0.9526, 0.7109
0.9621, 0.7062
0.9621, 0.6919
0.9716, 0.6919
0.9716, 0.6825
0.9763, 0.6825
0.9810, 0.6777
0.9810, 0.6730
0.9858, 0.6730
0.9953, 0.6682
0.9953, 0.6635
1.0000, 0.6635
1.0000, 0.6540

0.6635, 0.6351
0.6635, 0.6303
0.6730, 0.6114
0.6872, 0.5971
0.6967, 0.5877
0.7062, 0.5735
0.7204, 0.5640
0.7299, 0.5592
0.7393, 0.5545
0.7441, 0.5403
0.7488, 0.5355
0.7583, 0.5355
0.7630, 0.5308
0.7678, 0.5261
0.7773, 0.5261
0.7773, 0.5213
0.7820, 0.5166
0.7867, 0.5166
0.7867, 0.5118
0.7867, 0.5071
0.7962, 0.5071
0.8010, 0.4976
