0.0000, 0.4257
0.0040, 0.4257
0.0120, 0.4257
0.0241, 0.4257
0.0402, 0.4257
0.0602, 0.4297
0.0763, 0.4297
0.1004, 0.4337
0.1205, 0.4337
0.1365, 0.4337
0.1526, 0.4377
0.1687, 0.4377
0.1888, 0.4418
0.2008, 0.4418
0.2088, 0.4418
0.2209, 0.4498
0.2249, 0.4498
0.2289, 0.4498
0.2329, 0.4498
0.2369, 0.4498
0.2410, 0.4498
0.2410, 0.4458
0.2410, 0.4377
0.2410, 0.4137
0.2410, 0.4056
0.2410, 0.3936
0.2410, 0.3855
0.2410, 0.3695
0.2410, 0.3615
0.2410, 0.3534
0.2410, 0.3414
0.2410, 0.3374
0.2410, 0.3293
0.2410, 0.3253
0.2410, 0.3213
0.2410, 0.3092
0.2410, 0.3052
0.2410, 0.3012
0.2410, 0.2932
0.2490, 0.2932
0.2490, 0.2811
0.2530, 0.2771
0.2530, 0.2731
0.2570, 0.2731
0.2570, 0.2691
0.2610, 0.2651
0.2651, 0.2610
0.2691, 0.2610
0.2691, 0.2570
0.2731, 0.2570
0.2771, 0.2530
0.2851, 0.2530
0.2892, 0.2530
0.2932, 0.2450
0.3012, 0.2450
0.3092, 0.2410
0.3213, 0.2410
0.3293, 0.2410
0.3373, 0.2410
0.3494, 0.2410
0.3574, 0.2410
0.3655, 0.2410
0.3735, 0.2410
0.3895, 0.2410
0.3976, 0.2410
0.4096, 0.2410
0.4217, 0.2410
0.4337, 0.2410
0.4418, 0.2410
0.4538, 0.2410
0.4578, 0.2410
0.4659, 0.2410
0.4739, 0.2410
0.4859, 0.2490
0.4900, 0.2490
0.4940, 0.2530
0.5020, 0.2530
0.5060, 0.2530
0.5181, 0.2570
0.5221, 0.2610
0.5301, 0.2651
0.5422, 0.2691
0.5542, 0.2771
0.5622, 0.2851
0.5703, 0.2932
0.5743, 0.2972
0.5823, 0.3052
0.5904, 0.3092
0.5904, 0.3213
0.5984, 0.3293
0.6024, 0.3374
0.6064, 0.3414
0.6145, 0.3534
0.6185, 0.3615
0.6225, 0.3735
0.6265, 0.3855
0.6345, 0.3936
0.6345, 0.4016
0.6466, 0.4177
0.6466, 0.4297
0.6546, 0.4377
0.6586, 0.4538
0.6626, 0.4618
0.6667, 0.4699
0.6707, 0.4859
0.6747, 0.4980
0.6867, 0.5141
0.6908, 0.5261
0.6948, 0.5382
0.6988, 0.5542
0.7068, 0.5622
0.7148, 0.5743
0.7189, 0.5904
0.7229, 0.5984
0.7269, 0.6064
0.7309, 0.6225
0.7349, 0.6305
0.7470, 0.6466
0.7510, 0.6546
0.7590, 0.6626
0.7631, 0.6707
0.7711, 0.6827
0.7871, 0.6908
0.7992, 0.6988
0.8072, 0.7108
0.8193, 0.7108
0.8273, 0.7189
0.8353, 0.7229
0.8514, 0.7269
0.8594, 0.7309
0.8675, 0.7349
0.8795, 0.7430
0.8875, 0.7470
0.8956, 0.7510
0.8996, 0.7510
0.9076, 0.7550
0.9197, 0.7550
0.9237, 0.7590
0.9317, 0.7590
0.9357, 0.7590
0.9398, 0.7590
0.9518, 0.7590
0.9558, 0.7590
0.9598, 0.7590
0.9679, 0.7590
0.9799, 0.7590
0.9839, 0.7590
0.9879, 0.7590
0.9920, 0.7590
0.9960, 0.7590
1.0000, 0.7590
1.0000, 0.7550
1.0000, 0.7349
1.0000, 0.7309

0.7952, 0.6667
0.7952, 0.6626
0.7952, 0.6586
0.7912, 0.6506
0.7912, 0.6385
0.7912, 0.6265
0.7912, 0.6145
0.7912, 0.5944
0.7952, 0.5823
0.8032, 0.5663
0.8153, 0.5542
0.8233, 0.5382
0.8273, 0.5301
0.8313, 0.5301
0.8353, 0.5261
0.8394, 0.5221
0.8394, 0.5181
