0.9953, 0.6080
1.0000, 0.6080
1.0000, 0.6127
1.0000, 0.6221
1.0000, 0.6268
1.0000, 0.6315
1.0000, 0.6409
1.0000, 0.6455
1.0000, 0.6502
1.0000, 0.6549
0.9906, 0.6596
0.9859, 0.6643
0.9812, 0.6690
0.9718, 0.6690
0.9624, 0.6784
0.9437, 0.6878
0.9296, 0.6925
0.9202, 0.6972
0.9014, 0.6972
0.8920, 0.7019
0.8826, 0.7066
0.8639, 0.7160
0.8498, 0.7207
0.8357, 0.7207
0.8263, 0.7254
0.8122, 0.7254
0.7934, 0.7254
0.7840, 0.7254
0.7700, 0.7300
0.7559, 0.7300
0.7465, 0.7300
0.7418, 0.7300
0.7371, 0.7300
0.7324, 0.7300
0.7277, 0.7300
0.7183, 0.7300
0.7136, 0.7300
0.7042, 0.7300
0.6948, 0.7300
0.6807, 0.7300
0.6714, 0.7300
0.6573, 0.7300
0.6479, 0.7300
0.6385, 0.7254
0.6291, 0.7254
0.6244, 0.7254
0.6197, 0.7254
0.6103, 0.7207
0.6009, 0.7113
0.5916, 0.7066
0.5775, 0.6972
0.5634, 0.6831
0.5493, 0.6690
0.5399, 0.6549
0.5258, 0.6362
0.5117, 0.6174
0.5023, 0.5939
0.4930, 0.5751
0.4789, 0.5563
0.4742, 0.5376
0.4601, 0.5141
0.4554, 0.5000
0.4413, 0.4812
0.4366, 0.4671
0.4272, 0.4531
0.4225, 0.4390
0.4178, 0.4249
0.4084, 0.4155
0.4038, 0.3967
0.4038, 0.3873
0.3991, 0.3639
0.3944, 0.3545
0.3944, 0.3451
0.3944, 0.3263
0.3897, 0.3169
0.3850, 0.3075
0.3850, 0.3028
0.3803, 0.2981
0.3803, 0.2934
0.3803, 0.2840
0.3709, 0.2793
0.3709, 0.2747
0.3662, 0.2747
0.3662, 0.2700
0.3615, 0.2700
0.3521, 0.2747
0.3286, 0.3028
0.3052, 0.3404
0.2864, 0.3592
0.2770, 0.3826
0.2676, 0.3967
0.2535, 0.4202
0.2488, 0.4296
0.2441, 0.4531
0.2394, 0.4624
0.2347, 0.4718
0.2300, 0.4906
0.2253, 0.5000
0.2160, 0.5141
0.2113, 0.5282
0.2066, 0.5376
0.2019, 0.5517
0.1972, 0.5657
0.1925, 0.5798
0.1878, 0.5986
0.1737, 0.6127
0.1690, 0.6268
0.1643, 0.6455
0.1596, 0.6502
0.1549, 0.6549
0.1549, 0.6643
0.1502, 0.6690
0.1455, 0.6784
0.1455, 0.6831
0.1361, 0.6878
0.1314, 0.6925
0.1314, 0.6972
0.1268, 0.6972
0.1268, 0.7019
0.1221, 0.7066
0.1174, 0.7066
0.1127, 0.7066
0.1080, 0.7066
0.0939, 0.7066
0.0892, 0.7066
0.0845, 0.7019
0.0798, 0.7019
0.0751, 0.6972
0.0704, 0.6972
0.0610, 0.6925
0.0563, 0.6925
0.0516, 0.6925
0.0516, 0.6878
0.0469, 0.6878
0.0469, 0.6831
0.0423, 0.6831
0.0376, 0.6831
0.0329, 0.6737
0.0282, 0.6690
0.0188, 0.6690
0.0141, 0.6643
0.0094, 0.6643
0.0094, 0.6596
0.0047, 0.6596
0.0047, 0.6549
0.0000, 0.6549

0.5446, 0.5704
0.5540, 0.5704
0.5587, 0.5657
0.5728, 0.5517
0.5916, 0.5423
0.6009, 0.5376
0.6056, 0.5329
0.6150, 0.5282
0.6197, 0.5188
0.6291, 0.5141
0.6385, 0.5094
0.6432, 0.5047
0.6479, 0.5047
0.6479, 0.5000
0.6526, 0.5000
