0.0000, 0.5073
0.0146, 0.5073
0.0243, 0.5073
0.0388, 0.5073
0.0534, 0.5073
0.0631, 0.5073
0.0777, 0.5073
0.0971, 0.5073
0.1068, 0.5073
0.1214, 0.5073
0.1359, 0.5073
0.1456, 0.5073
0.1505, 0.5073
0.1602, 0.5073
0.1699, 0.5073
0.1796, 0.5073
0.1845, 0.5073
0.1893, 0.5073
0.1942, 0.5073
0.1990, 0.5073
0.2039, 0.5073
0.2039, 0.5024
0.2039, 0.4782
0.2039, 0.4539
0.2136, 0.4393
0.2184, 0.4199
0.2184, 0.4053
0.2184, 0.3908
0.2184, 0.3811
0.2184, 0.3714
0.2233, 0.3617
0.2233, 0.3471
0.2233, 0.3422
0.2281, 0.3325
0.2281, 0.3277
0.2281, 0.3180
0.2281, 0.3082
0.2330, 0.3034
0.2330, 0.2937
0.2379, 0.2888
0.2379, 0.2840
0.2379, 0.2791
0.2379, 0.2694
0.2427, 0.2646
0.2427, 0.2597
0.2427, 0.2549
0.2524, 0.2549
0.2524, 0.2500
0.2524, 0.2451
0.2573, 0.2451
0.2573, 0.2403
0.2621, 0.2403
0.2621, 0.2306
0.2621, 0.2257
0.2670, 0.2257
0.2718, 0.2257
0.2816, 0.2257
0.3010, 0.2354
0.3204, 0.2549
0.3398, 0.2597
0.3495, 0.2743
0.3592, 0.2840
0.3738, 0.2937
0.3835, 0.3034
0.3932, 0.3228
0.4029, 0.3325
0.4175, 0.3422
0.4223, 0.3568
0.4272, 0.3714
0.4369, 0.3811
0.4418, 0.3956
0.4563, 0.4102
0.4612, 0.4199
0.4660, 0.4345
0.4709, 0.4442
0.4757, 0.4539
0.4806, 0.4636
0.4903, 0.4782
0.4951, 0.4879
0.4951, 0.4976
0.5049, 0.5170
0.5049, 0.5267
0.5097, 0.5364
0.5146, 0.5461
0.5194, 0.5655
0.5243, 0.5752
0.5340, 0.5850
0.5388, 0.5947
0.5437, 0.6044
0.5485, 0.6141
0.5534, 0.6238
0.5582, 0.6383
0.5728, 0.6481
0.5777, 0.6529
0.5825, 0.6578
0.5922, 0.6675
0.5971, 0.6772
0.6019, 0.6820
0.6165, 0.6869
0.6214, 0.6918
0.6262, 0.6966
0.6359, 0.7015
0.6408, 0.7063
0.6553, 0.7063
0.6650, 0.7209
0.6699, 0.7209
0.6796, 0.7257
0.6942, 0.7306
0.7039, 0.7354
0.7087, 0.7354
0.7184, 0.7403
0.7233, 0.7403
0.7379, 0.7451
0.7476, 0.7451
0.7573, 0.7549
0.7718, 0.7549
0.7767, 0.7597
0.7913, 0.7597
0.8010, 0.7646
0.8155, 0.7694
0.8301, 0.7694
0.8398, 0.7694
0.8544, 0.7694
0.8592, 0.7694
0.8689, 0.7694
0.8786, 0.7694
0.8835, 0.7743
0.8932, 0.7743
0.8981, 0.7743
0.9029, 0.7743
0.9078, 0.7743
0.9126, 0.7743
0.9175, 0.7743
0.9223, 0.7743
0.9320, 0.7743
0.9369, 0.7743
0.9418, 0.7743
0.9466, 0.7743
0.9515, 0.7743
0.9563, 0.7743
0.9612, 0.7743
0.9660, 0.7694
0.9757, 0.7646
0.9806, 0.7597
0.9854, 0.7500
0.9903, 0.7451
0.9951, 0.7403
0.9951, 0.7354
1.0000, 0.7354
1.0000, 0.7306
1.0000, 0.7257
0.9951, 0.7257
0.9951, 0.7209

0.6214, 0.6966
0.6262, 0.6869
0.6359, 0.6675
0.6456, 0.6578
0.6602, 0.6481
0.6650, 0.6432
0.6748, 0.6286
0.6796, 0.6238
0.6845, 0.6189
0.6990, 0.6141
0.7039, 0.6092
0.7039, 0.6044
0.7087, 0.6044
0.7136, 0.6044
0.7184, 0.5995
