1.0000, 0.7055
1.0000, 0.7098
0.9958, 0.7098
0.9958, 0.7140
0.9915, 0.7140
0.9830, 0.7140
0.9788, 0.7140
0.9746, 0.7140
0.9661, 0.7140
0.9576, 0.7140
0.9449, 0.7182
0.9407, 0.7182
0.9322, 0.7182
0.9280, 0.7182
0.9237, 0.7225
0.9152, 0.7225
0.9110, 0.7225
0.9025, 0.7225
0.8983, 0.7225
0.8941, 0.7225
0.8814, 0.7225
0.8771, 0.7225
0.8686, 0.7225
0.8644, 0.7225
0.8602, 0.7225
0.8517, 0.7225
0.8432, 0.7225
0.8390, 0.7225
0.8347, 0.7225
0.8305, 0.7225
0.8263, 0.7225
0.8220, 0.7225
0.8178, 0.7225
0.8093, 0.7225
0.8051, 0.7225
0.8008, 0.7225
0.7966, 0.7225
0.7924, 0.7225
0.7881, 0.7225
0.7839, 0.7225
0.7754, 0.7225
0.7712, 0.7225
0.7669, 0.7225
0.7627, 0.7225
0.7585, 0.7225
0.7542, 0.7182
0.7500, 0.7182
0.7458, 0.7182
0.7373, 0.7182
0.7331, 0.7140
0.7288, 0.7098
0.7246, 0.7098
0.7161, 0.7013
0.7161, 0.6970
0.7034, 0.6970
0.6991, 0.6928
0.6949, 0.6886
0.6864, 0.6843
0.6864, 0.6801
0.6780, 0.6758
0.6695, 0.6758
0.6652, 0.6631
0.6610, 0.6589
0.6568, 0.6547
0.6525, 0.6504
0.6441, 0.6419
0.6356, 0.6377
0.6314, 0.6292
0.6229, 0.6208
0.6186, 0.6123
0.6102, 0.6038
0.5975, 0.5911
0.5932, 0.5826
0.5890, 0.5784
0.5847, 0.5699
0.5763, 0.5572
0.5720, 0.5487
0.5635, 0.5445
0.5593, 0.5360
0.5551, 0.5233
0.5508, 0.5191
0.5508, 0.5106
0.5466, 0.5021
0.5424, 0.4979
0.5424, 0.4852
0.5381, 0.4809
0.5381, 0.4725
0.5297, 0.4725
0.5297, 0.4640
0.5254, 0.4555
0.5254, 0.4513
0.5254, 0.4470
0.5212, 0.4386
0.5212, 0.4343
0.5169, 0.4301
0.5169, 0.4174
0.5127, 0.4131
0.5127, 0.4047
0.5085, 0.4004
0.5085, 0.3919
0.5042, 0.3835
0.5042, 0.3792
0.4958, 0.3708
0.4958, 0.3665
0.4915, 0.3623
0.4915, 0.3581
0.4915, 0.3496
0.4873, 0.3453
0.4873, 0.3411
0.4831, 0.3369
0.4788, 0.3326
0.4746, 0.3284
0.4746, 0.3242
0.4746, 0.3157
0.4703, 0.3115
0.4661, 0.3115
0.4661, 0.3072
0.4576, 0.3030
0.4534, 0.3030
0.4491, 0.2987
0.4491, 0.2945
0.4407, 0.2945
0.4364, 0.2903
0.4322, 0.2818
0.4237, 0.2818
0.4195, 0.2818
0.4152, 0.2818
0.4110, 0.2775
0.4068, 0.2775
0.4025, 0.2775
0.3983, 0.2775
0.3898, 0.2775
0.3856, 0.2775
0.3771, 0.2775
0.3729, 0.2775
0.3644, 0.2775
0.3559, 0.2775
0.3475, 0.2775
0.3432, 0.2860
0.3347, 0.2903
0.3305, 0.2903
0.3178, 0.2945
0.3093, 0.2987
0.3051, 0.3030
0.3008, 0.3072
0.2924, 0.3115
0.2839, 0.3199
0.2797, 0.3284
0.2712, 0.3326
0.2669, 0.3369
0.2627, 0.3411
0.2585, 0.3538
0.2500, 0.3581
0.2458, 0.3623
0.2458, 0.3665
0.2415, 0.3708
0.2373, 0.3750
0.2373, 0.3792
0.2331, 0.3877
0.2288, 0.3962
0.2288, 0.4004
0.2246, 0.4047
0.2246, 0.4089
0.2161, 0.4131
0.2161, 0.4174
0.2161, 0.4259
0.2119, 0.4301
0.2119, 0.4343
0.2076, 0.4386
0.2076, 0.4428
0.2076, 0.4470
0.2076, 0.4513
0.2076, 0.4598
0.2076, 0.4682
0.2076, 0.4725
0.2034, 0.4767
0.2034, 0.4809
0.2034, 0.4852
0.2034, 0.4936
0.2034, 0.4979
0.2034, 0.5021
0.2034, 0.5064
0.2034, 0.5106
0.2034, 0.5148
0.2034, 0.5191
0.2034, 0.5275
0.2034, 0.5318
0.2034, 0.5360
0.2034, 0.5403
0.2034, 0.5445
0.2034, 0.5487
0.2034, 0.5530
0.2034, 0.5572
0.2034, 0.5657
0.2034, 0.5699
0.2034, 0.5742
0.2034, 0.5784
0.1992, 0.5784
0.1907, 0.5784
0.1695, 0.5784
0.1610, 0.5784
0.1398, 0.5784
0.1229, 0.5826
0.1059, 0.5826
0.0932, 0.5826
0.0848, 0.5826
0.0720, 0.5826
0.0593, 0.5826
0.0508, 0.5826
0.0339, 0.5826
0.0254, 0.5826
0.0169, 0.5826
0.0127, 0.5826
0.0042, 0.5826
0.0000, 0.5826
0.0085, 0.5826
0.0169, 0.5869
0.0212, 0.5869

0.6991, 0.6928
0.6991, 0.6886
0.6991, 0.6758
0.6991, 0.6631
0.6991, 0.6547
0.6991, 0.6462
0.6991, 0.6419
0.6991, 0.6377
0.7034, 0.6292
0.7034, 0.6250
