0.0000, 0.4266
0.0169, 0.4266
0.0339, 0.4322
0.0621, 0.4322
0.0904, 0.4379
0.1186, 0.4379
0.1356, 0.4379
0.1638, 0.4435
0.1751, 0.4435
0.1864, 0.4435
0.2034, 0.4435
0.2090, 0.4435
0.2147, 0.4435
0.2147, 0.4492
0.2203, 0.4379
0.2203, 0.4153
0.2260, 0.3927
0.2260, 0.3814
0.2316, 0.3531
0.2316, 0.3418
0.2316, 0.3136
0.2316, 0.2966
0.2316, 0.2740
0.2316, 0.2627
0.2316, 0.2514
0.2316, 0.2401
0.2316, 0.2232
0.2316, 0.2119
0.2316, 0.2062
0.2316, 0.1949
0.2316, 0.1836
0.2316, 0.1780
0.2316, 0.1723
0.2316, 0.1667
0.2316, 0.1610
0.2316, 0.1554
0.2316, 0.1497
0.2316, 0.1384
0.2316, 0.1328
0.2486, 0.1497
0.2599, 0.1667
0.2712, 0.1893
0.2825, 0.2062
0.2994, 0.2345
0.3107, 0.2458
0.3164, 0.2571
0.3277, 0.2684
0.3333, 0.2853
0.3446, 0.2966
0.3503, 0.3023
0.3559, 0.3079
0.3616, 0.3192
0.3672, 0.3362
0.3729, 0.3475
0.3785, 0.3644
0.3898, 0.3814
0.3955, 0.3927
0.3955, 0.4040
0.4011, 0.4096
0.4068, 0.4266
0.4124, 0.4322
0.4181, 0.4435
0.4237, 0.4492
0.4350, 0.4548
0.4407, 0.4718
0.4463, 0.4831
0.4520, 0.4887
0.4576, 0.4944
0.4576, 0.5057
0.4689, 0.5226
0.4689, 0.5339
0.4859, 0.5452
0.4915, 0.5678
0.4915, 0.5735
0.4972, 0.5848
0.5028, 0.5961
0.5085, 0.6130
0.5141, 0.6243
0.5141, 0.6356
0.5198, 0.6526
0.5311, 0.6638
0.5367, 0.6752
0.5424, 0.6865
0.5480, 0.7034
0.5537, 0.7147
0.5650, 0.7317
0.5763, 0.7486
0.5819, 0.7599
0.5932, 0.7712
0.5989, 0.7768
0.6102, 0.7938
0.6215, 0.7994
0.6328, 0.8051
0.6441, 0.8164
0.6610, 0.8164
0.6836, 0.8277
0.6949, 0.8334
0.7062, 0.8446
0.7232, 0.8446
0.7288, 0.8503
0.7458, 0.8503
0.7627, 0.8559
0.7684, 0.8559
0.7853, 0.8616
0.7966, 0.8616
0.8136, 0.8616
0.8249, 0.8616
0.8362, 0.8616
0.8418, 0.8672
0.8475, 0.8672
0.8588, 0.8672
0.8644, 0.8672
0.8757, 0.8672
0.8814, 0.8672
0.8870, 0.8672
0.8927, 0.8672
0.9040, 0.8672
0.9096, 0.8672
0.9153, 0.8672
0.9209, 0.8672
0.9266, 0.8672
0.9322, 0.8616
0.9379, 0.8616
0.9492, 0.8559
0.9548, 0.8503
0.9548, 0.8390
0.9605, 0.8334
0.9661, 0.8334
0.9661, 0.8277
0.9717, 0.8220
0.9774, 0.8220
0.9774, 0.8164
0.9774, 0.8108
0.9831, 0.8108
0.9944, 0.8051
0.9944, 0.7994
0.9944, 0.7882
0.9944, 0.7825
1.0000, 0.7825
1.0000, 0.7768
1.0000, 0.7655
0.9717, 0.7543
0.9548, 0.7373

0.5311, 0.6695
0.5311, 0.6638
0.5367, 0.6412
0.5424, 0.6243
0.5537, 0.6074
0.5650, 0.5848
0.5876, 0.5621
0.6045, 0.5452
0.6158, 0.5339
0.6328, 0.5283
0.6441, 0.5057
0.6554, 0.4887
0.6610, 0.4831
0.6610, 0.4774
