1.0000, 0.7581
1.0000, 0.7628
0.9954, 0.7628
0.9861, 0.7628
0.9767, 0.7628
0.9628, 0.7674
0.9535, 0.7674
0.9442, 0.7674
0.9256, 0.7721
0.9209, 0.7721
0.9116, 0.7721
0.8977, 0.7721
0.8884, 0.7767
0.8791, 0.7767
0.8698, 0.7767
0.8558, 0.7767
0.8465, 0.7767
0.8326, 0.7767
0.8186, 0.7767
0.8047, 0.7767
0.7954, 0.7767
0.7907, 0.7767
0.7767, 0.7767
0.7674, 0.7767
0.7628, 0.7767
0.7535, 0.7767
0.7442, 0.7767
0.7349, 0.7767
0.7302, 0.7767
0.7256, 0.7767
0.7209, 0.7767
0.7163, 0.7767
0.7070, 0.7767
0.7023, 0.7767
0.6977, 0.7767
0.6930, 0.7767
0.6884, 0.7767
0.6837, 0.7721
0.6791, 0.7721
0.6698, 0.7721
0.6651, 0.7674
0.6605, 0.7628
0.6558, 0.7628
0.6512, 0.7581
0.6465, 0.7535
0.6419, 0.7442
0.6372, 0.7395
0.6279, 0.7302
0.6233, 0.7256
0.6186, 0.7209
0.6093, 0.7070
0.6047, 0.6977
0.6000, 0.6884
0.5907, 0.6791
0.5860, 0.6651
0.5814, 0.6605
0.5768, 0.6512
0.5721, 0.6419
0.5674, 0.6279
0.5628, 0.6186
0.5535, 0.6140
0.5488, 0.6093
0.5442, 0.6000
0.5442, 0.5907
0.5395, 0.5814
0.5349, 0.5767
0.5349, 0.5721
0.5302, 0.5628
0.5256, 0.5488
0.5256, 0.5442
0.5163, 0.5395
0.5163, 0.5349
0.5116, 0.5302
0.5116, 0.5163
0.5070, 0.5116
0.5070, 0.5070
0.5070, 0.4977
0.5023, 0.4930
0.5023, 0.4884
0.5023, 0.4744
0.4977, 0.4698
0.4977, 0.4651
0.4930, 0.4558
0.4930, 0.4512
0.4930, 0.4372
0.4930, 0.4279
0.4884, 0.4233
0.4884, 0.4140
0.4884, 0.4093
0.4837, 0.4000
0.4837, 0.3907
0.4837, 0.3860
0.4837, 0.3814
0.4744, 0.3721
0.4744, 0.3581
0.4698, 0.3488
0.4698, 0.3395
0.4651, 0.3302
0.4651, 0.3163
0.4605, 0.3070
0.4558, 0.2977
0.4558, 0.2837
0.4512, 0.2791
0.4512, 0.2698
0.4465, 0.2698
0.4465, 0.2605
0.4372, 0.2558
0.4372, 0.2465
0.4326, 0.2465
0.4326, 0.2419
0.4279, 0.2419
0.4186, 0.2372
0.4140, 0.2326
0.4000, 0.2326
0.3907, 0.2279
0.3814, 0.2279
0.3767, 0.2279
0.3628, 0.2233
0.3535, 0.2233
0.3395, 0.2233
0.3302, 0.2233
0.3163, 0.2233
0.3070, 0.2233
0.2930, 0.2233
0.2837, 0.2233
0.2744, 0.2233
0.2698, 0.2233
0.2605, 0.2233
0.2558, 0.2233
0.2419, 0.2279
0.2372, 0.2279
0.2279, 0.2326
0.2186, 0.2419
0.2093, 0.2419
0.2000, 0.2558
0.1907, 0.2605
0.1860, 0.2698
0.1768, 0.2744
0.1674, 0.2884
0.1628, 0.2930
0.1581, 0.3023
0.1535, 0.3116
0.1488, 0.3256
0.1442, 0.3349
0.1395, 0.3442
0.1302, 0.3535
0.1256, 0.3674
0.1209, 0.3768
0.1209, 0.3814
0.1163, 0.3860
0.1163, 0.3954
0.1163, 0.4093
0.1116, 0.4140
0.1116, 0.4233
0.1116, 0.4279
0.1116, 0.4419
0.1116, 0.4512
0.1116, 0.4558
0.1116, 0.4651
0.1116, 0.4791
0.1116, 0.4884
0.1116, 0.4977
0.1163, 0.5070
0.1163, 0.5209
0.1209, 0.5302
0.1256, 0.5349
0.1349, 0.5442
0.1349, 0.5488
0.1395, 0.5581
0.1442, 0.5628
0.1442, 0.5674
0.1442, 0.5721
0.1488, 0.5721
0.1488, 0.5767
0.1488, 0.5814
0.1488, 0.5861
0.1488, 0.5954
0.1488, 0.6000
0.1442, 0.6047
0.1395, 0.6093
0.1302, 0.6140
0.1256, 0.6140
0.1256, 0.6186
0.1209, 0.6186
0.1163, 0.6186
0.1070, 0.6233
0.0884, 0.6233
0.0791, 0.6233
0.0744, 0.6233
0.0651, 0.6233
0.0512, 0.6233
0.0419, 0.6233
0.0372, 0.6233
0.0279, 0.6233
0.0233, 0.6233
0.0093, 0.6233
0.0047, 0.6233
0.0000, 0.6233

0.6512, 0.7163
0.6558, 0.7023
0.6558, 0.6884
0.6605, 0.6651
0.6605, 0.6465
0.6651, 0.6279
