0.0000, 0.7045
0.0000, 0.7007
0.0000, 0.6896
0.0074, 0.6821
0.0111, 0.6747
0.0186, 0.6599
0.0260, 0.6524
0.0372, 0.6450
0.0446, 0.6413
0.0520, 0.6301
0.0595, 0.6264
0.0706, 0.6227
0.0818, 0.6190
0.1004, 0.6152
0.1190, 0.6152
0.1487, 0.6115
0.1784, 0.6115
0.2082, 0.6115
0.2379, 0.6115
0.2677, 0.6115
0.2937, 0.6115
0.3086, 0.6115
0.3271, 0.6115
0.3457, 0.6115
0.3643, 0.6152
0.3903, 0.6190
0.4164, 0.6227
0.4387, 0.6338
0.4610, 0.6375
0.4870, 0.6450
0.5093, 0.6487
0.5353, 0.6561
0.5613, 0.6673
0.5762, 0.6710
0.6022, 0.6747
0.6208, 0.6821
0.6357, 0.6859
0.6580, 0.6933
0.6729, 0.6970
0.6952, 0.7007
0.7138, 0.7045
0.7286, 0.7082
0.7435, 0.7119
0.7547, 0.7119
0.7658, 0.7119
0.7807, 0.7119
0.7918, 0.7119
0.8067, 0.7119
0.8141, 0.7119
0.8216, 0.7119
0.8290, 0.7082
0.8439, 0.7045
0.8662, 0.6970
0.8848, 0.6896
0.9033, 0.6859
0.9182, 0.6821
0.9331, 0.6784
0.9442, 0.6747
0.9591, 0.6710
0.9703, 0.6673
0.9777, 0.6673
0.9889, 0.6673
0.9963, 0.6673
1.0000, 0.6673

0.3532, 0.6450
0.3457, 0.6413
0.3457, 0.6301
0.3420, 0.6264
0.3420, 0.6190
0.3383, 0.6115
0.3383, 0.6004
0.3346, 0.5929
0.3309, 0.5855
0.3309, 0.5781
0.3271, 0.5669
0.3234, 0.5595
0.3160, 0.5483
0.3123, 0.5446
0.3086, 0.5335
0.3086, 0.5297
0.3048, 0.5260
0.3011, 0.5223
0.3011, 0.5186
0.2974, 0.5186
0.2937, 0.5074
0.2937, 0.5037
0.2825, 0.5000
0.2825, 0.4926
0.2788, 0.4926
0.2751, 0.4851
0.2714, 0.4777
0.2677, 0.4740
0.2677, 0.4703
0.2639, 0.4665
0.2602, 0.4628
0.2602, 0.4591
0.2602, 0.4554
0.2602, 0.4517
0.2602, 0.4442
0.2602, 0.4368
0.2602, 0.4331
0.2602, 0.4294
0.2602, 0.4257
0.2602, 0.4219
0.2602, 0.4145
0.2602, 0.4108
0.2602, 0.4071
0.2639, 0.4033
0.2677, 0.3996
0.2714, 0.3996
0.2751, 0.3922
0.2788, 0.3922
0.2900, 0.3810
0.2974, 0.3773
0.3086, 0.3736
0.3234, 0.3662
0.3346, 0.3662
0.3494, 0.3625
0.3643, 0.3550
0.3792, 0.3550
0.3941, 0.3513
0.4089, 0.3513
0.4164, 0.3476
0.4275, 0.3476
0.4424, 0.3439
0.4535, 0.3439
0.4721, 0.3401
0.4907, 0.3401
0.5093, 0.3401
0.5242, 0.3401
0.5390, 0.3401
0.5502, 0.3401
0.5651, 0.3401
0.5799, 0.3439
0.5985, 0.3513
0.6134, 0.3587
0.6245, 0.3625
0.6357, 0.3662
0.6468, 0.3699
0.6580, 0.3736
0.6691, 0.3810
0.6803, 0.3810
0.6989, 0.3922
0.7100, 0.3922
0.7286, 0.3959
0.7361, 0.3996
0.7547, 0.3996
0.7695, 0.4033
0.7881, 0.4033
0.7993, 0.4071
0.8178, 0.4071
0.8290, 0.4071
0.8439, 0.4071
0.8550, 0.4071
0.8625, 0.4071
0.8810, 0.4071
0.8885, 0.4071
0.8996, 0.4033
0.9071, 0.4033
0.9145, 0.4033
0.9219, 0.3996
0.9257, 0.3996
0.9331, 0.3996
0.9405, 0.3959
0.9442, 0.3959
0.9480, 0.3959
0.9517, 0.3959
0.9628, 0.3959
0.9665, 0.3959
0.9703, 0.3959
0.9740, 0.3959

0.4796, 0.4665
0.4796, 0.4628
0.4833, 0.4517
0.4944, 0.4368
0.5019, 0.4257
0.5130, 0.4033
0.5242, 0.3922
0.5353, 0.3736
0.5428, 0.3587
0.5539, 0.3476
0.5576, 0.3364
0.5651, 0.3216
0.5688, 0.3141
0.5725, 0.3104
0.5799, 0.3030
0.5836, 0.2992
0.5836, 0.2955
0.5836, 0.2881
