0.0090, 0.7410
0.0090, 0.7275
0.0000, 0.7185
0.0000, 0.7095
0.0000, 0.7004
0.0000, 0.6869
0.0000, 0.6779
0.0045, 0.6734
0.0090, 0.6644
0.0135, 0.6509
0.0180, 0.6464
0.0225, 0.6419
0.0270, 0.6374
0.0270, 0.6329
0.0315, 0.6284
0.0405, 0.6284
0.0496, 0.6239
0.0540, 0.6149
0.0586, 0.6149
0.0676, 0.6104
0.0856, 0.6059
0.0991, 0.6059
0.1171, 0.6059
0.1396, 0.6014
0.1622, 0.6014
0.1937, 0.6014
0.2207, 0.6014
0.2432, 0.6014
0.2658, 0.6014
0.2973, 0.6014
0.3198, 0.6014
0.3378, 0.6014
0.3559, 0.6014
0.3784, 0.6014
0.3919, 0.6059
0.4054, 0.6059
0.4189, 0.6104
0.4279, 0.6104
0.4459, 0.6104
0.4550, 0.6194
0.4685, 0.6194
0.4820, 0.6239
0.4955, 0.6239
0.5045, 0.6284
0.5225, 0.6284
0.5360, 0.6284
0.5541, 0.6329
0.5676, 0.6374
0.5901, 0.6374
0.6081, 0.6419
0.6306, 0.6464
0.6441, 0.6464
0.6622, 0.6509
0.6757, 0.6509
0.6892, 0.6599
0.7072, 0.6599
0.7252, 0.6644
0.7477, 0.6644
0.7613, 0.6689
0.7838, 0.6689
0.8018, 0.6734
0.8198, 0.6734
0.8333, 0.6779
0.8513, 0.6779
0.8649, 0.6779
0.8739, 0.6779
0.8964, 0.6779
0.9099, 0.6779
0.9279, 0.6779
0.9459, 0.6779
0.9640, 0.6779
0.9730, 0.6779
0.9775, 0.6779
0.9820, 0.6779
0.9865, 0.6734
0.9910, 0.6734

0.2072, 0.5968
0.2072, 0.5923
0.2027, 0.5788
0.1982, 0.5698
0.1937, 0.5653
0.1892, 0.5563
0.1802, 0.5428
0.1802, 0.5338
0.1757, 0.5248
0.1712, 0.5203
0.1667, 0.5023
0.1667, 0.4977
0.1622, 0.4887
0.1622, 0.4842
0.1622, 0.4797
0.1577, 0.4707
0.1577, 0.4617
0.1577, 0.4572
0.1577, 0.4527
0.1577, 0.4437
0.1577, 0.4347
0.1577, 0.4257
0.1577, 0.4167
0.1577, 0.4122
0.1577, 0.3986
0.1577, 0.3896
0.1577, 0.3851
0.1577, 0.3806
0.1622, 0.3716
0.1622, 0.3671
0.1667, 0.3536
0.1712, 0.3491
0.1757, 0.3401
0.1847, 0.3356
0.1847, 0.3311
0.1892, 0.3221
0.1937, 0.3176
0.1982, 0.3131
0.2027, 0.3086
0.2072, 0.3041
0.2117, 0.2996
0.2207, 0.2950
0.2252, 0.2860
0.2342, 0.2815
0.2387, 0.2815
0.2432, 0.2770
0.2613, 0.2725
0.2703, 0.2680
0.2793, 0.2680
0.2973, 0.2635
0.3063, 0.2635
0.3198, 0.2590
0.3378, 0.2590
0.3468, 0.2590
0.3559, 0.2590
0.3739, 0.2590
0.3829, 0.2590
0.3919, 0.2590
0.4054, 0.2590
0.4099, 0.2590
0.4189, 0.2590
0.4234, 0.2590
0.4324, 0.2590
0.4459, 0.2590
0.4550, 0.2590
0.4640, 0.2635
0.4730, 0.2635
0.4820, 0.2680
0.4865, 0.2680
0.5000, 0.2725
0.5180, 0.2770
0.5270, 0.2815
0.5405, 0.2905
0.5541, 0.2950
0.5721, 0.2996
0.5811, 0.3041
0.6036, 0.3041
0.6171, 0.3086
0.6306, 0.3086
0.6441, 0.3131
0.6577, 0.3131
0.6892, 0.3131
0.7207, 0.3131
0.8108, 0.3131
0.9099, 0.3131
0.9369, 0.3086
0.9504, 0.3086
0.9685, 0.3041
0.9775, 0.2996
0.9865, 0.2996
0.9955, 0.2950
1.0000, 0.2950

0.6532, 0.4212
0.6622, 0.4122
0.6847, 0.3716
0.7027, 0.3491
0.7162, 0.3221
0.7252, 0.3086
0.7342, 0.2950
0.7387, 0.2815
0.7432, 0.2770
0.7477, 0.2725
0.7477, 0.2680
0.7522, 0.2680
0.7522, 0.2635
0.7568, 0.2590
