0.0000, 0.7194
0.0000, 0.7154
0.0040, 0.7115
0.0119, 0.6996
0.0277, 0.6917
0.0395, 0.6877
0.0593, 0.6838
0.0830, 0.6759
0.1028, 0.6640
0.1225, 0.6601
0.1383, 0.6561
0.1621, 0.6561
0.1779, 0.6522
0.1976, 0.6482
0.2213, 0.6482
0.2332, 0.6443
0.2451, 0.6443
0.2609, 0.6443
0.2727, 0.6443
0.2885, 0.6443
0.2965, 0.6364
0.3043, 0.6364
0.3202, 0.6364
0.3320, 0.6364
0.3439, 0.6364
0.3597, 0.6364
0.3715, 0.6364
0.3873, 0.6324
0.3953, 0.6324
0.4071, 0.6324
0.4190, 0.6324
0.4348, 0.6324
0.4427, 0.6324
0.4546, 0.6324
0.4624, 0.6324
0.4822, 0.6324
0.4941, 0.6324
0.5138, 0.6324
0.5296, 0.6324
0.5415, 0.6324
0.5573, 0.6324
0.5731, 0.6403
0.5929, 0.6403
0.6047, 0.6443
0.6205, 0.6482
0.6324, 0.6522
0.6443, 0.6561
0.6601, 0.6640
0.6719, 0.6759
0.6878, 0.6798
0.7036, 0.6877
0.7233, 0.6957
0.7431, 0.7036
0.7589, 0.7115
0.7747, 0.7115
0.7826, 0.7194
0.7945, 0.7194
0.8024, 0.7233
0.8142, 0.7273
0.8221, 0.7312
0.8261, 0.7312
0.8300, 0.7312
0.8340, 0.7391
0.8419, 0.7391
0.8459, 0.7391
0.8498, 0.7431
0.8538, 0.7431
0.8577, 0.7431
0.8656, 0.7431
0.8735, 0.7431
0.8775, 0.7431
0.8854, 0.7431
0.8893, 0.7431
0.8933, 0.7431
0.8972, 0.7431
0.9051, 0.7431
0.9091, 0.7431
0.9130, 0.7431
0.9209, 0.7352
0.9249, 0.7312
0.9328, 0.7273
0.9407, 0.7273
0.9447, 0.7233
0.9526, 0.7194
0.9565, 0.7194
0.9605, 0.7154
0.9644, 0.7154
0.9723, 0.7115

0.0909, 0.6403
0.0909, 0.6364
0.0909, 0.6324
0.0870, 0.6245
0.0830, 0.6206
0.0830, 0.6166
0.0830, 0.6047
0.0830, 0.6008
0.0830, 0.5929
0.0830, 0.5889
0.0791, 0.5810
0.0791, 0.5692
0.0791, 0.5652
0.0791, 0.5573
0.0791, 0.5494
0.0791, 0.5375
0.0791, 0.5296
0.0791, 0.5217
0.0791, 0.5099
0.0791, 0.5020
0.0830, 0.4941
0.0830, 0.4862
0.0870, 0.4743
0.0870, 0.4625
0.0909, 0.4545
0.0909, 0.4387
0.0949, 0.4269
0.0949, 0.4190
0.0988, 0.4032
0.1028, 0.3953
0.1107, 0.3794
0.1146, 0.3715
0.1186, 0.3636
0.1225, 0.3557
0.1304, 0.3399
0.1423, 0.3281
0.1462, 0.3202
0.1542, 0.3123
0.1581, 0.3044
0.1660, 0.3044
0.1739, 0.3004
0.1897, 0.2964
0.2134, 0.2925
0.2490, 0.2885
0.2846, 0.2885
0.3320, 0.2885
0.3636, 0.2885
0.3953, 0.2925
0.4229, 0.2964
0.4427, 0.3004
0.4624, 0.3044
0.4743, 0.3083
0.4901, 0.3083
0.5059, 0.3162
0.5217, 0.3162
0.5336, 0.3162
0.5455, 0.3162
0.5613, 0.3162
0.5692, 0.3162
0.5850, 0.3162
0.5968, 0.3162
0.6087, 0.3162
0.6324, 0.3202
0.6522, 0.3202
0.6680, 0.3241
0.6957, 0.3281
0.7154, 0.3281
0.7352, 0.3281
0.7549, 0.3281
0.7747, 0.3281
0.7945, 0.3281
0.8142, 0.3281
0.8300, 0.3281
0.8459, 0.3281
0.8538, 0.3281
0.8656, 0.3241
0.8814, 0.3202
0.8972, 0.3202
0.9130, 0.3123
0.9209, 0.3083
0.9328, 0.3083
0.9447, 0.3044
0.9565, 0.3044
0.9644, 0.3004
0.9802, 0.3004
0.9881, 0.2964
0.9960, 0.2964
1.0000, 0.2964
1.0000, 0.2925

0.5573, 0.3953
0.5573, 0.3913
0.5573, 0.3715
0.5692, 0.3597
0.5771, 0.3439
0.5850, 0.3320
0.5968, 0.3241
0.6087, 0.3083
0.6166, 0.3044
0.6285, 0.3004
0.6364, 0.2925
0.6482, 0.2885
0.6561, 0.2767
0.6719, 0.2727
0.6798, 0.2688
0.6838, 0.2648
0.6878, 0.2648
0.6957, 0.2609
0.6996, 0.2609
0.6996, 0.2569
0.7036, 0.2569
