0.0000, 0.7547
0.0047, 0.7547
0.0093, 0.7500
0.0093, 0.7453
0.0140, 0.7453
0.0187, 0.7407
0.0233, 0.7360
0.0233, 0.7313
0.0280, 0.7313
0.0374, 0.7220
0.0421, 0.7173
0.0467, 0.7126
0.0514, 0.7079
0.0561, 0.7033
0.0607, 0.6986
0.0654, 0.6939
0.0701, 0.6846
0.0841, 0.6799
0.0888, 0.6752
0.0934, 0.6752
0.0981, 0.6706
0.1028, 0.6659
0.1075, 0.6659
0.1168, 0.6612
0.1215, 0.6612
0.1308, 0.6519
0.1355, 0.6519
0.1449, 0.6425
0.1589, 0.6378
0.1682, 0.6378
0.1776, 0.6378
0.1963, 0.6332
0.2056, 0.6332
0.2196, 0.6332
0.2336, 0.6332
0.2430, 0.6332
0.2570, 0.6332
0.2710, 0.6332
0.2850, 0.6332
0.2944, 0.6332
0.3131, 0.6332
0.3271, 0.6332
0.3458, 0.6332
0.3598, 0.6378
0.3785, 0.6472
0.3972, 0.6472
0.4112, 0.6519
0.4299, 0.6566
0.4439, 0.6566
0.4626, 0.6612
0.4813, 0.6659
0.4953, 0.6659
0.5093, 0.6706
0.5234, 0.6752
0.5327, 0.6752
0.5467, 0.6799
0.5561, 0.6799
0.5654, 0.6893
0.5841, 0.6893
0.5934, 0.6939
0.6028, 0.6986
0.6168, 0.6986
0.6262, 0.7033
0.6355, 0.7079
0.6449, 0.7079
0.6589, 0.7126
0.6682, 0.7126
0.6729, 0.7126
0.6822, 0.7173
0.6963, 0.7173
0.7056, 0.7173
0.7103, 0.7266
0.7196, 0.7266
0.7243, 0.7266
0.7336, 0.7266
0.7430, 0.7266
0.7477, 0.7266
0.7570, 0.7266
0.7617, 0.7266
0.7757, 0.7266
0.7897, 0.7266
0.8037, 0.7266
0.8224, 0.7266
0.8318, 0.7266
0.8411, 0.7266
0.8551, 0.7266
0.8645, 0.7266
0.8738, 0.7266
0.8785, 0.7266
0.8878, 0.7266
0.8925, 0.7266
0.9019, 0.7266
0.9065, 0.7266
0.9112, 0.7266
0.9159, 0.7266
0.9252, 0.7266
0.9346, 0.7266
0.9393, 0.7266
0.9439, 0.7266
0.9486, 0.7266
0.9533, 0.7266
0.9533, 0.7220

0.2664, 0.6425
0.2523, 0.6332
0.2477, 0.6238
0.2383, 0.6192
0.2336, 0.6145
0.2290, 0.6005
0.2196, 0.6005
0.2149, 0.5911
0.2103, 0.5818
0.2056, 0.5631
0.2009, 0.5537
0.2009, 0.5444
0.1963, 0.5257
0.1963, 0.5164
0.1963, 0.5070
0.1916, 0.4977
0.1916, 0.4836
0.1916, 0.4790
0.1916, 0.4696
0.1916, 0.4603
0.1916, 0.4509
0.1916, 0.4463
0.1916, 0.4369
0.1916, 0.4322
0.1916, 0.4276
0.1916, 0.4229
0.1963, 0.4089
0.1963, 0.4042
0.2009, 0.3995
0.2056, 0.3949
0.2056, 0.3902
0.2103, 0.3855
0.2149, 0.3762
0.2243, 0.3668
0.2290, 0.3622
0.2336, 0.3575
0.2383, 0.3528
0.2430, 0.3481
0.2477, 0.3434
0.2617, 0.3434
0.2664, 0.3341
0.2710, 0.3294
0.2804, 0.3248
0.2897, 0.3248
0.2991, 0.3201
0.3084, 0.3154
0.3177, 0.3154
0.3224, 0.3154
0.3365, 0.3107
0.3458, 0.3107
0.3505, 0.3061
0.3598, 0.3061
0.3692, 0.3061
0.3832, 0.3061
0.3925, 0.3061
0.4019, 0.3061
0.4065, 0.3061
0.4206, 0.3061
0.4252, 0.3061
0.4346, 0.3061
0.4439, 0.3061
0.4533, 0.3061
0.4626, 0.3061
0.4673, 0.3061
0.4720, 0.3061
0.4766, 0.3061
0.4906, 0.3061
0.5000, 0.3061
0.5093, 0.3107
0.5187, 0.3154
0.5234, 0.3154
0.5327, 0.3201
0.5421, 0.3201
0.5467, 0.3248
0.5561, 0.3248
0.5607, 0.3248
0.5748, 0.3294
0.5841, 0.3294
0.5934, 0.3388
0.6075, 0.3434
0.6215, 0.3434
0.6308, 0.3434
0.6449, 0.3481
0.6542, 0.3481
0.6635, 0.3528
0.6776, 0.3528
0.6963, 0.3528
0.7103, 0.3528
0.7290, 0.3528
0.7477, 0.3528
0.7710, 0.3528
0.7850, 0.3528
0.8037, 0.3528
0.8178, 0.3528
0.8318, 0.3528
0.8505, 0.3528
0.8598, 0.3528
0.8785, 0.3528
0.8878, 0.3528
0.8972, 0.3528
0.9065, 0.3528
0.9206, 0.3528
0.9299, 0.3528
0.9393, 0.3528
0.9486, 0.3528
0.9579, 0.3528
0.9673, 0.3528
0.9720, 0.3481
0.9766, 0.3481
0.9813, 0.3481
0.9860, 0.3434
0.9953, 0.3434
0.9953, 0.3341
1.0000, 0.3341
1.0000, 0.3294

0.6589, 0.4603
0.6589, 0.4322
0.6589, 0.4135
0.6635, 0.3995
0.6682, 0.3715
0.6682, 0.3622
0.6729, 0.3481
0.6776, 0.3341
0.6869, 0.3248
0.6916, 0.3154
0.6963, 0.3061
0.7009, 0.2921
0.7103, 0.2874
0.7150, 0.2780
0.7243, 0.2780
0.7290, 0.2734
0.7336, 0.2687
0.7336, 0.2593
0.7383, 0.2547
0.7430, 0.2500
0.7430, 0.2453
