0.0000, 0.7587
0.0087, 0.7544
0.0174, 0.7457
0.0217, 0.7413
0.0261, 0.7326
0.0348, 0.7283
0.0391, 0.7196
0.0478, 0.7196
0.0565, 0.7109
0.0609, 0.7065
0.0652, 0.7022
0.0739, 0.6935
0.0826, 0.6891
0.0913, 0.6891
0.0957, 0.6848
0.1044, 0.6804
0.1087, 0.6761
0.1217, 0.6717
0.1348, 0.6674
0.1435, 0.6587
0.1609, 0.6544
0.1739, 0.6500
0.1913, 0.6457
0.2043, 0.6457
0.2174, 0.6457
0.2304, 0.6457
0.2391, 0.6413
0.2522, 0.6413
0.2652, 0.6413
0.2739, 0.6413
0.2870, 0.6413
0.3087, 0.6413
0.3261, 0.6413
0.3478, 0.6413
0.3696, 0.6457
0.3913, 0.6500
0.4130, 0.6544
0.4304, 0.6674
0.4522, 0.6761
0.4783, 0.6848
0.4957, 0.6891
0.5174, 0.7022
0.5348, 0.7065
0.5565, 0.7109
0.5696, 0.7152
0.5870, 0.7196
0.5956, 0.7239
0.6087, 0.7239
0.6261, 0.7283
0.6348, 0.7283
0.6435, 0.7283
0.6609, 0.7370
0.6739, 0.7370
0.6913, 0.7413
0.7000, 0.7413
0.7087, 0.7413
0.7261, 0.7413
0.7391, 0.7413
0.7522, 0.7413
0.7696, 0.7413
0.7783, 0.7413
0.7913, 0.7413
0.8087, 0.7413
0.8217, 0.7413
0.8348, 0.7413
0.8435, 0.7457
0.8565, 0.7457
0.8696, 0.7457
0.8783, 0.7457
0.8913, 0.7457
0.9000, 0.7457
0.9130, 0.7457
0.9217, 0.7457
0.9304, 0.7457
0.9435, 0.7413
0.9522, 0.7413
0.9609, 0.7413
0.9696, 0.7326
0.9783, 0.7326
0.9826, 0.7283
0.9869, 0.7283
0.9913, 0.7239
0.9913, 0.7196
0.9956, 0.7196
0.9956, 0.7152
1.0000, 0.7109
1.0000, 0.7065
1.0000, 0.7022
0.9913, 0.6935
0.9913, 0.6891

0.1913, 0.6283
0.1913, 0.6239
0.1826, 0.6196
0.1826, 0.6109
0.1783, 0.6065
0.1739, 0.5978
0.1739, 0.5891
0.1696, 0.5804
0.1696, 0.5761
0.1696, 0.5630
0.1609, 0.5544
0.1609, 0.5456
0.1609, 0.5370
0.1609, 0.5239
0.1609, 0.5152
0.1609, 0.5109
0.1609, 0.5022
0.1652, 0.4891
0.1652, 0.4804
0.1652, 0.4717
0.1696, 0.4631
0.1696, 0.4500
0.1696, 0.4413
0.1739, 0.4326
0.1783, 0.4196
0.1783, 0.4065
0.1826, 0.3978
0.1869, 0.3848
0.1913, 0.3804
0.2000, 0.3717
0.2043, 0.3631
0.2043, 0.3587
0.2130, 0.3457
0.2130, 0.3413
0.2174, 0.3370
0.2217, 0.3326
0.2261, 0.3283
0.2304, 0.3239
0.2435, 0.3239
0.2435, 0.3196
0.2478, 0.3196
0.2522, 0.3109
0.2609, 0.3109
0.2739, 0.3065
0.2826, 0.3065
0.2913, 0.3022
0.3000, 0.3022
0.3174, 0.3022
0.3261, 0.3022
0.3435, 0.3022
0.3565, 0.3022
0.3739, 0.3022
0.3913, 0.3022
0.4043, 0.3022
0.4217, 0.3022
0.4348, 0.3065
0.4522, 0.3152
0.4652, 0.3196
0.4739, 0.3196
0.4913, 0.3239
0.5043, 0.3239
0.5174, 0.3283
0.5304, 0.3283
0.5435, 0.3283
0.5609, 0.3326
0.5739, 0.3326
0.5826, 0.3326
0.6000, 0.3326
0.6087, 0.3326
0.6174, 0.3326
0.6348, 0.3326
0.6435, 0.3326
0.6565, 0.3326
0.6739, 0.3326
0.6870, 0.3326
0.7043, 0.3326
0.7174, 0.3326
0.7304, 0.3326
0.7478, 0.3326
0.7609, 0.3326
0.7783, 0.3326
0.7870, 0.3326
0.8000, 0.3326
0.8130, 0.3326
0.8217, 0.3326
0.8348, 0.3283
0.8478, 0.3283
0.8565, 0.3239
0.8652, 0.3239
0.8826, 0.3239
0.8913, 0.3239
0.9000, 0.3239
0.9087, 0.3239
0.9217, 0.3239
0.9304, 0.3239
0.9348, 0.3239
0.9391, 0.3239
0.9478, 0.3239
0.9478, 0.3196
0.9609, 0.3196
0.9652, 0.3196
0.9696, 0.3196
0.9739, 0.3196
0.9739, 0.3109
0.9652, 0.3109
0.9522, 0.3065
0.9304, 0.3065
0.9217, 0.3065

0.5522, 0.3978
0.5522, 0.3935
0.5522, 0.3804
0.5522, 0.3674
0.5565, 0.3587
0.5565, 0.3413
0.5652, 0.3326
0.5696, 0.3196
0.5696, 0.3065
0.5696, 0.2978
0.5739, 0.2891
0.5739, 0.2848
0.5783, 0.2761
0.5783, 0.2717
0.5783, 0.2674
0.5826, 0.2674
0.5826, 0.2630
0.5870, 0.2587
0.5870, 0.2543
0.5870, 0.2500
0.5913, 0.2500
0.5913, 0.2413
0.6000, 0.2413
