0.0000, 0.7143
0.0040, 0.7143
0.0079, 0.7143
0.0079, 0.7103
0.0119, 0.7063
0.0159, 0.6984
0.0159, 0.6905
0.0198, 0.6825
0.0238, 0.6746
0.0278, 0.6667
0.0357, 0.6587
0.0397, 0.6508
0.0397, 0.6429
0.0437, 0.6349
0.0476, 0.6270
0.0516, 0.6190
0.0516, 0.6151
0.0556, 0.6111
0.0595, 0.6071
0.0595, 0.6032
0.0675, 0.5952
0.0714, 0.5913
0.0754, 0.5873
0.0794, 0.5833
0.0833, 0.5833
0.0873, 0.5794
0.0913, 0.5794
0.0992, 0.5794
0.1071, 0.5754
0.1151, 0.5754
0.1230, 0.5754
0.1349, 0.5754
0.1468, 0.5754
0.1587, 0.5754
0.1746, 0.5754
0.1865, 0.5754
0.2024, 0.5754
0.2143, 0.5754
0.2341, 0.5794
0.2460, 0.5794
0.2619, 0.5833
0.2778, 0.5873
0.2897, 0.5873
0.3095, 0.5913
0.3214, 0.5992
0.3333, 0.5992
0.3452, 0.6032
0.3611, 0.6071
0.3730, 0.6071
0.3810, 0.6111
0.3968, 0.6111
0.4087, 0.6151
0.4167, 0.6151
0.4325, 0.6151
0.4444, 0.6190
0.4603, 0.6230
0.4722, 0.6230
0.4841, 0.6230
0.5000, 0.6310
0.5119, 0.6349
0.5278, 0.6349
0.5397, 0.6349
0.5516, 0.6389
0.5675, 0.6389
0.5794, 0.6429
0.5913, 0.6429
0.5992, 0.6429
0.6111, 0.6429
0.6230, 0.6429
0.6349, 0.6429
0.6468, 0.6468
0.6627, 0.6468
0.6786, 0.6468
0.6944, 0.6468
0.7064, 0.6468
0.7143, 0.6468
0.7302, 0.6508
0.7421, 0.6508
0.7579, 0.6508
0.7698, 0.6508
0.7778, 0.6508
0.7937, 0.6508
0.8056, 0.6508
0.8135, 0.6508
0.8254, 0.6508
0.8373, 0.6468
0.8452, 0.6468
0.8571, 0.6468
0.8651, 0.6429
0.8770, 0.6429
0.8929, 0.6389
0.9048, 0.6389
0.9127, 0.6349
0.9286, 0.6270
0.9365, 0.6270
0.9444, 0.6270
0.9564, 0.6270
0.9603, 0.6230
0.9643, 0.6230
0.9683, 0.6230
0.9722, 0.6230
0.9722, 0.6190

0.2540, 0.5833
0.2500, 0.5794
0.2381, 0.5754
0.2302, 0.5714
0.2222, 0.5595
0.2143, 0.5516
0.2064, 0.5476
0.1944, 0.5397
0.1944, 0.5357
0.1905, 0.5278
0.1865, 0.5238
0.1825, 0.5198
0.1825, 0.5159
0.1786, 0.5119
0.1786, 0.5079
0.1786, 0.5040
0.1746, 0.4960
0.1746, 0.4921
0.1746, 0.4881
0.1746, 0.4841
0.1746, 0.4762
0.1746, 0.4722
0.1746, 0.4603
0.1746, 0.4563
0.1746, 0.4484
0.1746, 0.4444
0.1746, 0.4365
0.1746, 0.4286
0.1746, 0.4206
0.1786, 0.4127
0.1786, 0.4087
0.1786, 0.3968
0.1825, 0.3929
0.1865, 0.3849
0.1865, 0.3810
0.1865, 0.3730
0.1944, 0.3651
0.1944, 0.3611
0.2024, 0.3571
0.2064, 0.3532
0.2064, 0.3492
0.2103, 0.3413
0.2143, 0.3333
0.2183, 0.3294
0.2222, 0.3254
0.2262, 0.3214
0.2341, 0.3175
0.2381, 0.3135
0.2421, 0.3095
0.2460, 0.3056
0.2500, 0.2976
0.2540, 0.2976
0.2579, 0.2936
0.2659, 0.2936
0.2698, 0.2897
0.2778, 0.2897
0.2818, 0.2857
0.2857, 0.2857
0.2937, 0.2857
0.3095, 0.2857
0.3175, 0.2857
0.3254, 0.2857
0.3413, 0.2857
0.3492, 0.2857
0.3571, 0.2857
0.3691, 0.2857
0.3810, 0.2857
0.3889, 0.2897
0.4008, 0.2936
0.4127, 0.3016
0.4206, 0.3056
0.4325, 0.3095
0.4405, 0.3135
0.4484, 0.3175
0.4564, 0.3214
0.4643, 0.3254
0.4683, 0.3254
0.4762, 0.3294
0.4841, 0.3373
0.4881, 0.3373
0.4960, 0.3373
0.5040, 0.3452
0.5119, 0.3452
0.5198, 0.3492
0.5318, 0.3532
0.5397, 0.3532
0.5476, 0.3611
0.5635, 0.3690
0.5714, 0.3690
0.5794, 0.3730
0.5873, 0.3730
0.5992, 0.3770
0.6111, 0.3770
0.6191, 0.3770
0.6349, 0.3770
0.6429, 0.3770
0.6548, 0.3770
0.6706, 0.3770
0.6825, 0.3770
0.6984, 0.3770
0.7103, 0.3770
0.7302, 0.3770
0.7421, 0.3730
0.7619, 0.3651
0.7778, 0.3611
0.8016, 0.3571
0.8175, 0.3532
0.8373, 0.3492
0.8492, 0.3492
0.8691, 0.3452
0.8810, 0.3452
0.8929, 0.3452
0.9048, 0.3452
0.9167, 0.3452
0.9286, 0.3413
0.9405, 0.3413
0.9484, 0.3413
0.9643, 0.3413
0.9722, 0.3413
0.9802, 0.3413
0.9881, 0.3413
0.9921, 0.3413
0.9960, 0.3333
1.0000, 0.3333

0.5873, 0.4762
0.5952, 0.4603
0.6032, 0.4484
0.6111, 0.4365
0.6191, 0.4167
0.6349, 0.3968
0.6429, 0.3810
0.6508, 0.3651
0.6627, 0.3532
0.6667, 0.3452
0.6706, 0.3333
0.6746, 0.3254
0.6786, 0.3175
0.6825, 0.3135
0.6825, 0.3095
0.6825, 0.3056
0.6865, 0.3056
0.6865, 0.2976
