0.0000, 0.7161
0.0037, 0.7125
0.0073, 0.7125
0.0073, 0.7088
0.0147, 0.7088
0.0183, 0.7051
0.0220, 0.7051
0.0220, 0.7015
0.0293, 0.6978
0.0330, 0.6978
0.0403, 0.6905
0.0476, 0.6868
0.0586, 0.6832
0.0696, 0.6795
0.0843, 0.6758
0.0952, 0.6758
0.1099, 0.6722
0.1245, 0.6685
0.1392, 0.6648
0.1538, 0.6648
0.1722, 0.6575
0.1832, 0.6575
0.1978, 0.6539
0.2125, 0.6539
0.2271, 0.6539
0.2344, 0.6539
0.2491, 0.6502
0.2601, 0.6502
0.2674, 0.6502
0.2747, 0.6502
0.2821, 0.6502
0.2967, 0.6502
0.3040, 0.6502
0.3114, 0.6502
0.3260, 0.6502
0.3333, 0.6502
0.3407, 0.6502
0.3553, 0.6502
0.3626, 0.6502
0.3700, 0.6502
0.3810, 0.6502
0.3883, 0.6502
0.3993, 0.6502
0.4103, 0.6502
0.4212, 0.6502
0.4286, 0.6539
0.4396, 0.6539
0.4469, 0.6612
0.4542, 0.6612
0.4615, 0.6648
0.4725, 0.6648
0.4799, 0.6685
0.4908, 0.6722
0.5018, 0.6722
0.5128, 0.6758
0.5201, 0.6795
0.5348, 0.6832
0.5458, 0.6868
0.5531, 0.6941
0.5678, 0.6978
0.5751, 0.7015
0.5897, 0.7051
0.5971, 0.7051
0.6044, 0.7088
0.6190, 0.7125
0.6300, 0.7125
0.6374, 0.7161
0.6520, 0.7234
0.6630, 0.7234
0.6740, 0.7271
0.6886, 0.7271
0.6996, 0.7308
0.7143, 0.7308
0.7253, 0.7308
0.7326, 0.7308
0.7509, 0.7344
0.7582, 0.7344
0.7729, 0.7344
0.7839, 0.7344
0.7912, 0.7344
0.8059, 0.7344
0.8168, 0.7308
0.8315, 0.7308
0.8461, 0.7271
0.8571, 0.7198
0.8718, 0.7161
0.8791, 0.7161
0.8938, 0.7125
0.9011, 0.7125
0.9084, 0.7088
0.9157, 0.7088
0.9267, 0.7088
0.9304, 0.7088
0.9341, 0.7088
0.9377, 0.7051
0.9414, 0.7051
0.9451, 0.7051
0.9524, 0.7051

0.2418, 0.6355
0.2308, 0.6319
0.2308, 0.6282
0.2234, 0.6245
0.2198, 0.6209
0.2161, 0.6099
0.2125, 0.6062
0.2125, 0.5989
0.2088, 0.5952
0.2015, 0.5843
0.2015, 0.5806
0.1978, 0.5733
0.1941, 0.5696
0.1941, 0.5659
0.1905, 0.5586
0.1905, 0.5513
0.1905, 0.5476
0.1868, 0.5403
0.1832, 0.5366
0.1832, 0.5330
0.1795, 0.5220
0.1722, 0.5147
0.1722, 0.5073
0.1722, 0.5037
0.1722, 0.4927
0.1685, 0.4853
0.1648, 0.4780
0.1648, 0.4744
0.1648, 0.4634
0.1648, 0.4560
0.1648, 0.4487
0.1648, 0.4414
0.1648, 0.4304
0.1648, 0.4231
0.1648, 0.4157
0.1648, 0.4084
0.1648, 0.3974
0.1648, 0.3901
0.1685, 0.3864
0.1685, 0.3791
0.1795, 0.3681
0.1795, 0.3608
0.1832, 0.3571
0.1868, 0.3498
0.1941, 0.3388
0.1978, 0.3352
0.2051, 0.3278
0.2125, 0.3242
0.2161, 0.3168
0.2198, 0.3168
0.2271, 0.3059
0.2344, 0.3059
0.2381, 0.3022
0.2418, 0.2985
0.2454, 0.2949
0.2527, 0.2949
0.2564, 0.2912
0.2674, 0.2912
0.2711, 0.2912
0.2784, 0.2875
0.2857, 0.2875
0.2967, 0.2875
0.3040, 0.2875
0.3150, 0.2802
0.3260, 0.2802
0.3370, 0.2802
0.3443, 0.2802
0.3553, 0.2802
0.3626, 0.2839
0.3700, 0.2839
0.3773, 0.2875
0.3883, 0.2875
0.3956, 0.2912
0.4029, 0.2912
0.4066, 0.2949
0.4176, 0.2985
0.4249, 0.2985
0.4322, 0.3022
0.4396, 0.3059
0.4505, 0.3132
0.4579, 0.3168
0.4652, 0.3168
0.4689, 0.3205
0.4799, 0.3205
0.4872, 0.3242
0.4945, 0.3278
0.5018, 0.3278
0.5165, 0.3315
0.5238, 0.3315
0.5385, 0.3352
0.5494, 0.3352
0.5568, 0.3352
0.5714, 0.3352
0.5824, 0.3352
0.5897, 0.3352
0.6044, 0.3352
0.6154, 0.3352
0.6227, 0.3352
0.6374, 0.3352
0.6520, 0.3352
0.6703, 0.3352
0.6813, 0.3352
0.6996, 0.3352
0.7106, 0.3352
0.7289, 0.3352
0.7436, 0.3352
0.7619, 0.3352
0.7729, 0.3352
0.7875, 0.3352
0.7985, 0.3352
0.8132, 0.3352
0.8242, 0.3388
0.8388, 0.3388
0.8498, 0.3388
0.8608, 0.3388
0.8718, 0.3388
0.8828, 0.3388
0.8938, 0.3388
0.9048, 0.3388
0.9157, 0.3388
0.9231, 0.3388
0.9377, 0.3388
0.9451, 0.3388
0.9524, 0.3388
0.9597, 0.3388
0.9634, 0.3388
0.9707, 0.3388
0.9744, 0.3388
0.9780, 0.3388
0.9817, 0.3388
0.9853, 0.3352
0.9927, 0.3352
0.9963, 0.3352
1.0000, 0.3352

0.6337, 0.4231
0.6374, 0.4121
0.6447, 0.3974
0.6483, 0.3864
0.6520, 0.3791
0.6630, 0.3645
0.6703, 0.3535
0.6740, 0.3425
0.6777, 0.3315
0.6850, 0.3242
0.6923, 0.3168
0.6960, 0.3059
0.6996, 0.3022
0.7033, 0.2985
0.7033, 0.2949
0.7070, 0.2875
0.7106, 0.2802
0.7106, 0.2765
0.7143, 0.2729
0.7143, 0.2692
0.7216, 0.2692
0.7216, 0.2656
