0.0000, 0.6918
0.0000, 0.6810
0.0000, 0.6774
0.0000, 0.6703
0.0000, 0.6667
0.0000, 0.6559
0.0036, 0.6523
0.0072, 0.6487
0.0107, 0.6416
0.0179, 0.6380
0.0215, 0.6344
0.0251, 0.6237
0.0287, 0.6201
0.0358, 0.6165
0.0394, 0.6129
0.0502, 0.6057
0.0609, 0.6021
0.0681, 0.5914
0.0824, 0.5878
0.0932, 0.5842
0.1111, 0.5806
0.1254, 0.5806
0.1469, 0.5771
0.1685, 0.5735
0.1935, 0.5735
0.2150, 0.5735
0.2366, 0.5735
0.2581, 0.5735
0.2760, 0.5735
0.2975, 0.5735
0.3190, 0.5771
0.3405, 0.5806
0.3548, 0.5806
0.3727, 0.5842
0.3835, 0.5878
0.4014, 0.5878
0.4229, 0.5986
0.4480, 0.6021
0.4695, 0.6057
0.4910, 0.6093
0.5054, 0.6093
0.5233, 0.6165
0.5591, 0.6237
0.5842, 0.6344
0.6093, 0.6380
0.6272, 0.6452
0.6487, 0.6487
0.6738, 0.6595
0.6953, 0.6667
0.7133, 0.6738
0.7312, 0.6774
0.7455, 0.6810
0.7598, 0.6810
0.7706, 0.6882
0.7849, 0.6882
0.7957, 0.6882
0.8136, 0.6882
0.8279, 0.6882
0.8495, 0.6846
0.8638, 0.6810
0.8817, 0.6810
0.8889, 0.6810
0.9032, 0.6774
0.9140, 0.6738
0.9247, 0.6738
0.9391, 0.6703
0.9498, 0.6667
0.9606, 0.6667
0.9677, 0.6667
0.9713, 0.6631
0.9749, 0.6631

0.1685, 0.5699
0.1577, 0.5484
0.1541, 0.5340
0.1541, 0.5197
0.1541, 0.5054
0.1541, 0.4910
0.1541, 0.4803
0.1577, 0.4731
0.1577, 0.4624
0.1649, 0.4588
0.1685, 0.4552
0.1685, 0.4516
0.1720, 0.4444
0.1792, 0.4373
0.1828, 0.4265
0.1864, 0.4193
0.1971, 0.4086
0.2043, 0.4014
0.2079, 0.3979
0.2115, 0.3907
0.2222, 0.3835
0.2258, 0.3728
0.2330, 0.3656
0.2401, 0.3548
0.2509, 0.3441
0.2581, 0.3405
0.2652, 0.3369
0.2688, 0.3297
0.2760, 0.3262
0.2831, 0.3262
0.2867, 0.3190
0.2939, 0.3154
0.3011, 0.3154
0.3118, 0.3118
0.3226, 0.3118
0.3513, 0.3082
0.3727, 0.3082
0.3907, 0.3082
0.4122, 0.3154
0.4301, 0.3226
0.4444, 0.3297
0.4516, 0.3333
0.4695, 0.3369
0.4803, 0.3405
0.5054, 0.3441
0.5269, 0.3513
0.5484, 0.3584
0.5627, 0.3620
0.5806, 0.3656
0.5950, 0.3692
0.6129, 0.3728
0.6237, 0.3799
0.6416, 0.3871
0.6595, 0.3907
0.6774, 0.3943
0.6989, 0.3979
0.7133, 0.4014
0.7312, 0.4014
0.7455, 0.4050
0.7634, 0.4050
0.7778, 0.4050
0.7957, 0.4050
0.8065, 0.4050
0.8244, 0.4050
0.8351, 0.4050
0.8495, 0.4050
0.8602, 0.4050
0.8745, 0.4050
0.8853, 0.4014
0.8961, 0.3979
0.9104, 0.3979
0.9211, 0.3943
0.9391, 0.3907
0.9498, 0.3907
0.9642, 0.3907
0.9713, 0.3871
0.9785, 0.3871
0.9857, 0.3835
0.9928, 0.3835
0.9964, 0.3763
1.0000, 0.3763
1.0000, 0.3728

0.6201, 0.4982
0.6308, 0.4839
0.6380, 0.4660
0.6487, 0.4444
0.6631, 0.4229
0.6702, 0.4050
0.6774, 0.3871
0.6810, 0.3692
0.6918, 0.3584
0.6918, 0.3513
0.6953, 0.3405
0.6953, 0.3369
0.6953, 0.3333
0.6989, 0.3297
0.6989, 0.3262
0.6989, 0.3226
0.6989, 0.3190
