0.0000, 0.7031
0.0000, 0.6992
0.0000, 0.6916
0.0000, 0.6877
0.0000, 0.6839
0.0000, 0.6801
0.0000, 0.6762
0.0000, 0.6686
0.0000, 0.6609
0.0000, 0.6571
0.0038, 0.6532
0.0077, 0.6494
0.0153, 0.6456
0.0192, 0.6418
0.0230, 0.6418
0.0268, 0.6379
0.0345, 0.6379
0.0460, 0.6341
0.0536, 0.6341
0.0651, 0.6341
0.0805, 0.6264
0.0958, 0.6264
0.1111, 0.6264
0.1264, 0.6264
0.1456, 0.6264
0.1609, 0.6303
0.1801, 0.6303
0.1954, 0.6341
0.2184, 0.6379
0.2376, 0.6418
0.2529, 0.6456
0.2720, 0.6494
0.2912, 0.6532
0.3142, 0.6571
0.3372, 0.6648
0.3563, 0.6724
0.3831, 0.6724
0.4100, 0.6801
0.4330, 0.6801
0.4559, 0.6839
0.4713, 0.6954
0.4904, 0.6954
0.5058, 0.6992
0.5364, 0.7069
0.5594, 0.7107
0.5862, 0.7146
0.6054, 0.7184
0.6245, 0.7260
0.6437, 0.7299
0.6552, 0.7299
0.6628, 0.7337
0.6782, 0.7337
0.6858, 0.7376
0.6973, 0.7376
0.7126, 0.7376
0.7280, 0.7376
0.7395, 0.7376
0.7548, 0.7376
0.7739, 0.7337
0.7931, 0.7299
0.8161, 0.7222
0.8391, 0.7107
0.8582, 0.7031
0.8851, 0.6916
0.9081, 0.6877
0.9195, 0.6839
0.9387, 0.6801
0.9502, 0.6801
0.9655, 0.6762
0.9694, 0.6724
0.9770, 0.6724
0.9847, 0.6724
0.9923, 0.6686
0.9962, 0.6686
1.0000, 0.6609
1.0000, 0.6571

0.2605, 0.6303
0.2567, 0.6226
0.2567, 0.6188
0.2490, 0.6111
0.2452, 0.6034
0.2414, 0.5958
0.2376, 0.5881
0.2337, 0.5805
0.2299, 0.5690
0.2299, 0.5651
0.2261, 0.5575
0.2184, 0.5536
0.2184, 0.5460
0.2146, 0.5383
0.2146, 0.5307
0.2107, 0.5268
0.2107, 0.5192
0.2069, 0.5153
0.2069, 0.5038
0.2031, 0.5000
0.2031, 0.4923
0.2031, 0.4885
0.1992, 0.4770
0.1992, 0.4732
0.1992, 0.4693
0.1954, 0.4617
0.1954, 0.4579
0.1954, 0.4540
0.1916, 0.4425
0.1916, 0.4387
0.1916, 0.4349
0.1916, 0.4272
0.1916, 0.4195
0.1916, 0.4119
0.1916, 0.4080
0.1916, 0.4004
0.1916, 0.3965
0.1916, 0.3927
0.1916, 0.3812
0.1954, 0.3774
0.1954, 0.3736
0.1992, 0.3697
0.2031, 0.3621
0.2069, 0.3582
0.2107, 0.3506
0.2107, 0.3429
0.2222, 0.3391
0.2261, 0.3352
0.2299, 0.3314
0.2337, 0.3276
0.2376, 0.3199
0.2452, 0.3161
0.2529, 0.3123
0.2605, 0.3123
0.2682, 0.3084
0.2835, 0.3046
0.2912, 0.3046
0.3027, 0.3008
0.3180, 0.3008
0.3295, 0.2969
0.3372, 0.2969
0.3525, 0.2969
0.3640, 0.2969
0.3793, 0.2969
0.3908, 0.2969
0.3985, 0.2969
0.4100, 0.2969
0.4176, 0.2969
0.4291, 0.2969
0.4445, 0.2969
0.4483, 0.2969
0.4559, 0.2969
0.4598, 0.2969
0.4636, 0.2969
0.4674, 0.3008
0.4789, 0.3046
0.4828, 0.3046
0.4904, 0.3084
0.4981, 0.3123
0.5096, 0.3161
0.5172, 0.3276
0.5287, 0.3276
0.5441, 0.3352
0.5556, 0.3352
0.5632, 0.3391
0.5747, 0.3429
0.5824, 0.3429
0.5900, 0.3429
0.6054, 0.3429
0.6130, 0.3467
0.6245, 0.3467
0.6398, 0.3544
0.6514, 0.3544
0.6667, 0.3582
0.6820, 0.3582
0.6973, 0.3582
0.7088, 0.3582
0.7203, 0.3582
0.7356, 0.3582
0.7471, 0.3582
0.7625, 0.3582
0.7778, 0.3582
0.7931, 0.3582
0.8046, 0.3582
0.8161, 0.3582
0.8353, 0.3582
0.8467, 0.3582
0.8659, 0.3582
0.8774, 0.3582
0.8927, 0.3621
0.9004, 0.3621
0.9157, 0.3621
0.9234, 0.3621
0.9272, 0.3621
0.9349, 0.3621
0.9387, 0.3621
0.9425, 0.3621
0.9502, 0.3621
0.9540, 0.3621
0.9579, 0.3621
0.9617, 0.3621
0.9655, 0.3621
0.9694, 0.3621
0.9732, 0.3621
0.9808, 0.3621
0.9847, 0.3621
0.9885, 0.3621
0.9923, 0.3621
0.9962, 0.3582
0.9962, 0.3506

0.5977, 0.4234
0.5977, 0.4119
0.5977, 0.4042
0.5977, 0.3927
0.6054, 0.3812
0.6092, 0.3697
0.6169, 0.3621
0.6245, 0.3429
0.6398, 0.3276
0.6514, 0.3123
0.6590, 0.3046
0.6667, 0.2969
0.6743, 0.2854
0.6820, 0.2778
0.6858, 0.2739
0.6897, 0.2701
0.6935, 0.2663
0.7012, 0.2624
