0.0000, 0.6791
0.0037, 0.6716
0.0037, 0.6679
0.0037, 0.6567
0.0037, 0.6530
0.0075, 0.6492
0.0075, 0.6418
0.0075, 0.6381
0.0149, 0.6343
0.0149, 0.6269
0.0187, 0.6269
0.0187, 0.6231
0.0187, 0.6194
0.0224, 0.6194
0.0261, 0.6194
0.0298, 0.6157
0.0336, 0.6119
0.0448, 0.6082
0.0560, 0.6045
0.0709, 0.5970
0.0896, 0.5970
0.1007, 0.5933
0.1194, 0.5933
0.1418, 0.5933
0.1567, 0.5895
0.1716, 0.5895
0.1866, 0.5895
0.2090, 0.5895
0.2201, 0.5895
0.2388, 0.5895
0.2500, 0.5895
0.2687, 0.5895
0.2761, 0.5895
0.2910, 0.5933
0.2985, 0.5933
0.3097, 0.5933
0.3172, 0.6007
0.3284, 0.6007
0.3396, 0.6045
0.3433, 0.6045
0.3545, 0.6082
0.3619, 0.6082
0.3694, 0.6119
0.3769, 0.6157
0.3881, 0.6194
0.3955, 0.6231
0.4030, 0.6306
0.4142, 0.6306
0.4216, 0.6343
0.4291, 0.6381
0.4403, 0.6418
0.4552, 0.6492
0.4776, 0.6530
0.4925, 0.6642
0.5075, 0.6679
0.5224, 0.6716
0.5410, 0.6754
0.5560, 0.6791
0.5746, 0.6828
0.5895, 0.6903
0.6082, 0.6940
0.6194, 0.6978
0.6418, 0.7015
0.6567, 0.7015
0.6754, 0.7052
0.6866, 0.7052
0.7052, 0.7052
0.7239, 0.7052
0.7388, 0.7052
0.7575, 0.7052
0.7724, 0.7052
0.7910, 0.7052
0.8097, 0.7052
0.8246, 0.7052
0.8358, 0.7052
0.8545, 0.7052
0.8657, 0.7052
0.8843, 0.7015
0.8955, 0.7015
0.9104, 0.7015
0.9179, 0.7015
0.9328, 0.7015
0.9440, 0.6978
0.9515, 0.6978
0.9589, 0.6978
0.9701, 0.6978
0.9776, 0.6940
0.9813, 0.6940
0.9851, 0.6940
0.9888, 0.6940
0.9925, 0.6940
1.0000, 0.6940

0.2388, 0.6231
0.2351, 0.6194
0.2276, 0.6194
0.2239, 0.6157
0.2201, 0.6119
0.2164, 0.6119
0.2164, 0.6082
0.2127, 0.6045
0.2090, 0.5970
0.2052, 0.5895
0.1978, 0.5858
0.1978, 0.5821
0.1940, 0.5784
0.1903, 0.5709
0.1903, 0.5634
0.1866, 0.5597
0.1866, 0.5522
0.1866, 0.5485
0.1866, 0.5448
0.1866, 0.5410
0.1866, 0.5299
0.1866, 0.5261
0.1866, 0.5224
0.1866, 0.5149
0.1866, 0.5037
0.1866, 0.5000
0.1866, 0.4925
0.1866, 0.4888
0.1866, 0.4739
0.1866, 0.4701
0.1866, 0.4627
0.1866, 0.4515
0.1866, 0.4478
0.1866, 0.4328
0.1866, 0.4254
0.1866, 0.4179
0.1866, 0.4067
0.1866, 0.3992
0.1866, 0.3955
0.1866, 0.3881
0.1866, 0.3769
0.1903, 0.3731
0.1903, 0.3694
0.1903, 0.3657
0.1940, 0.3619
0.1940, 0.3582
0.1940, 0.3507
0.2015, 0.3470
0.2052, 0.3433
0.2052, 0.3396
0.2090, 0.3358
0.2127, 0.3321
0.2164, 0.3284
0.2164, 0.3246
0.2201, 0.3172
0.2239, 0.3134
0.2313, 0.3097
0.2351, 0.3097
0.2388, 0.3060
0.2425, 0.3060
0.2500, 0.3022
0.2537, 0.2985
0.2649, 0.2985
0.2761, 0.2948
0.2836, 0.2948
0.2985, 0.2948
0.3097, 0.2948
0.3284, 0.2948
0.3396, 0.2948
0.3545, 0.2948
0.3657, 0.2948
0.3769, 0.2985
0.3918, 0.3022
0.3992, 0.3060
0.4142, 0.3097
0.4216, 0.3134
0.4291, 0.3209
0.4366, 0.3246
0.4478, 0.3284
0.4552, 0.3321
0.4590, 0.3358
0.4664, 0.3396
0.4701, 0.3433
0.4776, 0.3433
0.4813, 0.3433
0.4851, 0.3470
0.4925, 0.3545
0.5000, 0.3545
0.5075, 0.3545
0.5149, 0.3582
0.5187, 0.3582
0.5261, 0.3582
0.5336, 0.3619
0.5410, 0.3619
0.5485, 0.3619
0.5560, 0.3619
0.5634, 0.3619
0.5746, 0.3619
0.5821, 0.3619
0.5895, 0.3619
0.6007, 0.3619
0.6119, 0.3619
0.6231, 0.3619
0.6343, 0.3619
0.6455, 0.3619
0.6567, 0.3619
0.6716, 0.3619
0.6866, 0.3619
0.7015, 0.3619
0.7090, 0.3619
0.7276, 0.3619
0.7351, 0.3619
0.7425, 0.3619
0.7537, 0.3619
0.7649, 0.3619
0.7724, 0.3619
0.7799, 0.3619
0.7910, 0.3619
0.7948, 0.3619
0.8022, 0.3619
0.8097, 0.3619
0.8172, 0.3619
0.8209, 0.3619
0.8246, 0.3582
0.8284, 0.3582
0.8321, 0.3582
0.8358, 0.3582
0.8395, 0.3507
0.8470, 0.3507
0.8507, 0.3470
0.8582, 0.3433
0.8619, 0.3433
0.8657, 0.3396
0.8694, 0.3358
0.8806, 0.3358
0.8843, 0.3321
0.8881, 0.3284
0.8918, 0.3246
0.8955, 0.3246
0.9030, 0.3246
0.9104, 0.3172
0.9179, 0.3172
0.9254, 0.3134
0.9291, 0.3134
0.9328, 0.3097

0.5522, 0.3881
0.5522, 0.3806
0.5522, 0.3694
0.5522, 0.3657
0.5560, 0.3582
0.5560, 0.3507
0.5597, 0.3396
0.5634, 0.3358
0.5709, 0.3284
0.5746, 0.3172
0.5784, 0.3134
0.5821, 0.3060
0.5858, 0.3022
0.5895, 0.2985
