0.0000, 0.7266
0.0075, 0.7079
0.0150, 0.6966
0.0225, 0.6817
0.0337, 0.6742
0.0412, 0.6667
0.0487, 0.6592
0.0599, 0.6517
0.0674, 0.6479
0.0749, 0.6442
0.0861, 0.6404
0.1011, 0.6367
0.1161, 0.6330
0.1348, 0.6330
0.1610, 0.6255
0.1873, 0.6255
0.2097, 0.6255
0.2322, 0.6255
0.2509, 0.6255
0.2697, 0.6255
0.2884, 0.6255
0.3034, 0.6255
0.3221, 0.6292
0.3446, 0.6292
0.3745, 0.6367
0.3895, 0.6367
0.4157, 0.6442
0.4382, 0.6442
0.4532, 0.6479
0.4719, 0.6517
0.4869, 0.6554
0.5094, 0.6629
0.5468, 0.6704
0.5693, 0.6742
0.5955, 0.6817
0.6180, 0.6854
0.6330, 0.6929
0.6479, 0.6966
0.6629, 0.7004
0.6816, 0.7041
0.7041, 0.7079
0.7229, 0.7079
0.7416, 0.7116
0.7603, 0.7116
0.7790, 0.7154
0.7865, 0.7154
0.7978, 0.7154
0.8127, 0.7154
0.8240, 0.7154
0.8390, 0.7154
0.8539, 0.7154
0.8727, 0.7154
0.8839, 0.7154
0.8989, 0.7154
0.9139, 0.7116
0.9288, 0.7116
0.9401, 0.7079
0.9476, 0.7079
0.9588, 0.7041
0.9625, 0.7041
0.9700, 0.7004
0.9738, 0.7004
0.9775, 0.7004
0.9813, 0.7004
0.9888, 0.7004
0.9925, 0.7004
0.9963, 0.7004

0.1873, 0.6180
0.1873, 0.6142
0.1760, 0.6105
0.1723, 0.6030
0.1685, 0.5993
0.1685, 0.5955
0.1648, 0.5918
0.1610, 0.5880
0.1573, 0.5805
0.1535, 0.5768
0.1461, 0.5693
0.1461, 0.5618
0.1423, 0.5581
0.1386, 0.5543
0.1386, 0.5468
0.1386, 0.5356
0.1348, 0.5281
0.1311, 0.5206
0.1311, 0.5094
0.1311, 0.5019
0.1311, 0.4944
0.1311, 0.4869
0.1311, 0.4757
0.1273, 0.4682
0.1273, 0.4569
0.1273, 0.4457
0.1273, 0.4382
0.1273, 0.4307
0.1273, 0.4232
0.1273, 0.4120
0.1273, 0.4045
0.1273, 0.4008
0.1311, 0.3933
0.1311, 0.3858
0.1348, 0.3783
0.1386, 0.3745
0.1386, 0.3708
0.1423, 0.3670
0.1423, 0.3633
0.1498, 0.3558
0.1535, 0.3521
0.1535, 0.3483
0.1573, 0.3483
0.1610, 0.3446
0.1610, 0.3408
0.1648, 0.3371
0.1685, 0.3333
0.1760, 0.3296
0.1835, 0.3221
0.1873, 0.3221
0.1948, 0.3183
0.1985, 0.3146
0.2022, 0.3146
0.2135, 0.3109
0.2172, 0.3109
0.2247, 0.3109
0.2285, 0.3071
0.2434, 0.3071
0.2509, 0.3071
0.2584, 0.3071
0.2734, 0.3071
0.2809, 0.3071
0.2921, 0.3071
0.2996, 0.3071
0.3146, 0.3071
0.3221, 0.3071
0.3296, 0.3071
0.3371, 0.3109
0.3446, 0.3109
0.3483, 0.3109
0.3558, 0.3109
0.3670, 0.3109
0.3708, 0.3109
0.3745, 0.3109
0.3820, 0.3109
0.3895, 0.3109
0.4007, 0.3109
0.4120, 0.3109
0.4232, 0.3146
0.4382, 0.3146
0.4457, 0.3183
0.4607, 0.3183
0.4682, 0.3258
0.4756, 0.3258
0.4906, 0.3296
0.4981, 0.3296
0.5094, 0.3333
0.5243, 0.3371
0.5393, 0.3371
0.5543, 0.3371
0.5655, 0.3408
0.5843, 0.3446
0.6030, 0.3446
0.6255, 0.3446
0.6517, 0.3446
0.6779, 0.3446
0.6966, 0.3446
0.7229, 0.3446
0.7453, 0.3446
0.7603, 0.3483
0.7828, 0.3483
0.8052, 0.3483
0.8202, 0.3483
0.8390, 0.3483
0.8577, 0.3483
0.8689, 0.3483
0.8801, 0.3483
0.8951, 0.3483
0.9064, 0.3483
0.9139, 0.3483
0.9251, 0.3446
0.9326, 0.3446
0.9401, 0.3446
0.9513, 0.3446
0.9551, 0.3446
0.9625, 0.3408
0.9700, 0.3408
0.9813, 0.3408
0.9888, 0.3371
0.9925, 0.3371
0.9963, 0.3371
1.0000, 0.3371
1.0000, 0.3333

0.6517, 0.4307
0.6517, 0.4270
0.6554, 0.4157
0.6592, 0.4045
0.6667, 0.3970
0.6779, 0.3820
0.6816, 0.3708
0.6891, 0.3633
0.6929, 0.3521
0.6966, 0.3446
0.7041, 0.3371
0.7079, 0.3333
0.7116, 0.3221
0.7154, 0.3183
0.7191, 0.3146
0.7229, 0.3071
0.7266, 0.3034
0.7266, 0.2996
0.7266, 0.2921
0.7341, 0.2921
0.7341, 0.2884
0.7378, 0.2846
0.7378, 0.2809
0.7378, 0.2772
0.7378, 0.2734
