0.0000, 0.7833
0.0000, 0.7786
0.0000, 0.7691
0.0000, 0.7643
0.0000, 0.7595
0.0000, 0.7548
0.0000, 0.7500
0.0000, 0.7452
0.0000, 0.7405
0.0000, 0.7310
0.0048, 0.7262
0.0048, 0.7214
0.0095, 0.7167
0.0143, 0.7119
0.0238, 0.7071
0.0333, 0.6929
0.0429, 0.6881
0.0619, 0.6833
0.0809, 0.6786
0.1000, 0.6738
0.1190, 0.6738
0.1333, 0.6691
0.1524, 0.6691
0.1667, 0.6691
0.1857, 0.6691
0.2000, 0.6691
0.2095, 0.6691
0.2286, 0.6691
0.2429, 0.6691
0.2619, 0.6691
0.2762, 0.6691
0.2857, 0.6691
0.3048, 0.6691
0.3190, 0.6738
0.3381, 0.6738
0.3524, 0.6786
0.3762, 0.6833
0.3905, 0.6833
0.4143, 0.6881
0.4286, 0.6881
0.4381, 0.6976
0.4572, 0.6976
0.4714, 0.7024
0.4809, 0.7024
0.4952, 0.7071
0.5048, 0.7071
0.5286, 0.7119
0.5429, 0.7119
0.5667, 0.7167
0.5857, 0.7167
0.6095, 0.7214
0.6333, 0.7310
0.6571, 0.7310
0.6857, 0.7357
0.7048, 0.7357
0.7238, 0.7405
0.7429, 0.7405
0.7619, 0.7452
0.7809, 0.7452
0.8000, 0.7452
0.8095, 0.7452
0.8238, 0.7452
0.8333, 0.7452
0.8524, 0.7452
0.8667, 0.7452
0.8810, 0.7452
0.8952, 0.7452
0.9048, 0.7452
0.9238, 0.7452
0.9333, 0.7452
0.9429, 0.7452
0.9571, 0.7452
0.9667, 0.7452
0.9714, 0.7452
0.9762, 0.7452
0.9810, 0.7452
0.9857, 0.7405
0.9905, 0.7405
1.0000, 0.7357
1.0000, 0.7262
1.0000, 0.7214
0.9952, 0.7167

0.3000, 0.6310
0.2952, 0.6310
0.2905, 0.6310
0.2810, 0.6310
0.2714, 0.6310
0.2571, 0.6262
0.2476, 0.6214
0.2381, 0.6119
0.2286, 0.6024
0.2143, 0.5929
0.2048, 0.5881
0.2000, 0.5738
0.1905, 0.5690
0.1905, 0.5595
0.1762, 0.5500
0.1762, 0.5452
0.1714, 0.5310
0.1667, 0.5214
0.1667, 0.5167
0.1619, 0.4976
0.1571, 0.4881
0.1571, 0.4786
0.1571, 0.4690
0.1524, 0.4548
0.1524, 0.4405
0.1524, 0.4310
0.1524, 0.4167
0.1524, 0.4071
0.1524, 0.3976
0.1524, 0.3881
0.1524, 0.3738
0.1524, 0.3643
0.1524, 0.3548
0.1524, 0.3405
0.1571, 0.3310
0.1619, 0.3262
0.1619, 0.3167
0.1714, 0.3072
0.1714, 0.2976
0.1857, 0.2881
0.1905, 0.2833
0.1952, 0.2786
0.2048, 0.2738
0.2095, 0.2690
0.2238, 0.2595
0.2381, 0.2500
0.2476, 0.2452
0.2667, 0.2405
0.2762, 0.2405
0.2905, 0.2357
0.3048, 0.2357
0.3190, 0.2309
0.3333, 0.2309
0.3476, 0.2309
0.3619, 0.2309
0.3810, 0.2309
0.3952, 0.2309
0.4095, 0.2309
0.4286, 0.2309
0.4476, 0.2309
0.4714, 0.2309
0.4905, 0.2309
0.5095, 0.2309
0.5238, 0.2357
0.5381, 0.2405
0.5524, 0.2405
0.5619, 0.2452
0.5810, 0.2452
0.5905, 0.2452
0.6048, 0.2500
0.6190, 0.2500
0.6333, 0.2548
0.6429, 0.2548
0.6571, 0.2548
0.6667, 0.2548
0.6762, 0.2643
0.6857, 0.2643
0.7000, 0.2643
0.7095, 0.2643
0.7190, 0.2643
0.7381, 0.2643
0.7429, 0.2643
0.7524, 0.2643
0.7619, 0.2643
0.7762, 0.2643
0.7857, 0.2643
0.7952, 0.2643
0.8048, 0.2643
0.8238, 0.2643
0.8333, 0.2643
0.8524, 0.2643
0.8619, 0.2643
0.8714, 0.2643
0.8857, 0.2643
0.9000, 0.2643
0.9095, 0.2643
0.9143, 0.2643
0.9238, 0.2643
0.9333, 0.2643
0.9429, 0.2643
0.9476, 0.2643
0.9524, 0.2643
0.9571, 0.2643
0.9619, 0.2643
0.9714, 0.2595
0.9762, 0.2548
0.9810, 0.2500
0.9857, 0.2452
0.9905, 0.2405
0.9905, 0.2357
0.9952, 0.2309
0.9952, 0.2214
0.9952, 0.2167

0.7429, 0.3833
0.7429, 0.3786
0.7429, 0.3643
0.7429, 0.3548
0.7429, 0.3405
0.7429, 0.3310
0.7476, 0.3214
0.7524, 0.3119
0.7524, 0.2976
0.7619, 0.2881
0.7619, 0.2786
0.7667, 0.2738
0.7762, 0.2690
0.7857, 0.2548
0.7905, 0.2500
0.7952, 0.2452
0.8000, 0.2405
0.8048, 0.2405
