0.9606, 0.0504
0.9606, 0.0504
0.9606, 0.0504
0.9606, 0.0504
0.9606, 0.0504
0.9606, 0.0504
0.9606, 0.0504
0.9606, 0.0504
0.9606, 0.0504
0.9606, 0.0504
0.9606, 0.0504
0.9606, 0.0504
0.9606, 0.0504
0.9606, 0.0504
0.9606, 0.0504
0.9606, 0.0504
0.9606, 0.0504
0.9606, 0.0504
0.9606, 0.0504
0.9606, 0.0504
0.9606, 0.0504
0.9606, 0.0504
0.9606, 0.0504
0.9606, 0.0504
0.9606, 0.0504
0.9606, 0.0504
0.9606, 0.0504
0.9606, 0.0504
0.9606, 0.0504
0.9606, 0.0504
0.9606, 0.0504
0.9606, 0.0504
0.9606, 0.0504
0.9606, 0.0504
0.9606, 0.0504
0.9606, 0.0504
0.9606, 0.0504
0.9606, 0.0504
0.9606, 0.0504
0.9606, 0.0504
0.9606, 0.0504
0.9606, 0.0504
0.9606, 0.0504
0.9606, 0.0504
0.9606, 0.0504
0.9606, 0.0504
0.9606, 0.0504
0.9606, 0.0504
0.9606, 0.0504
0.9606, 0.0504
0.9606, 0.0504
0.9606, 0.0504
0.9606, 0.0504
0.9606, 0.0504
0.9606, 0.0504
0.9606, 0.0504
0.9606, 0.0504
0.9606, 0.0504
0.9606, 0.0504
0.9606, 0.0504
0.9606, 0.0504
0.9606, 0.0504
0.9606, 0.0504
0.9606, 0.0504
0.9606, 0.0504
0.9606, 0.0504
0.9606, 0.0504
0.9606, 0.0504
0.9606, 0.0504
0.9606, 0.0504
0.9606, 0.0504
0.9606, 0.0504
0.9606, 0.0504
0.9606, 0.0504
0.9606, 0.0504
0.9606, 0.0504
0.9606, 0.0504
0.9606, 0.0504
0.9606, 0.0504
0.9606, 0.0504
0.9606, 0.0504
0.9606, 0.0504
0.9606, 0.0504
0.9606, 0.0504
0.9606, 0.0504
0.9606, 0.0504
0.9606, 0.0504
0.9606, 0.0504
0.9606, 0.0504
0.9606, 0.0504
0.9606, 0.0504
0.9606, 0.0504
0.9606, 0.0504
0.9606, 0.0504
0.9606, 0.0504
0.9606, 0.0504
0.9606, 0.0504
0.9606, 0.0504
0.9606, 0.0504
0.9606, 0.0504
0.9606, 0.0504
0.9606, 0.0504
0.9606, 0.0504
0.9606, 0.0504
0.9606, 0.0504
0.9606, 0.0504
0.9606, 0.0504
0.9606, 0.0504
0.9606, 0.0504
0.9606, 0.0504
0.9606, 0.0504
0.9606, 0.0504
0.9606, 0.0504
0.9606, 0.0504
0.9606, 0.0504
0.9606, 0.0504
0.9606, 0.0504
0.9606, 0.0504
0.9606, 0.0504
0.9606, 0.0504
0.9606, 0.0504
0.9606, 0.0504
0.9606, 0.0504
0.9606, 0.0504
0.9606, 0.0504
0.9606, 0.0504
0.9606, 0.0504
0.9606, 0.0504
0.9606, 0.0504
0.9606, 0.0504
0.9606, 0.0504
0.9606, 0.0504
0.9606, 0.0504
0.9606, 0.0504
0.9606, 0.0504
0.9606, 0.0504
0.9606, 0.0504
0.9606, 0.0504
0.9606, 0.0504
0.9606, 0.0504
0.9606, 0.0531
0.9606, 0.0531
0.9606, 0.0531
0.9606, 0.0531
0.9606, 0.0531
0.9606, 0.0531
0.9606, 0.0531
0.9606, 0.0531
0.9606, 0.0531
0.9606, 0.0531
0.9606, 0.0531
0.9606, 0.0531
0.9606, 0.0531
0.9606, 0.0557
0.9606, 0.0557
0.9606, 0.0557
0.9606, 0.0557
0.9568, 0.0557
0.9568, 0.0557
0.9568, 0.0557
0.9568, 0.0557
0.9530, 0.0557
0.9530, 0.0557
0.9530, 0.0557
0.9530, 0.0557
0.9530, 0.0584
0.9530, 0.0584
0.9530, 0.0584
0.9530, 0.0584
0.9530, 0.0584
0.9530, 0.0584
0.9530, 0.0584
0.9530, 0.0584
0.9530, 0.0584
0.9493, 0.0584
0.9493, 0.0584
0.9493, 0.0584
0.9493, 0.0584
0.9454, 0.0584
0.9454, 0.0584
0.9454, 0.0584
0.9454, 0.0584
0.9417, 0.0584
0.9417, 0.0584
0.9417, 0.0584
0.9417, 0.0584
0.9417, 0.0584
0.9417, 0.0584
0.9417, 0.0584
0.9417, 0.0584
0.9378, 0.0610
0.9378, 0.0610
0.9378, 0.0610
0.9341, 0.0610
0.9341, 0.0610
0.9341, 0.0610
0.9341, 0.0610
0.9341, 0.0610
0.9341, 0.0610
0.9341, 0.0610
0.9341, 0.0610
0.9302, 0.0610
0.9302, 0.0610
0.9302, 0.0610
0.9302, 0.0610
0.9265, 0.0637
0.9265, 0.0637
0.9265, 0.0637
0.9265, 0.0637
0.9265, 0.0637
0.9265, 0.0637
0.9265, 0.0637
0.9265, 0.0637
0.9227, 0.0637
0.9227, 0.0637
0.9227, 0.0637
0.9227, 0.0637
0.9227, 0.0637
0.9227, 0.0637
0.9227, 0.0637
0.9227, 0.0637
0.9189, 0.0637
0.9189, 0.0637
0.9189, 0.0637
0.9189, 0.0637
0.9189, 0.0637
0.9189, 0.0637
0.9189, 0.0637
0.9189, 0.0637
0.9189, 0.0637
0.9151, 0.0637
0.9151, 0.0637
0.9151, 0.0637
0.9151, 0.0637
0.9151, 0.0637
0.9151, 0.0637
0.9151, 0.0637
0.9151, 0.0637
0.9113, 0.0663
0.9113, 0.0663
0.9113, 0.0663
0.9113, 0.0663
0.9075, 0.0663
0.9075, 0.0663
0.9075, 0.0663
0.9075, 0.0663
0.9037, 0.0663
0.9037, 0.0663
0.9037, 0.0663
0.9037, 0.0690
0.9037, 0.0690
0.9037, 0.0690
0.9037, 0.0690
0.8999, 0.0690
0.8999, 0.0690
0.8999, 0.0690
0.8999, 0.0690
0.8962, 0.0690
0.8962, 0.0690
0.8962, 0.0690
0.8962, 0.0690
0.8962, 0.0716
0.8962, 0.0716
0.8962, 0.0716
0.8962, 0.0716
0.8923, 0.0716
0.8923, 0.0716
0.8923, 0.0716
0.8923, 0.0716
0.8847, 0.0716
0.8847, 0.0716
0.8847, 0.0716
0.8847, 0.0716
0.8847, 0.0716
0.8847, 0.0716
0.8847, 0.0716
0.8847, 0.0716
0.8810, 0.0716
0.8810, 0.0716
0.8810, 0.0716
0.8810, 0.0716
0.8772, 0.0716
0.8772, 0.0716
0.8772, 0.0716
0.8772, 0.0716
0.8772, 0.0743
0.8772, 0.0743
0.8772, 0.0743
0.8734, 0.0743
0.8734, 0.0743
0.8734, 0.0743
0.8734, 0.0743
0.8696, 0.0743
0.8696, 0.0743
0.8696, 0.0743
0.8696, 0.0743
0.8658, 0.0769
0.8658, 0.0769
0.8658, 0.0769
0.8658, 0.0769
0.8658, 0.0769
0.8658, 0.0769
0.8658, 0.0769
0.8658, 0.0769
0.8620, 0.0769
0.8620, 0.0769
0.8620, 0.0769
0.8620, 0.0769
0.8620, 0.0769
0.8582, 0.0769
0.8582, 0.0769
0.8582, 0.0769
0.8582, 0.0769
0.8582, 0.0769
0.8582, 0.0769
0.8582, 0.0769
0.8544, 0.0769
0.8544, 0.0769
0.8544, 0.0769
0.8544, 0.0769
0.8507, 0.0769
0.8507, 0.0769
0.8507, 0.0769
0.8507, 0.0769
0.8468, 0.0796
0.8468, 0.0796
0.8468, 0.0796
0.8468, 0.0796
0.8468, 0.0796
0.8468, 0.0796
0.8468, 0.0796
0.8468, 0.0796
0.8431, 0.0796
0.8431, 0.0796
0.8431, 0.0796
0.8392, 0.0822
0.8392, 0.0822
0.8392, 0.0822
0.8392, 0.0822
0.8392, 0.0822
0.8392, 0.0822
0.8392, 0.0822
0.8392, 0.0822
0.8355, 0.0822
0.8355, 0.0822
0.8355, 0.0822
0.8355, 0.0822
0.8317, 0.0849
0.8317, 0.0849
0.8317, 0.0849
0.8317, 0.0849
0.8279, 0.0849
0.8279, 0.0849
0.8279, 0.0849
0.8279, 0.0849
0.8279, 0.0849
0.8279, 0.0849
0.8279, 0.0849
0.8242, 0.0849
0.8242, 0.0849
0.8242, 0.0849
0.8242, 0.0849
0.8166, 0.0849
0.8166, 0.0849
0.8166, 0.0849
0.8166, 0.0849
0.8166, 0.0849
0.8166, 0.0849
0.8166, 0.0849
0.8166, 0.0849
0.8127, 0.0849
0.8127, 0.0849
0.8127, 0.0849
0.8090, 0.0849
0.8090, 0.0849
0.8090, 0.0849
0.8090, 0.0849
0.8090, 0.0875
0.8090, 0.0875
0.8090, 0.0875
0.8090, 0.0875
0.8051, 0.0875
0.8051, 0.0875
0.8051, 0.0875
0.8051, 0.0875
0.8014, 0.0875
0.8014, 0.0875
0.8014, 0.0875
0.8014, 0.0875
0.8014, 0.0875
0.8014, 0.0875
0.8014, 0.0875
0.8014, 0.0875
0.7976, 0.0875
0.7976, 0.0875
0.7976, 0.0875
0.7938, 0.0875
0.7938, 0.0875
0.7938, 0.0875
0.7938, 0.0875
0.7900, 0.0875
0.7900, 0.0875
0.7900, 0.0875
0.7900, 0.0875
0.7900, 0.0875
0.7900, 0.0875
0.7900, 0.0875
0.7900, 0.0875
0.7862, 0.0902
0.7862, 0.0902
0.7862, 0.0902
0.7862, 0.0902
0.7824, 0.0902
0.7824, 0.0902
0.7824, 0.0902
0.7824, 0.0902
0.7824, 0.0902
0.7824, 0.0902
0.7824, 0.0902
0.7824, 0.0902
0.7748, 0.0902
0.7748, 0.0902
0.7748, 0.0902
0.7748, 0.0902
0.7711, 0.0902
0.7711, 0.0902
0.7711, 0.0902
0.7711, 0.0902
0.7711, 0.0902
0.7711, 0.0902
0.7711, 0.0902
0.7711, 0.0902
0.7672, 0.0902
0.7672, 0.0902
0.7672, 0.0902
0.7635, 0.0902
0.7635, 0.0902
0.7635, 0.0902
0.7635, 0.0902
0.7596, 0.0902
0.7596, 0.0902
0.7596, 0.0902
0.7596, 0.0902
0.7559, 0.0902
0.7559, 0.0902
0.7559, 0.0902
0.7559, 0.0902
0.7521, 0.0902
0.7521, 0.0902
0.7521, 0.0902
0.7521, 0.0902
0.7521, 0.0902
0.7521, 0.0902
0.7521, 0.0902
0.7521, 0.0902
0.7483, 0.0902
0.7483, 0.0902
0.7483, 0.0902
0.7483, 0.0902
0.7407, 0.0902
0.7407, 0.0902
0.7407, 0.0902
0.7407, 0.0902
0.7407, 0.0902
0.7407, 0.0902
0.7407, 0.0902
0.7369, 0.0902
0.7369, 0.0902
0.7369, 0.0902
0.7369, 0.0902
0.7331, 0.0902
0.7331, 0.0902
0.7331, 0.0902
0.7331, 0.0902
0.7293, 0.0902
0.7293, 0.0902
0.7293, 0.0902
0.7293, 0.0902
0.7293, 0.0902
0.7293, 0.0902
0.7293, 0.0902
0.7256, 0.0902
0.7256, 0.0902
0.7256, 0.0902
0.7256, 0.0902
0.7217, 0.0902
0.7217, 0.0902
0.7217, 0.0902
0.7217, 0.0902
0.7180, 0.0902
0.7180, 0.0902
0.7180, 0.0902
0.7141, 0.0902
0.7141, 0.0902
0.7141, 0.0902
0.7141, 0.0902
0.7104, 0.0902
0.7104, 0.0902
0.7104, 0.0902
0.7104, 0.0902
0.7066, 0.0902
0.7066, 0.0902
0.7066, 0.0902
0.7028, 0.0902
0.7028, 0.0902
0.7028, 0.0902
0.7028, 0.0902
0.6991, 0.0902
0.6991, 0.0902
0.6991, 0.0902
0.6991, 0.0902
0.6952, 0.0902
0.6952, 0.0902
0.6952, 0.0902
0.6952, 0.0902
0.6915, 0.0902
0.6915, 0.0902
0.6915, 0.0902
0.6876, 0.0902
0.6876, 0.0902
0.6876, 0.0902
0.6876, 0.0902
0.6876, 0.0902
0.6876, 0.0902
0.6876, 0.0902
0.6876, 0.0902
0.6839, 0.0902
0.6839, 0.0902
0.6839, 0.0902
0.6801, 0.0902
0.6801, 0.0902
0.6801, 0.0902
0.6801, 0.0902
0.6763, 0.0875
0.6763, 0.0875
0.6763, 0.0875
0.6725, 0.0875
0.6725, 0.0875
0.6725, 0.0875
0.6725, 0.0875
0.6687, 0.0875
0.6687, 0.0875
0.6687, 0.0875
0.6687, 0.0875
0.6649, 0.0875
0.6649, 0.0875
0.6649, 0.0875
0.6611, 0.0875
0.6611, 0.0875
0.6611, 0.0875
0.6611, 0.0875
0.6573, 0.0875
0.6573, 0.0875
0.6573, 0.0875
0.6573, 0.0875
0.6573, 0.0849
0.6573, 0.0849
0.6573, 0.0849
0.6573, 0.0849
0.6536, 0.0849
0.6536, 0.0849
0.6536, 0.0849
0.6497, 0.0849
0.6497, 0.0849
0.6497, 0.0849
0.6497, 0.0849
0.6497, 0.0849
0.6497, 0.0849
0.6497, 0.0849
0.6497, 0.0849
0.6460, 0.0849
0.6460, 0.0849
0.6460, 0.0849
0.6460, 0.0849
0.6421, 0.0822
0.6421, 0.0822
0.6421, 0.0822
0.6421, 0.0822
0.6421, 0.0822
0.6421, 0.0822
0.6421, 0.0822
0.6421, 0.0822
0.6384, 0.0822
0.6384, 0.0822
0.6384, 0.0822
0.6346, 0.0822
0.6346, 0.0822
0.6346, 0.0822
0.6346, 0.0822
0.6308, 0.0796
0.6308, 0.0796
0.6308, 0.0796
0.6308, 0.0796
0.6270, 0.0796
0.6270, 0.0796
0.6270, 0.0796
0.6232, 0.0796
0.6232, 0.0796
0.6232, 0.0796
0.6232, 0.0796
0.6194, 0.0796
0.6194, 0.0796
0.6194, 0.0796
0.6194, 0.0796
0.6194, 0.0796
0.6194, 0.0796
0.6194, 0.0796
0.6194, 0.0796
0.6156, 0.0769
0.6156, 0.0769
0.6156, 0.0769
0.6118, 0.0769
0.6118, 0.0769
0.6118, 0.0769
0.6118, 0.0769
0.6118, 0.0769
0.6118, 0.0769
0.6118, 0.0769
0.6118, 0.0769
0.6081, 0.0769
0.6081, 0.0769
0.6081, 0.0769
0.6042, 0.0743
0.6042, 0.0743
0.6042, 0.0743
0.6042, 0.0743
0.6042, 0.0743
0.6042, 0.0743
0.6042, 0.0743
0.6042, 0.0743
0.6005, 0.0743
0.6005, 0.0743
0.6005, 0.0743
0.6005, 0.0716
0.6005, 0.0716
0.6005, 0.0716
0.6005, 0.0716
0.5966, 0.0716
0.5966, 0.0716
0.5966, 0.0716
0.5966, 0.0716
0.5929, 0.0716
0.5929, 0.0716
0.5929, 0.0716
0.5929, 0.0716
0.5929, 0.0716
0.5929, 0.0716
0.5929, 0.0716
0.5890, 0.0716
0.5890, 0.0716
0.5890, 0.0716
0.5890, 0.0716
0.5853, 0.0716
0.5853, 0.0716
0.5853, 0.0716
0.5853, 0.0716
0.5815, 0.0690
0.5815, 0.0690
0.5815, 0.0690
0.5815, 0.0690
0.5815, 0.0690
0.5815, 0.0690
0.5815, 0.0690
0.5777, 0.0663
0.5777, 0.0663
0.5777, 0.0663
0.5777, 0.0663
0.5739, 0.0663
0.5739, 0.0663
0.5739, 0.0663
0.5739, 0.0663
0.5739, 0.0663
0.5739, 0.0663
0.5739, 0.0663
0.5701, 0.0663
0.5701, 0.0663
0.5701, 0.0663
0.5701, 0.0663
0.5664, 0.0663
0.5664, 0.0663
0.5664, 0.0663
0.5625, 0.0663
0.5625, 0.0663
0.5625, 0.0663
0.5625, 0.0663
0.5625, 0.0663
0.5625, 0.0663
0.5625, 0.0663
0.5625, 0.0663
0.5625, 0.0637
0.5625, 0.0637
0.5625, 0.0637
0.5625, 0.0637
0.5588, 0.0637
0.5588, 0.0637
0.5588, 0.0637
0.5550, 0.0637
0.5550, 0.0637
0.5550, 0.0637
0.5550, 0.0637
0.5550, 0.0610
0.5550, 0.0610
0.5550, 0.0610
0.5512, 0.0610
0.5512, 0.0610
0.5512, 0.0610
0.5474, 0.0610
0.5474, 0.0610
0.5474, 0.0610
0.5436, 0.0584
0.5436, 0.0584
0.5436, 0.0584
0.5436, 0.0584
0.5436, 0.0584
0.5436, 0.0584
0.5436, 0.0584
0.5398, 0.0584
0.5398, 0.0584
0.5398, 0.0584
0.5398, 0.0584
0.5360, 0.0584
0.5360, 0.0584
0.5360, 0.0584
0.5360, 0.0584
0.5360, 0.0584
0.5360, 0.0584
0.5360, 0.0584
0.5322, 0.0584
0.5322, 0.0584
0.5322, 0.0584
0.5285, 0.0584
0.5285, 0.0584
0.5285, 0.0584
0.5285, 0.0584
0.5285, 0.0584
0.5285, 0.0584
0.5285, 0.0584
0.5285, 0.0584
0.5246, 0.0584
0.5246, 0.0584
0.5246, 0.0584
0.5246, 0.0557
0.5246, 0.0557
0.5246, 0.0557
0.5246, 0.0557
0.5246, 0.0557
0.5246, 0.0557
0.5246, 0.0557
0.5209, 0.0557
0.5209, 0.0557
0.5209, 0.0557
0.5170, 0.0557
0.5170, 0.0557
0.5170, 0.0557
0.5170, 0.0557
0.5170, 0.0557
0.5170, 0.0557
0.5170, 0.0557
0.5133, 0.0557
0.5133, 0.0557
0.5133, 0.0557
0.5133, 0.0557
0.5057, 0.0531
0.5057, 0.0531
0.5057, 0.0531
0.5057, 0.0531
0.5057, 0.0531
0.5057, 0.0531
0.5057, 0.0531
0.5019, 0.0531
0.5019, 0.0531
0.5019, 0.0531
0.5019, 0.0531
0.4981, 0.0531
0.4981, 0.0531
0.4981, 0.0531
0.4981, 0.0531
0.4981, 0.0531
0.4981, 0.0531
0.4981, 0.0531
0.4981, 0.0531
0.4981, 0.0531
0.4981, 0.0531
0.4981, 0.0531
0.4943, 0.0531
0.4943, 0.0531
0.4943, 0.0531
0.4905, 0.0531
0.4905, 0.0531
0.4905, 0.0531
0.4905, 0.0531
0.4867, 0.0531
0.4867, 0.0531
0.4867, 0.0531
0.4867, 0.0531
0.4867, 0.0531
0.4867, 0.0531
0.4867, 0.0531
0.4830, 0.0504
0.4830, 0.0504
0.4830, 0.0504
0.4830, 0.0504
0.4791, 0.0504
0.4791, 0.0504
0.4791, 0.0504
0.4791, 0.0504
0.4791, 0.0504
0.4791, 0.0504
0.4791, 0.0504
0.4754, 0.0504
0.4754, 0.0504
0.4754, 0.0504
0.4715, 0.0504
0.4715, 0.0504
0.4715, 0.0504
0.4715, 0.0504
0.4678, 0.0504
0.4678, 0.0504
0.4678, 0.0504
0.4640, 0.0504
0.4640, 0.0504
0.4640, 0.0504
0.4602, 0.0477
0.4602, 0.0477
0.4602, 0.0477
0.4602, 0.0477
0.4564, 0.0477
0.4564, 0.0477
0.4564, 0.0477
0.4564, 0.0477
0.4564, 0.0477
0.4564, 0.0477
0.4526, 0.0477
0.4526, 0.0477
0.4526, 0.0477
0.4526, 0.0477
0.4488, 0.0477
0.4488, 0.0477
0.4488, 0.0477
0.4488, 0.0477
0.4488, 0.0477
0.4488, 0.0477
0.4488, 0.0477
0.4450, 0.0477
0.4450, 0.0477
0.4450, 0.0477
0.4412, 0.0477
0.4412, 0.0477
0.4412, 0.0477
0.4412, 0.0477
0.4412, 0.0477
0.4412, 0.0477
0.4412, 0.0477
0.4336, 0.0477
0.4336, 0.0477
0.4336, 0.0477
0.4336, 0.0477
0.4299, 0.0477
0.4299, 0.0477
0.4299, 0.0477
0.4299, 0.0477
0.4299, 0.0477
0.4299, 0.0477
0.4261, 0.0477
0.4261, 0.0477
0.4261, 0.0477
0.4261, 0.0477
0.4223, 0.0477
0.4223, 0.0477
0.4223, 0.0477
0.4185, 0.0477
0.4185, 0.0477
0.4185, 0.0477
0.4185, 0.0477
0.4147, 0.0477
0.4147, 0.0477
0.4147, 0.0477
0.4110, 0.0477
0.4110, 0.0477
0.4110, 0.0477
0.4110, 0.0477
0.4110, 0.0477
0.4110, 0.0477
0.4110, 0.0477
0.4071, 0.0477
0.4071, 0.0477
0.4071, 0.0477
0.4071, 0.0477
0.4034, 0.0477
0.4034, 0.0477
0.4034, 0.0477
0.3995, 0.0477
0.3995, 0.0477
0.3995, 0.0477
0.3995, 0.0477
0.3995, 0.0477
0.3995, 0.0477
0.3995, 0.0477
0.3958, 0.0477
0.3958, 0.0477
0.3958, 0.0477
0.3958, 0.0477
0.3919, 0.0477
0.3919, 0.0477
0.3919, 0.0477
0.3919, 0.0477
0.3919, 0.0477
0.3919, 0.0477
0.3919, 0.0477
0.3882, 0.0477
0.3882, 0.0477
0.3882, 0.0477
0.3844, 0.0477
0.3844, 0.0477
0.3844, 0.0477
0.3844, 0.0477
0.3806, 0.0477
0.3806, 0.0477
0.3806, 0.0477
0.3806, 0.0477
0.3806, 0.0477
0.3806, 0.0477
0.3806, 0.0477
0.3768, 0.0477
0.3768, 0.0477
0.3768, 0.0477
0.3730, 0.0477
0.3730, 0.0477
0.3730, 0.0477
0.3730, 0.0477
0.3730, 0.0477
0.3730, 0.0477
0.3730, 0.0477
0.3692, 0.0477
0.3692, 0.0477
0.3692, 0.0477
0.3692, 0.0477
0.3654, 0.0477
0.3654, 0.0477
0.3654, 0.0477
0.3616, 0.0477
0.3616, 0.0477
0.3616, 0.0477
0.3616, 0.0477
0.3616, 0.0477
0.3616, 0.0477
0.3616, 0.0477
0.3579, 0.0477
0.3579, 0.0477
0.3579, 0.0477
0.3579, 0.0477
0.3540, 0.0477
0.3540, 0.0477
0.3540, 0.0477
0.3540, 0.0477
0.3540, 0.0477
0.3540, 0.0477
0.3540, 0.0477
0.3503, 0.0477
0.3503, 0.0477
0.3503, 0.0477
0.3464, 0.0477
0.3464, 0.0477
0.3464, 0.0477
0.3427, 0.0477
0.3427, 0.0477
0.3427, 0.0477
0.3427, 0.0477
0.3427, 0.0477
0.3427, 0.0477
0.3427, 0.0477
0.3389, 0.0477
0.3389, 0.0477
0.3389, 0.0477
0.3389, 0.0477
0.3351, 0.0477
0.3351, 0.0477
0.3351, 0.0477
0.3313, 0.0477
0.3313, 0.0477
0.3313, 0.0477
0.3275, 0.0477
0.3275, 0.0477
0.3275, 0.0477
0.3275, 0.0477
0.3237, 0.0477
0.3237, 0.0477
0.3237, 0.0477
0.3237, 0.0477
0.3237, 0.0477
0.3237, 0.0477
0.3237, 0.0477
0.3199, 0.0477
0.3199, 0.0477
0.3199, 0.0477
0.3161, 0.0477
0.3161, 0.0477
0.3161, 0.0477
0.3161, 0.0477
0.3161, 0.0477
0.3161, 0.0477
0.3161, 0.0477
0.3161, 0.0477
0.3161, 0.0477
0.3161, 0.0477
0.3161, 0.0477
0.3124, 0.0477
0.3124, 0.0477
0.3124, 0.0477
0.3085, 0.0477
0.3085, 0.0477
0.3085, 0.0477
0.3085, 0.0477
0.3048, 0.0477
0.3048, 0.0477
0.3048, 0.0477
0.3048, 0.0477
0.3048, 0.0477
0.3048, 0.0477
0.3048, 0.0477
0.3048, 0.0477
0.3048, 0.0477
0.3048, 0.0477
0.3009, 0.0477
0.3009, 0.0477
0.3009, 0.0477
0.2972, 0.0477
0.2972, 0.0477
0.2972, 0.0477
0.2972, 0.0477
0.2972, 0.0477
0.2972, 0.0477
0.2972, 0.0477
0.2934, 0.0477
0.2934, 0.0477
0.2934, 0.0477
0.2934, 0.0477
0.2896, 0.0504
0.2896, 0.0504
0.2896, 0.0504
0.2859, 0.0504
0.2859, 0.0504
0.2859, 0.0504
0.2859, 0.0504
0.2859, 0.0504
0.2859, 0.0504
0.2859, 0.0504
0.2820, 0.0504
0.2820, 0.0504
0.2820, 0.0504
0.2744, 0.0504
0.2744, 0.0504
0.2744, 0.0504
0.2744, 0.0504
0.2744, 0.0504
0.2744, 0.0504
0.2707, 0.0504
0.2707, 0.0504
0.2707, 0.0504
0.2707, 0.0504
0.2669, 0.0531
0.2669, 0.0531
0.2669, 0.0531
0.2669, 0.0531
0.2669, 0.0531
0.2669, 0.0531
0.2631, 0.0531
0.2631, 0.0531
0.2631, 0.0531
0.2631, 0.0531
0.2593, 0.0557
0.2593, 0.0557
0.2593, 0.0557
0.2593, 0.0557
0.2593, 0.0557
0.2593, 0.0557
0.2555, 0.0557
0.2555, 0.0557
0.2555, 0.0557
0.2555, 0.0557
0.2555, 0.0557
0.2555, 0.0557
0.2555, 0.0557
0.2517, 0.0557
0.2517, 0.0557
0.2517, 0.0557
0.2517, 0.0557
0.2479, 0.0557
0.2479, 0.0557
0.2479, 0.0557
0.2479, 0.0557
0.2479, 0.0557
0.2479, 0.0557
0.2479, 0.0584
0.2479, 0.0584
0.2479, 0.0584
0.2479, 0.0584
0.2441, 0.0584
0.2441, 0.0584
0.2441, 0.0584
0.2404, 0.0584
0.2404, 0.0584
0.2404, 0.0584
0.2404, 0.0584
0.2365, 0.0610
0.2365, 0.0610
0.2365, 0.0610
0.2365, 0.0610
0.2365, 0.0610
0.2365, 0.0610
0.2365, 0.0637
0.2365, 0.0637
0.2365, 0.0637
0.2328, 0.0637
0.2328, 0.0637
0.2328, 0.0637
0.2328, 0.0637
0.2289, 0.0637
0.2289, 0.0637
0.2289, 0.0637
0.2289, 0.0637
0.2289, 0.0637
0.2289, 0.0637
0.2289, 0.0637
0.2289, 0.0637
0.2289, 0.0637
0.2289, 0.0637
0.2252, 0.0663
0.2252, 0.0663
0.2252, 0.0663
0.2252, 0.0663
0.2252, 0.0663
0.2252, 0.0663
0.2252, 0.0663
0.2213, 0.0663
0.2213, 0.0663
0.2213, 0.0663
0.2213, 0.0690
0.2213, 0.0690
0.2213, 0.0690
0.2213, 0.0690
0.2176, 0.0690
0.2176, 0.0690
0.2176, 0.0690
0.2176, 0.0690
0.2176, 0.0690
0.2176, 0.0690
0.2176, 0.0690
0.2176, 0.0690
0.2176, 0.0690
0.2176, 0.0690
0.2176, 0.0690
0.2176, 0.0690
0.2176, 0.0690
0.2138, 0.0690
0.2138, 0.0690
0.2138, 0.0690
0.2138, 0.0690
0.2138, 0.0690
0.2138, 0.0690
0.2138, 0.0690
0.2138, 0.0716
0.2138, 0.0716
0.2100, 0.0716
0.2100, 0.0716
0.2100, 0.0716
0.2100, 0.0716
0.2100, 0.0743
0.2100, 0.0743
0.2100, 0.0743
0.2100, 0.0743
0.2100, 0.0743
0.2100, 0.0743
0.2100, 0.0743
0.2100, 0.0769
0.2100, 0.0769
0.2100, 0.0769
0.2100, 0.0769
0.2100, 0.0769
0.2100, 0.0769
0.2100, 0.0769
0.2062, 0.0769
0.2062, 0.0769
0.2062, 0.0769
0.2024, 0.0796
0.2024, 0.0796
0.2024, 0.0796
0.2024, 0.0796
0.2024, 0.0796
0.2024, 0.0796
0.2024, 0.0796
0.2024, 0.0822
0.2024, 0.0822
0.2024, 0.0822
0.2024, 0.0822
0.2024, 0.0822
0.2024, 0.0822
0.2024, 0.0822
0.2024, 0.0822
0.2024, 0.0822
0.2024, 0.0822
0.2024, 0.0822
0.2024, 0.0822
0.2024, 0.0822
0.2024, 0.0822
0.2024, 0.0822
0.2024, 0.0822
0.2024, 0.0822
0.2024, 0.0849
0.2024, 0.0849
0.2024, 0.0849
0.2024, 0.0849
0.2024, 0.0849
0.2024, 0.0849
0.1986, 0.0849
0.1986, 0.0849
0.1986, 0.0849
0.1986, 0.0849
0.1986, 0.0875
0.1986, 0.0875
0.1986, 0.0875
0.1986, 0.0902
0.1986, 0.0902
0.1986, 0.0902
0.1986, 0.0902
0.1986, 0.0902
0.1986, 0.0902
0.1986, 0.0902
0.1986, 0.0902
0.1986, 0.0902
0.1986, 0.0902
0.1949, 0.0928
0.1949, 0.0928
0.1949, 0.0928
0.1949, 0.0928
0.1949, 0.0928
0.1949, 0.0928
0.1949, 0.0928
0.1949, 0.0955
0.1949, 0.0955
0.1949, 0.0955
0.1949, 0.0955
0.1949, 0.0955
0.1949, 0.0955
0.1910, 0.0981
0.1910, 0.0981
0.1910, 0.0981
0.1910, 0.0981
0.1910, 0.0981
0.1910, 0.0981
0.1910, 0.0981
0.1910, 0.1008
0.1910, 0.1008
0.1910, 0.1008
0.1910, 0.1034
0.1910, 0.1034
0.1910, 0.1034
0.1910, 0.1034
0.1910, 0.1034
0.1910, 0.1034
0.1910, 0.1034
0.1910, 0.1034
0.1910, 0.1034
0.1910, 0.1061
0.1910, 0.1061
0.1910, 0.1061
0.1910, 0.1088
0.1910, 0.1088
0.1910, 0.1088
0.1910, 0.1088
0.1910, 0.1088
0.1910, 0.1088
0.1910, 0.1088
0.1910, 0.1114
0.1910, 0.1114
0.1910, 0.1114
0.1910, 0.1114
0.1910, 0.1114
0.1910, 0.1114
0.1910, 0.1141
0.1910, 0.1141
0.1910, 0.1141
0.1910, 0.1141
0.1910, 0.1167
0.1910, 0.1167
0.1910, 0.1167
0.1910, 0.1167
0.1910, 0.1167
0.1910, 0.1167
0.1910, 0.1167
0.1910, 0.1167
0.1910, 0.1167
0.1910, 0.1194
0.1910, 0.1194
0.1910, 0.1194
0.1910, 0.1194
0.1910, 0.1220
0.1910, 0.1220
0.1910, 0.1220
0.1910, 0.1220
0.1910, 0.1220
0.1910, 0.1220
0.1910, 0.1247
0.1910, 0.1247
0.1910, 0.1247
0.1910, 0.1247
0.1910, 0.1247
0.1910, 0.1247
0.1910, 0.1247
0.1910, 0.1273
0.1910, 0.1273
0.1910, 0.1273
0.1910, 0.1300
0.1910, 0.1300
0.1910, 0.1300
0.1910, 0.1300
0.1910, 0.1300
0.1910, 0.1300
0.1910, 0.1300
0.1910, 0.1300
0.1910, 0.1300
0.1910, 0.1300
0.1910, 0.1300
0.1910, 0.1300
0.1910, 0.1300
0.1910, 0.1326
0.1910, 0.1326
0.1910, 0.1326
0.1910, 0.1353
0.1910, 0.1353
0.1910, 0.1353
0.1910, 0.1353
0.1910, 0.1353
0.1910, 0.1353
0.1910, 0.1353
0.1910, 0.1353
0.1910, 0.1353
0.1910, 0.1353
0.1910, 0.1353
0.1910, 0.1379
0.1910, 0.1379
0.1910, 0.1379
0.1910, 0.1406
0.1910, 0.1406
0.1910, 0.1406
0.1910, 0.1406
0.1910, 0.1406
0.1910, 0.1406
0.1910, 0.1406
0.1910, 0.1406
0.1910, 0.1406
0.1910, 0.1406
0.1910, 0.1432
0.1910, 0.1432
0.1910, 0.1432
0.1910, 0.1459
0.1910, 0.1459
0.1910, 0.1459
0.1910, 0.1485
0.1910, 0.1485
0.1910, 0.1485
0.1910, 0.1485
0.1910, 0.1485
0.1910, 0.1485
0.1910, 0.1485
0.1910, 0.1485
0.1910, 0.1485
0.1910, 0.1485
0.1910, 0.1512
0.1910, 0.1512
0.1910, 0.1512
0.1910, 0.1538
0.1910, 0.1538
0.1910, 0.1538
0.1910, 0.1538
0.1910, 0.1538
0.1910, 0.1538
0.1910, 0.1538
0.1910, 0.1565
0.1910, 0.1565
0.1910, 0.1592
0.1910, 0.1592
0.1910, 0.1592
0.1910, 0.1618
0.1910, 0.1618
0.1910, 0.1618
0.1910, 0.1618
0.1910, 0.1618
0.1910, 0.1618
0.1910, 0.1618
0.1910, 0.1645
0.1910, 0.1645
0.1910, 0.1645
0.1910, 0.1671
0.1910, 0.1671
0.1910, 0.1671
0.1910, 0.1671
0.1910, 0.1671
0.1910, 0.1671
0.1949, 0.1671
0.1949, 0.1671
0.1949, 0.1671
0.1949, 0.1698
0.1949, 0.1698
0.1949, 0.1698
0.1949, 0.1724
0.1949, 0.1724
0.1949, 0.1724
0.1986, 0.1751
0.1986, 0.1751
0.1986, 0.1751
0.1986, 0.1751
0.1986, 0.1751
0.1986, 0.1751
0.1986, 0.1751
0.1986, 0.1777
0.1986, 0.1777
0.1986, 0.1777
0.1986, 0.1804
0.1986, 0.1804
0.1986, 0.1804
0.1986, 0.1804
0.1986, 0.1804
0.1986, 0.1804
0.1986, 0.1804
0.2024, 0.1830
0.2024, 0.1830
0.2024, 0.1830
0.2024, 0.1857
0.2024, 0.1857
0.2024, 0.1857
0.2024, 0.1857
0.2024, 0.1857
0.2024, 0.1857
0.2062, 0.1883
0.2062, 0.1883
0.2062, 0.1883
0.2062, 0.1883
0.2062, 0.1883
0.2062, 0.1883
0.2062, 0.1883
0.2062, 0.1910
0.2062, 0.1910
0.2062, 0.1910
0.2062, 0.1936
0.2062, 0.1936
0.2062, 0.1936
0.2100, 0.1936
0.2100, 0.1936
0.2100, 0.1936
0.2100, 0.1963
0.2100, 0.1963
0.2100, 0.1963
0.2138, 0.1963
0.2138, 0.1963
0.2138, 0.1963
0.2138, 0.1989
0.2138, 0.1989
0.2138, 0.1989
0.2138, 0.2016
0.2138, 0.2016
0.2138, 0.2016
0.2176, 0.2016
0.2176, 0.2016
0.2176, 0.2016
0.2213, 0.2042
0.2213, 0.2042
0.2213, 0.2042
0.2213, 0.2069
0.2213, 0.2069
0.2213, 0.2069
0.2252, 0.2069
0.2252, 0.2069
0.2252, 0.2069
0.2252, 0.2095
0.2252, 0.2095
0.2252, 0.2095
0.2252, 0.2122
0.2252, 0.2122
0.2252, 0.2122
0.2289, 0.2149
0.2289, 0.2149
0.2289, 0.2149
0.2289, 0.2149
0.2289, 0.2149
0.2289, 0.2149
0.2289, 0.2175
0.2289, 0.2175
0.2289, 0.2175
0.2328, 0.2202
0.2328, 0.2202
0.2328, 0.2202
0.2328, 0.2202
0.2328, 0.2202
0.2328, 0.2202
0.2328, 0.2202
0.2328, 0.2202
0.2328, 0.2202
0.2328, 0.2202
0.2328, 0.2228
0.2328, 0.2228
0.2328, 0.2228
0.2365, 0.2255
0.2365, 0.2255
0.2365, 0.2255
0.2365, 0.2255
0.2365, 0.2255
0.2365, 0.2255
0.2404, 0.2281
0.2404, 0.2281
0.2404, 0.2281
0.2404, 0.2281
0.2404, 0.2281
0.2404, 0.2281
0.2404, 0.2308
0.2404, 0.2308
0.2404, 0.2308
0.2441, 0.2334
0.2441, 0.2334
0.2441, 0.2334
0.2441, 0.2334
0.2441, 0.2334
0.2441, 0.2334
0.2441, 0.2334
0.2441, 0.2334
0.2441, 0.2334
0.2441, 0.2334
0.2441, 0.2361
0.2441, 0.2361
0.2441, 0.2361
0.2441, 0.2361
0.2441, 0.2361
0.2441, 0.2361
0.2479, 0.2387
0.2479, 0.2387
0.2479, 0.2387
0.2517, 0.2387
0.2517, 0.2387
0.2517, 0.2387
0.2517, 0.2387
0.2517, 0.2387
0.2517, 0.2387
0.2517, 0.2387
0.2517, 0.2414
0.2517, 0.2414
0.2517, 0.2414
0.2517, 0.2440
0.2517, 0.2440
0.2555, 0.2440
0.2555, 0.2440
0.2555, 0.2440
0.2593, 0.2467
0.2593, 0.2467
0.2593, 0.2467
0.2593, 0.2467
0.2593, 0.2467
0.2593, 0.2467
0.2631, 0.2467
0.2631, 0.2467
0.2631, 0.2467
0.2631, 0.2493
0.2631, 0.2493
0.2631, 0.2493
0.2631, 0.2520
0.2631, 0.2520
0.2631, 0.2520
0.2669, 0.2520
0.2669, 0.2520
0.2669, 0.2520
0.2707, 0.2546
0.2707, 0.2546
0.2707, 0.2546
0.2707, 0.2546
0.2707, 0.2546
0.2707, 0.2546
0.2707, 0.2573
0.2707, 0.2573
0.2707, 0.2599
0.2707, 0.2599
0.2707, 0.2599
0.2744, 0.2599
0.2744, 0.2599
0.2744, 0.2599
0.2744, 0.2599
0.2744, 0.2599
0.2744, 0.2599
0.2783, 0.2599
0.2783, 0.2599
0.2783, 0.2599
0.2783, 0.2626
0.2783, 0.2626
0.2783, 0.2626
0.2820, 0.2626
0.2820, 0.2626
0.2820, 0.2626
0.2820, 0.2653
0.2820, 0.2653
0.2820, 0.2653
0.2820, 0.2653
0.2820, 0.2653
0.2820, 0.2653
0.2859, 0.2653
0.2859, 0.2653
0.2859, 0.2653
0.2859, 0.2653
0.2859, 0.2653
0.2859, 0.2653
0.2896, 0.2679
0.2896, 0.2679
0.2896, 0.2679
0.2896, 0.2679
0.2896, 0.2679
0.2896, 0.2679
0.2896, 0.2706
0.2896, 0.2706
0.2896, 0.2706
0.2896, 0.2706
0.2896, 0.2706
0.2896, 0.2706
0.2896, 0.2706
0.2934, 0.2732
0.2934, 0.2732
0.2934, 0.2732
0.2972, 0.2732
0.2972, 0.2732
0.2972, 0.2732
0.2972, 0.2732
0.2972, 0.2732
0.2972, 0.2732
0.2972, 0.2732
0.2972, 0.2732
0.2972, 0.2732
0.3009, 0.2732
0.3009, 0.2732
0.3009, 0.2732
0.3009, 0.2732
0.3009, 0.2732
0.3009, 0.2732
0.3009, 0.2732
0.3009, 0.2732
0.3009, 0.2732
0.3009, 0.2732
0.3009, 0.2732
0.3009, 0.2732
0.3009, 0.2732
0.3009, 0.2732
0.3009, 0.2732
0.3009, 0.2732
0.3009, 0.2732
0.3009, 0.2732
0.3009, 0.2732
0.3009, 0.2732
0.3009, 0.2732
0.3009, 0.2732
0.3009, 0.2732
0.3009, 0.2732
0.3009, 0.2732
0.3009, 0.2732
0.3009, 0.2732
0.3009, 0.2732
0.3009, 0.2732
0.3009, 0.2732
0.3009, 0.2732
0.3009, 0.2732
0.3009, 0.2732
0.3009, 0.2732
0.3009, 0.2732
0.3009, 0.2732
0.3009, 0.2732
0.3009, 0.2732
0.3009, 0.2732
0.3009, 0.2732
0.3009, 0.2732
0.3009, 0.2732
0.3009, 0.2732
0.3009, 0.2732
0.3009, 0.2732
0.3009, 0.2732
0.3009, 0.2732
0.3009, 0.2732
0.3009, 0.2732
0.3009, 0.2732
0.1380, 0.3077
0.1380, 0.3077
0.1380, 0.3077
0.1380, 0.3077
0.1380, 0.3077
0.1380, 0.3077
0.1380, 0.3077
0.1380, 0.3077
0.1380, 0.3077
0.1380, 0.3077
0.1380, 0.3077
0.1380, 0.3077
0.1380, 0.3077
0.1380, 0.3077
0.1380, 0.3077
0.1380, 0.3077
0.1380, 0.3077
0.1380, 0.3077
0.1380, 0.3077
0.1380, 0.3077
0.1380, 0.3077
0.1380, 0.3077
0.1380, 0.3077
0.1380, 0.3077
0.1380, 0.3077
0.1380, 0.3077
0.1380, 0.3077
0.1380, 0.3077
0.1380, 0.3077
0.1380, 0.3077
0.1380, 0.3077
0.1380, 0.3077
0.1380, 0.3077
0.1380, 0.3077
0.1380, 0.3077
0.1380, 0.3077
0.1380, 0.3077
0.1380, 0.3077
0.1380, 0.3077
0.1380, 0.3077
0.1380, 0.3077
0.1380, 0.3077
0.1380, 0.3077
0.1380, 0.3077
0.1380, 0.3077
0.1380, 0.3077
0.1380, 0.3077
0.1380, 0.3077
0.1380, 0.3077
0.1380, 0.3077
0.1380, 0.3077
0.1380, 0.3077
0.1380, 0.3077
0.1380, 0.3077
0.1380, 0.3077
0.1380, 0.3077
0.1380, 0.3077
0.1380, 0.3077
0.1380, 0.3077
0.1380, 0.3077
0.1380, 0.3077
0.1380, 0.3077
0.1380, 0.3077
0.1380, 0.3077
0.1380, 0.3077
0.1418, 0.3077
0.1418, 0.3077
0.1418, 0.3077
0.1418, 0.3077
0.1418, 0.3077
0.1418, 0.3077
0.1418, 0.3077
0.1418, 0.3077
0.1418, 0.3077
0.1456, 0.3077
0.1456, 0.3077
0.1456, 0.3077
0.1456, 0.3077
0.1456, 0.3077
0.1456, 0.3077
0.1456, 0.3077
0.1456, 0.3077
0.1456, 0.3077
0.1456, 0.3077
0.1456, 0.3077
0.1456, 0.3077
0.1456, 0.3077
0.1456, 0.3077
0.1456, 0.3077
0.1456, 0.3077
0.1456, 0.3077
0.1456, 0.3077
0.1493, 0.3077
0.1493, 0.3077
0.1493, 0.3077
0.1493, 0.3077
0.1532, 0.3050
0.1532, 0.3050
0.1532, 0.3050
0.1532, 0.3050
0.1532, 0.3050
0.1532, 0.3050
0.1532, 0.3050
0.1532, 0.3050
0.1532, 0.3050
0.1532, 0.3050
0.1532, 0.3050
0.1532, 0.3050
0.1532, 0.3050
0.1569, 0.3050
0.1569, 0.3050
0.1569, 0.3050
0.1569, 0.3050
0.1608, 0.3050
0.1608, 0.3050
0.1608, 0.3050
0.1645, 0.3024
0.1645, 0.3024
0.1645, 0.3024
0.1645, 0.3024
0.1645, 0.3024
0.1645, 0.3024
0.1645, 0.3024
0.1645, 0.3024
0.1645, 0.3024
0.1645, 0.3024
0.1645, 0.3024
0.1645, 0.3024
0.1645, 0.3024
0.1683, 0.2997
0.1683, 0.2997
0.1683, 0.2997
0.1683, 0.2997
0.1721, 0.2997
0.1721, 0.2997
0.1721, 0.2997
0.1721, 0.2997
0.1721, 0.2997
0.1721, 0.2997
0.1721, 0.2997
0.1721, 0.2997
0.1721, 0.2997
0.1721, 0.2971
0.1721, 0.2971
0.1721, 0.2971
0.1721, 0.2971
0.1758, 0.2971
0.1758, 0.2971
0.1758, 0.2971
0.1758, 0.2971
0.1758, 0.2971
0.1758, 0.2971
0.1758, 0.2971
0.1758, 0.2971
0.1797, 0.2971
0.1797, 0.2971
0.1797, 0.2971
0.1797, 0.2971
0.1834, 0.2971
0.1834, 0.2971
0.1834, 0.2971
0.1834, 0.2971
0.1834, 0.2971
0.1834, 0.2971
0.1834, 0.2971
0.1834, 0.2971
0.1834, 0.2971
0.1834, 0.2971
0.1834, 0.2971
0.1834, 0.2971
0.1834, 0.2971
0.1873, 0.2944
0.1873, 0.2944
0.1873, 0.2944
0.1873, 0.2944
0.1910, 0.2944
0.1910, 0.2944
0.1910, 0.2944
0.1910, 0.2944
0.1910, 0.2944
0.1910, 0.2944
0.1910, 0.2944
0.1910, 0.2944
0.1910, 0.2944
0.1910, 0.2944
0.1910, 0.2944
0.1910, 0.2944
0.1910, 0.2918
0.1910, 0.2918
0.1910, 0.2918
0.1910, 0.2918
0.1949, 0.2918
0.1949, 0.2918
0.1949, 0.2918
0.1949, 0.2918
0.1986, 0.2918
0.1986, 0.2918
0.1986, 0.2918
0.1986, 0.2918
0.1986, 0.2918
0.1986, 0.2918
0.1986, 0.2918
0.1986, 0.2918
0.1986, 0.2918
0.1986, 0.2918
0.1986, 0.2918
0.1986, 0.2918
0.1986, 0.2918
0.2024, 0.2918
0.2024, 0.2918
0.2024, 0.2918
0.2024, 0.2918
0.2024, 0.2918
0.2024, 0.2918
0.2024, 0.2918
0.2024, 0.2918
0.2024, 0.2918
0.2062, 0.2891
0.2062, 0.2891
0.2062, 0.2891
0.2100, 0.2891
0.2100, 0.2891
0.2100, 0.2891
0.2100, 0.2891
0.2100, 0.2891
0.2100, 0.2891
0.2100, 0.2891
0.2100, 0.2891
0.2100, 0.2891
0.2100, 0.2891
0.2100, 0.2891
0.2100, 0.2891
0.2100, 0.2891
0.2138, 0.2865
0.2138, 0.2865
0.2138, 0.2865
0.2176, 0.2865
0.2176, 0.2865
0.2176, 0.2865
0.2176, 0.2865
0.2176, 0.2865
0.2176, 0.2865
0.2176, 0.2865
0.2176, 0.2865
0.2176, 0.2865
0.2176, 0.2865
0.2176, 0.2865
0.2176, 0.2865
0.2176, 0.2865
0.2176, 0.2838
0.2176, 0.2838
0.2176, 0.2838
0.2176, 0.2838
0.2213, 0.2838
0.2213, 0.2838
0.2213, 0.2838
0.2213, 0.2838
0.2213, 0.2838
0.2213, 0.2838
0.2213, 0.2838
0.2213, 0.2838
0.2252, 0.2838
0.2252, 0.2838
0.2252, 0.2838
0.2252, 0.2838
0.2252, 0.2838
0.2252, 0.2838
0.2252, 0.2838
0.2252, 0.2838
0.2289, 0.2838
0.2289, 0.2838
0.2289, 0.2838
0.2289, 0.2838
0.2289, 0.2812
0.2289, 0.2812
0.2289, 0.2812
0.2289, 0.2812
0.2289, 0.2812
0.2289, 0.2812
0.2289, 0.2812
0.2289, 0.2812
0.2289, 0.2812
0.2289, 0.2812
0.2289, 0.2812
0.2289, 0.2812
0.2328, 0.2812
0.2328, 0.2812
0.2328, 0.2812
0.2328, 0.2812
0.2328, 0.2785
0.2328, 0.2785
0.2328, 0.2785
0.2328, 0.2785
0.2365, 0.2785
0.2365, 0.2785
0.2365, 0.2785
0.2365, 0.2785
0.2365, 0.2785
0.2365, 0.2785
0.2365, 0.2785
0.2365, 0.2785
0.2365, 0.2785
0.2365, 0.2785
0.2365, 0.2785
0.2365, 0.2785
0.2365, 0.2785
0.2365, 0.2785
0.2365, 0.2785
0.2365, 0.2785
0.2365, 0.2785
0.2404, 0.2785
0.2404, 0.2785
0.2404, 0.2785
0.2404, 0.2785
0.2441, 0.2785
0.2441, 0.2785
0.2441, 0.2785
0.2441, 0.2785
0.2441, 0.2785
0.2441, 0.2785
0.2441, 0.2785
0.2441, 0.2785
0.2479, 0.2759
0.2479, 0.2759
0.2479, 0.2759
0.2479, 0.2759
0.2479, 0.2759
0.2479, 0.2759
0.2479, 0.2759
0.2479, 0.2759
0.2479, 0.2759
0.2479, 0.2759
0.2479, 0.2759
0.2479, 0.2759
0.2517, 0.2759
0.2517, 0.2759
0.2517, 0.2759
0.2517, 0.2759
0.2517, 0.2759
0.2517, 0.2759
0.2517, 0.2759
0.2517, 0.2759
0.2555, 0.2732
0.2555, 0.2732
0.2555, 0.2732
0.2555, 0.2732
0.2555, 0.2732
0.2555, 0.2732
0.2555, 0.2732
0.2555, 0.2732
0.2555, 0.2732
0.2555, 0.2732
0.2555, 0.2732
0.2555, 0.2732
0.2593, 0.2732
0.2593, 0.2732
0.2593, 0.2732
0.2593, 0.2732
0.2593, 0.2732
0.2593, 0.2732
0.2593, 0.2732
0.2593, 0.2732
0.2631, 0.2732
0.2631, 0.2732
0.2631, 0.2732
0.2631, 0.2732
0.2631, 0.2732
0.2631, 0.2732
0.2631, 0.2732
0.2631, 0.2732
0.2669, 0.2732
0.2669, 0.2732
0.2669, 0.2732
0.2669, 0.2706
0.2669, 0.2706
0.2669, 0.2706
0.2669, 0.2706
0.2669, 0.2706
0.2669, 0.2706
0.2669, 0.2706
0.2669, 0.2706
0.2669, 0.2706
0.2669, 0.2706
0.2669, 0.2706
0.2669, 0.2706
0.2669, 0.2706
0.2707, 0.2706
0.2707, 0.2706
0.2707, 0.2706
0.2707, 0.2706
0.2744, 0.2706
0.2744, 0.2706
0.2744, 0.2706
0.2744, 0.2706
0.2744, 0.2706
0.2744, 0.2706
0.2744, 0.2706
0.2744, 0.2706
0.2744, 0.2706
0.2744, 0.2706
0.2744, 0.2706
0.2744, 0.2706
0.2744, 0.2706
0.2744, 0.2706
0.2744, 0.2706
0.2783, 0.2706
0.2783, 0.2706
0.2783, 0.2706
0.2783, 0.2706
0.2783, 0.2706
0.2783, 0.2706
0.2783, 0.2706
0.2783, 0.2706
0.2820, 0.2706
0.2820, 0.2706
0.2820, 0.2706
0.2820, 0.2706
0.2820, 0.2706
0.2820, 0.2706
0.2820, 0.2706
0.2859, 0.2706
0.2859, 0.2706
0.2859, 0.2706
0.2859, 0.2706
0.2859, 0.2706
0.2859, 0.2706
0.2859, 0.2706
0.2859, 0.2706
0.2896, 0.2706
0.2896, 0.2706
0.2896, 0.2706
0.2896, 0.2706
0.2934, 0.2706
0.2934, 0.2706
0.2934, 0.2706
0.2934, 0.2706
0.2934, 0.2706
0.2934, 0.2706
0.2934, 0.2706
0.2934, 0.2706
0.2934, 0.2706
0.2934, 0.2706
0.2934, 0.2706
0.2972, 0.2679
0.2972, 0.2679
0.2972, 0.2679
0.2972, 0.2679
0.2972, 0.2679
0.2972, 0.2679
0.2972, 0.2679
0.2972, 0.2679
0.3009, 0.2679
0.3009, 0.2679
0.3009, 0.2679
0.3009, 0.2679
0.3048, 0.2679
0.3048, 0.2679
0.3048, 0.2679
0.3048, 0.2679
0.3048, 0.2679
0.3048, 0.2679
0.3048, 0.2679
0.3048, 0.2679
0.3048, 0.2679
0.3048, 0.2679
0.3048, 0.2679
0.3048, 0.2679
0.3085, 0.2679
0.3085, 0.2679
0.3085, 0.2679
0.3085, 0.2679
0.3085, 0.2679
0.3085, 0.2679
0.3085, 0.2679
0.3124, 0.2679
0.3124, 0.2679
0.3124, 0.2679
0.3124, 0.2679
0.3124, 0.2679
0.3124, 0.2679
0.3124, 0.2679
0.3124, 0.2679
0.3124, 0.2679
0.3124, 0.2679
0.3124, 0.2679
0.3124, 0.2679
0.3161, 0.2679
0.3161, 0.2679
0.3161, 0.2679
0.3161, 0.2679
0.3161, 0.2679
0.3161, 0.2679
0.3161, 0.2679
0.3161, 0.2679
0.3199, 0.2679
0.3199, 0.2679
0.3199, 0.2679
0.3199, 0.2679
0.3199, 0.2679
0.3199, 0.2679
0.3199, 0.2679
0.3199, 0.2679
0.3237, 0.2653
0.3237, 0.2653
0.3237, 0.2653
0.3237, 0.2653
0.3237, 0.2653
0.3237, 0.2653
0.3237, 0.2653
0.3237, 0.2653
0.3275, 0.2653
0.3275, 0.2653
0.3275, 0.2653
0.3275, 0.2653
0.3313, 0.2653
0.3313, 0.2653
0.3313, 0.2653
0.3313, 0.2653
0.3313, 0.2653
0.3313, 0.2653
0.3313, 0.2653
0.3313, 0.2653
0.3313, 0.2653
0.3313, 0.2653
0.3313, 0.2653
0.3351, 0.2653
0.3351, 0.2653
0.3351, 0.2653
0.3351, 0.2653
0.3351, 0.2653
0.3351, 0.2653
0.3351, 0.2653
0.3351, 0.2653
0.3389, 0.2653
0.3389, 0.2653
0.3389, 0.2653
0.3389, 0.2653
0.3389, 0.2653
0.3389, 0.2653
0.3389, 0.2653
0.3389, 0.2653
0.3389, 0.2653
0.3389, 0.2653
0.3389, 0.2653
0.3427, 0.2653
0.3427, 0.2653
0.3427, 0.2653
0.3427, 0.2653
0.3464, 0.2653
0.3464, 0.2653
0.3464, 0.2653
0.3503, 0.2653
0.3503, 0.2653
0.3503, 0.2653
0.3503, 0.2653
0.3503, 0.2653
0.3503, 0.2653
0.3503, 0.2653
0.3503, 0.2653
0.3503, 0.2653
0.3503, 0.2653
0.3503, 0.2653
0.3503, 0.2653
0.3540, 0.2653
0.3540, 0.2653
0.3540, 0.2653
0.3579, 0.2653
0.3579, 0.2653
0.3579, 0.2653
0.3579, 0.2653
0.3579, 0.2653
0.3579, 0.2653
0.3579, 0.2653
0.3616, 0.2653
0.3616, 0.2653
0.3616, 0.2653
0.3616, 0.2653
0.3654, 0.2653
0.3654, 0.2653
0.3654, 0.2653
0.3654, 0.2653
0.3692, 0.2653
0.3692, 0.2653
0.3692, 0.2653
0.3692, 0.2653
0.3692, 0.2653
0.3692, 0.2653
0.3692, 0.2653
0.3730, 0.2653
0.3730, 0.2653
0.3730, 0.2653
0.3730, 0.2653
0.3768, 0.2653
0.3768, 0.2653
0.3768, 0.2653
0.3768, 0.2653
0.3768, 0.2653
0.3768, 0.2653
0.3768, 0.2653
0.3768, 0.2653
0.3768, 0.2653
0.3768, 0.2653
0.3768, 0.2653
0.3806, 0.2653
0.3806, 0.2653
0.3806, 0.2653
0.3806, 0.2653
0.3844, 0.2653
0.3844, 0.2653
0.3844, 0.2653
0.3844, 0.2653
0.3844, 0.2653
0.3844, 0.2653
0.3882, 0.2653
0.3882, 0.2653
0.3882, 0.2653
0.3882, 0.2653
0.3882, 0.2653
0.3882, 0.2653
0.3882, 0.2653
0.3882, 0.2653
0.3919, 0.2653
0.3919, 0.2653
0.3919, 0.2653
0.3958, 0.2653
0.3958, 0.2653
0.3958, 0.2653
0.3958, 0.2653
0.3958, 0.2653
0.3958, 0.2653
0.3958, 0.2653
0.3958, 0.2653
0.3995, 0.2653
0.3995, 0.2653
0.3995, 0.2653
0.4034, 0.2653
0.4034, 0.2653
0.4034, 0.2653
0.4034, 0.2653
0.4071, 0.2653
0.4071, 0.2653
0.4071, 0.2653
0.4071, 0.2653
0.4071, 0.2653
0.4071, 0.2653
0.4071, 0.2653
0.4110, 0.2653
0.4110, 0.2653
0.4110, 0.2653
0.4110, 0.2653
0.4110, 0.2653
0.4110, 0.2653
0.4110, 0.2653
0.4110, 0.2653
0.4147, 0.2653
0.4147, 0.2653
0.4147, 0.2653
0.4147, 0.2653
0.4147, 0.2653
0.4147, 0.2653
0.4147, 0.2653
0.4185, 0.2653
0.4185, 0.2653
0.4185, 0.2653
0.4185, 0.2653
0.4223, 0.2653
0.4223, 0.2653
0.4223, 0.2653
0.4223, 0.2653
0.4223, 0.2653
0.4223, 0.2653
0.4223, 0.2653
0.4261, 0.2653
0.4261, 0.2653
0.4261, 0.2653
0.4261, 0.2653
0.4261, 0.2653
0.4261, 0.2653
0.4261, 0.2653
0.4261, 0.2653
0.4299, 0.2653
0.4299, 0.2653
0.4299, 0.2653
0.4299, 0.2653
0.4299, 0.2653
0.4299, 0.2653
0.4299, 0.2653
0.4336, 0.2653
0.4336, 0.2653
0.4336, 0.2653
0.4336, 0.2653
0.4336, 0.2653
0.4336, 0.2653
0.4336, 0.2653
0.4336, 0.2653
0.4375, 0.2653
0.4375, 0.2653
0.4375, 0.2653
0.4412, 0.2653
0.4412, 0.2653
0.4412, 0.2653
0.4412, 0.2653
0.4412, 0.2653
0.4412, 0.2653
0.4412, 0.2653
0.4412, 0.2653
0.4412, 0.2653
0.4412, 0.2653
0.4412, 0.2653
0.4450, 0.2653
0.4450, 0.2653
0.4450, 0.2653
0.4488, 0.2653
0.4488, 0.2653
0.4488, 0.2653
0.4488, 0.2653
0.4488, 0.2653
0.4488, 0.2653
0.4526, 0.2653
0.4526, 0.2653
0.4526, 0.2653
0.4526, 0.2653
0.4526, 0.2653
0.4526, 0.2653
0.4564, 0.2653
0.4564, 0.2653
0.4564, 0.2653
0.4564, 0.2679
0.4564, 0.2679
0.4564, 0.2679
0.4564, 0.2679
0.4602, 0.2679
0.4602, 0.2679
0.4602, 0.2679
0.4602, 0.2679
0.4602, 0.2679
0.4602, 0.2679
0.4602, 0.2679
0.4602, 0.2679
0.4602, 0.2679
0.4602, 0.2679
0.4602, 0.2679
0.4640, 0.2679
0.4640, 0.2679
0.4640, 0.2679
0.4678, 0.2679
0.4678, 0.2679
0.4678, 0.2679
0.4678, 0.2679
0.4678, 0.2679
0.4678, 0.2679
0.4715, 0.2679
0.4715, 0.2679
0.4715, 0.2679
0.4715, 0.2706
0.4715, 0.2706
0.4715, 0.2706
0.4715, 0.2706
0.4715, 0.2706
0.4754, 0.2706
0.4754, 0.2706
0.4754, 0.2706
0.4791, 0.2706
0.4791, 0.2706
0.4791, 0.2732
0.4791, 0.2732
0.4791, 0.2732
0.4830, 0.2732
0.4830, 0.2732
0.4830, 0.2732
0.4830, 0.2732
0.4830, 0.2732
0.4867, 0.2759
0.4867, 0.2759
0.4867, 0.2759
0.4905, 0.2759
0.4905, 0.2759
0.4905, 0.2759
0.4905, 0.2759
0.4905, 0.2759
0.4943, 0.2759
0.4943, 0.2759
0.4943, 0.2759
0.4943, 0.2759
0.4943, 0.2759
0.4981, 0.2759
0.4981, 0.2759
0.4981, 0.2759
0.4981, 0.2759
0.4981, 0.2759
0.4981, 0.2759
0.4981, 0.2785
0.4981, 0.2785
0.4981, 0.2785
0.4981, 0.2785
0.4981, 0.2785
0.5019, 0.2785
0.5019, 0.2785
0.5057, 0.2785
0.5057, 0.2785
0.5057, 0.2785
0.5057, 0.2812
0.5057, 0.2812
0.5057, 0.2812
0.5095, 0.2812
0.5095, 0.2812
0.5095, 0.2812
0.5095, 0.2812
0.5095, 0.2812
0.5095, 0.2812
0.5095, 0.2812
0.5095, 0.2812
0.5133, 0.2812
0.5133, 0.2812
0.5133, 0.2812
0.5133, 0.2812
0.5133, 0.2812
0.5133, 0.2812
0.5170, 0.2812
0.5170, 0.2812
0.5170, 0.2838
0.5170, 0.2838
0.5170, 0.2838
0.5209, 0.2838
0.5209, 0.2838
0.5209, 0.2838
0.5209, 0.2838
0.5209, 0.2838
0.5209, 0.2838
0.5246, 0.2838
0.5246, 0.2838
0.5285, 0.2865
0.5285, 0.2865
0.5285, 0.2865
0.5285, 0.2865
0.5285, 0.2865
0.5285, 0.2865
0.5285, 0.2865
0.5285, 0.2865
0.5285, 0.2865
0.5285, 0.2865
0.5285, 0.2865
0.5285, 0.2865
0.5322, 0.2891
0.5322, 0.2891
0.5322, 0.2891
0.5322, 0.2891
0.5322, 0.2891
0.5322, 0.2891
0.5360, 0.2891
0.5360, 0.2891
0.5360, 0.2891
0.5360, 0.2891
0.5360, 0.2891
0.5360, 0.2891
0.5360, 0.2891
0.5360, 0.2891
0.5398, 0.2891
0.5398, 0.2891
0.5398, 0.2891
0.5398, 0.2891
0.5398, 0.2891
0.5436, 0.2891
0.5436, 0.2891
0.5436, 0.2891
0.5474, 0.2891
0.5474, 0.2891
0.5474, 0.2891
0.5474, 0.2891
0.5474, 0.2891
0.5512, 0.2918
0.5512, 0.2918
0.5512, 0.2918
0.5550, 0.2918
0.5550, 0.2918
0.5550, 0.2918
0.5550, 0.2918
0.5550, 0.2918
0.5550, 0.2918
0.5550, 0.2918
0.5550, 0.2918
0.5588, 0.2944
0.5588, 0.2944
0.5588, 0.2944
0.5625, 0.2944
0.5625, 0.2944
0.5625, 0.2944
0.5625, 0.2944
0.5625, 0.2944
0.5625, 0.2944
0.5625, 0.2944
0.5625, 0.2944
0.5664, 0.2944
0.5664, 0.2944
0.5701, 0.2944
0.5701, 0.2944
0.5701, 0.2944
0.5739, 0.2944
0.5739, 0.2944
0.5739, 0.2971
0.5739, 0.2971
0.5739, 0.2971
0.5739, 0.2971
0.5739, 0.2971
0.5739, 0.2971
0.5739, 0.2971
0.5739, 0.2971
0.5739, 0.2971
0.5777, 0.2971
0.5777, 0.2971
0.5815, 0.2997
0.5815, 0.2997
0.5815, 0.2997
0.5815, 0.2997
0.5815, 0.2997
0.5815, 0.2997
0.5853, 0.2997
0.5853, 0.2997
0.5890, 0.3024
0.5890, 0.3024
0.5890, 0.3024
0.5890, 0.3024
0.5890, 0.3024
0.5890, 0.3024
0.5929, 0.3024
0.5929, 0.3024
0.5929, 0.3024
0.5929, 0.3024
0.5929, 0.3024
0.5929, 0.3024
0.5966, 0.3024
0.5966, 0.3024
0.5966, 0.3024
0.5966, 0.3024
0.5966, 0.3024
0.6005, 0.3024
0.6005, 0.3024
0.6005, 0.3024
0.6005, 0.3024
0.6005, 0.3024
0.6005, 0.3024
0.6005, 0.3024
0.6005, 0.3024
0.6042, 0.3024
0.6042, 0.3024
0.6042, 0.3024
0.6042, 0.3024
0.6042, 0.3024
0.6042, 0.3024
0.6081, 0.3050
0.6081, 0.3050
0.6118, 0.3050
0.6118, 0.3050
0.6118, 0.3050
0.6118, 0.3050
0.6118, 0.3050
0.6118, 0.3050
0.6118, 0.3050
0.6118, 0.3050
0.6156, 0.3050
0.6156, 0.3050
0.6194, 0.3077
0.6194, 0.3077
0.6194, 0.3077
0.6194, 0.3077
0.6194, 0.3077
0.6232, 0.3077
0.6232, 0.3077
0.6232, 0.3077
0.6232, 0.3077
0.6232, 0.3077
0.6232, 0.3077
0.6270, 0.3077
0.6270, 0.3077
0.6308, 0.3077
0.6308, 0.3077
0.6308, 0.3077
0.6308, 0.3077
0.6308, 0.3077
0.6308, 0.3077
0.6308, 0.3077
0.6308, 0.3077
0.6308, 0.3077
0.6346, 0.3077
0.6346, 0.3077
0.6346, 0.3077
0.6346, 0.3077
0.6346, 0.3077
0.6384, 0.3077
0.6384, 0.3077
0.6384, 0.3103
0.6384, 0.3103
0.6384, 0.3103
0.6421, 0.3103
0.6421, 0.3103
0.6421, 0.3103
0.6421, 0.3103
0.6421, 0.3103
0.6460, 0.3103
0.6460, 0.3103
0.6460, 0.3103
0.6497, 0.3103
0.6497, 0.3103
0.6497, 0.3103
0.6497, 0.3103
0.6497, 0.3103
0.6497, 0.3103
0.6497, 0.3130
0.6497, 0.3130
0.6536, 0.3130
0.6536, 0.3130
0.6536, 0.3130
0.6536, 0.3130
0.6536, 0.3130
0.6536, 0.3130
0.6573, 0.3130
0.6573, 0.3130
0.6573, 0.3130
0.6573, 0.3130
0.6573, 0.3130
0.6573, 0.3130
0.6573, 0.3130
0.6573, 0.3130
0.6611, 0.3130
0.6611, 0.3130
0.6611, 0.3130
0.6611, 0.3130
0.6611, 0.3130
0.6611, 0.3156
0.6611, 0.3156
0.6611, 0.3156
0.6649, 0.3156
0.6649, 0.3156
0.6687, 0.3156
0.6687, 0.3156
0.6687, 0.3156
0.6687, 0.3156
0.6687, 0.3156
0.6687, 0.3156
0.6687, 0.3156
0.6687, 0.3156
0.6687, 0.3156
0.6687, 0.3156
0.6687, 0.3156
0.6687, 0.3156
0.6687, 0.3156
0.6687, 0.3156
0.6687, 0.3156
0.6687, 0.3156
0.6687, 0.3156
0.6687, 0.3156
0.6687, 0.3156
0.6725, 0.3156
0.6725, 0.3156
0.6725, 0.3156
0.6725, 0.3156
0.6725, 0.3156
0.6763, 0.3156
0.6763, 0.3156
0.6763, 0.3156
0.6763, 0.3156
0.6763, 0.3156
0.6763, 0.3156
0.6763, 0.3156
0.6763, 0.3156
0.6801, 0.3156
0.6801, 0.3156
0.6801, 0.3156
0.6801, 0.3156
0.6801, 0.3156
0.6801, 0.3156
0.6839, 0.3183
0.6839, 0.3183
0.6839, 0.3183
0.6839, 0.3183
0.6839, 0.3183
0.6839, 0.3183
0.6839, 0.3183
0.6839, 0.3183
0.6876, 0.3183
0.6876, 0.3183
0.6876, 0.3183
0.6876, 0.3183
0.6876, 0.3183
0.6915, 0.3183
0.6915, 0.3183
0.6915, 0.3210
0.6915, 0.3210
0.6915, 0.3210
0.6952, 0.3210
0.6952, 0.3210
0.6952, 0.3210
0.6952, 0.3210
0.6952, 0.3210
0.6952, 0.3210
0.6952, 0.3210
0.6952, 0.3210
0.6991, 0.3210
0.6991, 0.3210
0.6991, 0.3210
0.6991, 0.3210
0.6991, 0.3210
0.6991, 0.3210
0.7028, 0.3210
0.7028, 0.3210
0.7028, 0.3210
0.7028, 0.3210
0.7028, 0.3210
0.7028, 0.3210
0.7028, 0.3210
0.7028, 0.3210
0.7066, 0.3210
0.7066, 0.3210
0.7104, 0.3210
0.7104, 0.3210
0.7104, 0.3210
0.7141, 0.3210
0.7141, 0.3210
0.7141, 0.3210
0.7141, 0.3210
0.7141, 0.3210
0.7141, 0.3210
0.7141, 0.3210
0.7141, 0.3210
0.7141, 0.3210
0.7141, 0.3210
0.7180, 0.3210
0.7180, 0.3210
0.7180, 0.3210
0.7180, 0.3210
0.7180, 0.3210
0.7217, 0.3210
0.7217, 0.3210
0.7217, 0.3210
0.7217, 0.3210
0.7217, 0.3210
0.7217, 0.3210
0.7217, 0.3210
0.7217, 0.3210
0.7256, 0.3210
0.7256, 0.3210
0.7256, 0.3210
0.7256, 0.3210
0.7256, 0.3210
0.7256, 0.3210
0.7293, 0.3210
0.7293, 0.3210
0.7293, 0.3210
0.7293, 0.3210
0.7293, 0.3210
0.7331, 0.3210
0.7331, 0.3210
0.7331, 0.3210
0.7331, 0.3210
0.7331, 0.3210
0.7331, 0.3210
0.7331, 0.3210
0.7331, 0.3210
0.7369, 0.3210
0.7369, 0.3210
0.7369, 0.3210
0.7407, 0.3210
0.7407, 0.3210
0.7407, 0.3210
0.7407, 0.3210
0.7407, 0.3210
0.7445, 0.3210
0.7445, 0.3210
0.7483, 0.3210
0.7483, 0.3210
0.7483, 0.3210
0.7521, 0.3210
0.7521, 0.3210
0.7559, 0.3210
0.7559, 0.3210
0.7559, 0.3210
0.7559, 0.3210
0.7559, 0.3210
0.7559, 0.3210
0.7596, 0.3210
0.7596, 0.3210
0.7596, 0.3210
0.7596, 0.3210
0.7596, 0.3210
0.7635, 0.3210
0.7635, 0.3210
0.7635, 0.3210
0.7635, 0.3210
0.7672, 0.3210
0.7672, 0.3210
0.7672, 0.3210
0.7711, 0.3210
0.7711, 0.3210
0.7711, 0.3210
0.7711, 0.3210
0.7711, 0.3210
0.7711, 0.3210
0.7711, 0.3210
0.7711, 0.3210
0.7748, 0.3210
0.7748, 0.3210
0.7787, 0.3210
0.7787, 0.3210
0.7787, 0.3210
0.7787, 0.3210
0.7787, 0.3210
0.7787, 0.3210
0.7787, 0.3210
0.7787, 0.3210
0.7824, 0.3210
0.7824, 0.3210
0.7824, 0.3210
0.7824, 0.3210
0.7824, 0.3210
0.7862, 0.3210
0.7862, 0.3210
0.7862, 0.3210
0.7862, 0.3210
0.7862, 0.3210
0.7900, 0.3210
0.7900, 0.3210
0.7900, 0.3210
0.7900, 0.3210
0.7900, 0.3210
0.7900, 0.3210
0.7900, 0.3210
0.7900, 0.3210
0.7938, 0.3210
0.7938, 0.3210
0.7938, 0.3210
0.7976, 0.3210
0.7976, 0.3210
0.7976, 0.3210
0.7976, 0.3210
0.7976, 0.3210
0.7976, 0.3183
0.7976, 0.3183
0.8014, 0.3183
0.8014, 0.3183
0.8014, 0.3183
0.8051, 0.3183
0.8051, 0.3183
0.8051, 0.3183
0.8051, 0.3183
0.8051, 0.3183
0.8090, 0.3183
0.8090, 0.3183
0.8090, 0.3183
0.8090, 0.3183
0.8090, 0.3183
0.8090, 0.3183
0.8090, 0.3183
0.8090, 0.3183
0.8090, 0.3183
0.8090, 0.3183
0.8127, 0.3183
0.8127, 0.3183
0.8127, 0.3183
0.8127, 0.3183
0.8127, 0.3183
0.8166, 0.3183
0.8166, 0.3183
0.8166, 0.3183
0.8166, 0.3156
0.8166, 0.3156
0.8203, 0.3156
0.8203, 0.3156
0.8203, 0.3156
0.8242, 0.3156
0.8242, 0.3156
0.8242, 0.3156
0.8242, 0.3156
0.8242, 0.3156
0.8279, 0.3130
0.8279, 0.3130
0.8279, 0.3130
0.8279, 0.3130
0.8279, 0.3130
0.8317, 0.3130
0.8317, 0.3130
0.8355, 0.3130
0.8355, 0.3130
0.8355, 0.3130
0.8355, 0.3103
0.8355, 0.3103
0.8392, 0.3103
0.8392, 0.3103
0.8392, 0.3103
0.8431, 0.3103
0.8431, 0.3103
0.8468, 0.3103
0.8468, 0.3103
0.8468, 0.3103
0.8468, 0.3103
0.8468, 0.3103
0.8468, 0.3103
0.8468, 0.3103
0.8468, 0.3103
0.8507, 0.3077
0.8507, 0.3077
0.8544, 0.3077
0.8544, 0.3077
0.8544, 0.3077
0.8544, 0.3077
0.8544, 0.3077
0.8544, 0.3077
0.8544, 0.3077
0.8544, 0.3077
0.8544, 0.3077
0.8544, 0.3077
0.8544, 0.3077
0.8544, 0.3077
0.8544, 0.3077
0.8544, 0.3077
0.8544, 0.3077
0.8544, 0.3077
0.8582, 0.3050
0.8582, 0.3050
0.8582, 0.3050
0.8582, 0.3050
0.8582, 0.3050
0.8582, 0.3050
0.8582, 0.3050
0.8620, 0.3050
0.8620, 0.3050
0.8620, 0.3050
0.8658, 0.3050
0.8658, 0.3050
0.8658, 0.3050
0.8658, 0.3050
0.8658, 0.3050
0.8658, 0.3050
0.8658, 0.3050
0.8658, 0.3050
0.8696, 0.3024
0.8696, 0.3024
0.8696, 0.3024
0.8696, 0.3024
0.8696, 0.3024
0.8734, 0.3024
0.8734, 0.3024
0.8734, 0.2997
0.8734, 0.2997
0.8734, 0.2997
0.8734, 0.2997
0.8734, 0.2997
0.8772, 0.2997
0.8772, 0.2997
0.8772, 0.2997
0.8810, 0.2971
0.8810, 0.2971
0.8810, 0.2971
0.8810, 0.2971
0.8810, 0.2971
0.8810, 0.2971
0.8810, 0.2971
0.8810, 0.2971
0.8847, 0.2971
0.8847, 0.2971
0.8886, 0.2971
0.8886, 0.2971
0.8886, 0.2971
0.8923, 0.2971
0.8923, 0.2971
0.8923, 0.2944
0.8923, 0.2944
0.8962, 0.2944
0.8962, 0.2944
0.8962, 0.2944
0.8999, 0.2944
0.8999, 0.2944
0.8999, 0.2944
0.8999, 0.2944
0.8999, 0.2944
0.8999, 0.2918
0.8999, 0.2918
0.8999, 0.2918
0.9037, 0.2918
0.9037, 0.2918
0.9037, 0.2918
0.9037, 0.2918
0.9075, 0.2918
0.9075, 0.2918
0.9075, 0.2918
0.9113, 0.2918
0.9113, 0.2918
0.9113, 0.2918
0.9113, 0.2918
0.9113, 0.2918
0.9113, 0.2918
0.9113, 0.2918
0.9113, 0.2918
0.9113, 0.2918
0.9113, 0.2918
0.9151, 0.2918
0.9151, 0.2918
0.9151, 0.2891
0.9151, 0.2891
0.9151, 0.2891
0.9189, 0.2891
0.9189, 0.2891
0.9189, 0.2891
0.9189, 0.2891
0.9189, 0.2891
0.9189, 0.2891
0.9189, 0.2891
0.9189, 0.2891
0.9189, 0.2891
0.9189, 0.2891
0.9227, 0.2891
0.9227, 0.2891
0.9265, 0.2865
0.9265, 0.2865
0.9265, 0.2865
0.9265, 0.2865
0.9265, 0.2865
0.9302, 0.2865
0.9302, 0.2865
0.9302, 0.2865
0.9302, 0.2865
0.9302, 0.2865
0.9302, 0.2865
0.9302, 0.2865
0.9302, 0.2865
0.9302, 0.2865
0.9302, 0.2865
0.9302, 0.2865
0.9302, 0.2865
0.9302, 0.2865
0.9341, 0.2838
0.9341, 0.2838
0.9341, 0.2838
0.9341, 0.2838
0.9341, 0.2838
0.9341, 0.2838
0.9341, 0.2838
0.9341, 0.2838
0.9378, 0.2838
0.9378, 0.2838
0.9378, 0.2838
0.9378, 0.2838
0.9378, 0.2838
0.9378, 0.2838
0.9378, 0.2838
0.9378, 0.2838
0.9378, 0.2838
0.9417, 0.2838
0.9417, 0.2838
0.9417, 0.2838
0.9417, 0.2838
0.9417, 0.2838
0.9454, 0.2838
0.9454, 0.2838
0.9454, 0.2838
0.9454, 0.2838
0.9454, 0.2838
0.9493, 0.2812
0.9493, 0.2812
0.9493, 0.2812
0.9493, 0.2812
0.9493, 0.2812
0.9493, 0.2812
0.9493, 0.2812
0.9493, 0.2812
0.9493, 0.2812
0.9493, 0.2812
0.9493, 0.2812
0.9493, 0.2812
0.9493, 0.2812
0.9493, 0.2812
0.9493, 0.2812
0.9493, 0.2812
0.9530, 0.2812
0.9530, 0.2812
0.9530, 0.2812
0.9530, 0.2812
0.9530, 0.2812
0.9568, 0.2812
0.9568, 0.2812
0.9568, 0.2812
0.9568, 0.2812
0.9568, 0.2812
0.9568, 0.2812
0.9568, 0.2812
0.9568, 0.2812
0.9568, 0.2785
0.9568, 0.2785
0.9568, 0.2785
0.9568, 0.2785
0.9568, 0.2785
0.9568, 0.2785
0.9568, 0.2785
0.9568, 0.2785
0.9568, 0.2785
0.9568, 0.2785
0.9568, 0.2785
0.9568, 0.2785
0.9568, 0.2785
0.9568, 0.2785
0.9568, 0.2785
0.9568, 0.2785
0.9568, 0.2785
0.9568, 0.2785
0.9568, 0.2785
0.9568, 0.2785
0.9568, 0.2785
0.9568, 0.2785
0.9568, 0.2785
0.9606, 0.2785
0.9606, 0.2785
0.9606, 0.2785
0.9606, 0.2785
0.9606, 0.2785
0.9606, 0.2785
0.9606, 0.2785
0.9606, 0.2785
0.9606, 0.2785
0.9606, 0.2785
0.9606, 0.2785
0.9606, 0.2785
0.9606, 0.2785
0.9606, 0.2785
0.9606, 0.2785
0.9606, 0.2785
0.9606, 0.2785
0.9606, 0.2785
0.9606, 0.2785
0.9606, 0.2785
0.9606, 0.2785
0.9606, 0.2785
0.9606, 0.2785
0.9606, 0.2785
0.9606, 0.2785
0.9606, 0.2785
0.9606, 0.2785
0.9606, 0.2785
0.9606, 0.2785
0.9606, 0.2785
0.9606, 0.2785
0.9606, 0.2785
0.9606, 0.2785
0.9606, 0.2785
0.9644, 0.2785
0.9644, 0.2785
0.9644, 0.2785
0.9644, 0.2785
0.9644, 0.2785
0.9644, 0.2785
0.9644, 0.2785
0.9644, 0.2785
0.9644, 0.2785
0.9644, 0.2785
0.9644, 0.2785
0.9644, 0.2785
0.9682, 0.2785
0.9682, 0.2785
0.9682, 0.2785
0.9682, 0.2785
0.9682, 0.2785
0.9682, 0.2785
0.9682, 0.2785
0.9682, 0.2785
0.9682, 0.2785
0.9682, 0.2785
0.9682, 0.2785
0.9682, 0.2785
0.9682, 0.2785
0.9682, 0.2785
0.9682, 0.2785
0.9682, 0.2785
0.9682, 0.2785
0.9682, 0.2785
0.9682, 0.2785
0.9682, 0.2785
0.9682, 0.2785
0.9682, 0.2785
0.9682, 0.2785
0.9682, 0.2785
0.9682, 0.2785
0.9682, 0.2785
0.9682, 0.2785
0.9682, 0.2785
0.9682, 0.2785
0.9682, 0.2785
0.9682, 0.2785
0.9682, 0.2785
0.9682, 0.2785
0.9682, 0.2785
0.9682, 0.2785
0.9682, 0.2785
0.9682, 0.2785
0.9682, 0.2785
0.9682, 0.2785
0.9682, 0.2785
0.9682, 0.2785
0.9682, 0.2785
0.9682, 0.2785
0.9682, 0.2785
0.9682, 0.2785
0.9682, 0.2785
0.9682, 0.2785
0.9682, 0.2785
0.9682, 0.2785
0.9682, 0.2785
0.9682, 0.2785
0.9682, 0.2785
0.9682, 0.2785
0.9682, 0.2785
0.9682, 0.2785
0.9682, 0.2785
0.9682, 0.2785
0.9682, 0.2785
0.9682, 0.2785
0.9682, 0.2785
0.9682, 0.2785
0.9682, 0.2785
0.9682, 0.2785
0.9682, 0.2785
0.9682, 0.2785
0.9682, 0.2785
0.9682, 0.2785
0.9682, 0.2785
0.9682, 0.2785
0.9682, 0.2785
0.9682, 0.2785
0.9682, 0.2785
0.9682, 0.2785
0.9682, 0.2759
0.9682, 0.2759
0.9682, 0.2759
0.9644, 0.2732
0.9644, 0.2732
0.9606, 0.2706

0.5815, 0.1565
0.5815, 0.1565
0.5815, 0.1565
0.5815, 0.1565
0.5815, 0.1565
0.5815, 0.1565
0.5815, 0.1565
0.5815, 0.1565
0.5815, 0.1565
0.5815, 0.1565
0.5815, 0.1565
0.5815, 0.1565
0.5815, 0.1565
0.5815, 0.1565
0.5815, 0.1565
0.5815, 0.1565
0.5815, 0.1565
0.5815, 0.1565
0.5815, 0.1565
0.5815, 0.1565
0.5815, 0.1565
0.5815, 0.1565
0.5815, 0.1565
0.5815, 0.1565
0.5815, 0.1565
0.5815, 0.1565
0.5815, 0.1565
0.5815, 0.1565
0.5815, 0.1565
0.5815, 0.1565
0.5815, 0.1565
0.5815, 0.1565
0.5815, 0.1565
0.5815, 0.1565
0.5815, 0.1565
0.5815, 0.1565
0.5815, 0.1565
0.5815, 0.1565
0.5815, 0.1565
0.5815, 0.1565
0.5815, 0.1565
0.5815, 0.1565
0.5815, 0.1565
0.5815, 0.1565
0.5815, 0.1565
0.5815, 0.1565
0.5815, 0.1565
0.5815, 0.1565
0.5815, 0.1565
0.5815, 0.1565
0.5815, 0.1565
0.5815, 0.1565
0.5815, 0.1565
0.5815, 0.1565
0.5815, 0.1565
0.5815, 0.1565
0.5815, 0.1565
0.5815, 0.1565
0.5815, 0.1565
0.5815, 0.1565
0.5815, 0.1565
0.5815, 0.1565
0.5815, 0.1565
0.5815, 0.1565
0.5815, 0.1538
0.5815, 0.1538
0.5815, 0.1538
0.5815, 0.1538
0.5815, 0.1538
0.5815, 0.1538
0.5815, 0.1512
0.5815, 0.1512
0.5815, 0.1512
0.5815, 0.1512
0.5815, 0.1512
0.5815, 0.1512
0.5815, 0.1512
0.5815, 0.1512
0.5815, 0.1512
0.5815, 0.1512
0.5815, 0.1485
0.5815, 0.1485
0.5815, 0.1485
0.5815, 0.1485
0.5815, 0.1485
0.5815, 0.1485
0.5815, 0.1485
0.5815, 0.1485
0.5815, 0.1485
0.5815, 0.1459
0.5815, 0.1459
0.5815, 0.1459
0.5815, 0.1459
0.5815, 0.1459
0.5815, 0.1459
0.5815, 0.1459
0.5815, 0.1432
0.5815, 0.1432
0.5815, 0.1432
0.5815, 0.1432
0.5815, 0.1432
0.5815, 0.1432
0.5815, 0.1432
0.5815, 0.1432
0.5815, 0.1432
0.5853, 0.1432
0.5853, 0.1432
0.5853, 0.1432
0.5853, 0.1406
0.5853, 0.1406
0.5853, 0.1406
0.5853, 0.1406
0.5853, 0.1406
0.5853, 0.1406
0.5853, 0.1406
0.5853, 0.1379
0.5853, 0.1379
0.5853, 0.1379
0.5853, 0.1379
0.5853, 0.1379
0.5853, 0.1379
0.5890, 0.1379
0.5890, 0.1379
0.5890, 0.1379
0.5890, 0.1353
0.5890, 0.1353
0.5890, 0.1353
0.5890, 0.1353
0.5890, 0.1353
0.5890, 0.1353
0.5890, 0.1326
0.5890, 0.1326
0.5890, 0.1326
0.5890, 0.1326
0.5890, 0.1326
0.5890, 0.1326
0.5890, 0.1326
0.5890, 0.1300
0.5890, 0.1300
0.5890, 0.1300
0.5929, 0.1300
0.5929, 0.1300
0.5929, 0.1300
0.5929, 0.1300
0.5929, 0.1300
0.5929, 0.1300
0.5929, 0.1300
0.5929, 0.1300
0.5929, 0.1300
0.5929, 0.1300
0.5929, 0.1300
0.5929, 0.1300
0.5929, 0.1300
0.5929, 0.1273
0.5929, 0.1273
0.5929, 0.1247
0.5929, 0.1247
0.5929, 0.1247
0.5929, 0.1247
0.5929, 0.1247
0.5929, 0.1247
0.5929, 0.1247
0.5929, 0.1247
0.5929, 0.1247
0.5929, 0.1220
0.5929, 0.1220
0.5929, 0.1220
0.5966, 0.1220
0.5966, 0.1220
0.5966, 0.1220
0.5966, 0.1194
0.5966, 0.1194
0.5966, 0.1194
0.5966, 0.1194
0.5966, 0.1194
0.5966, 0.1194
0.6005, 0.1194
0.6005, 0.1194
0.6005, 0.1194
0.6005, 0.1167
0.6005, 0.1167
0.6005, 0.1167
0.6005, 0.1167
0.6005, 0.1167
0.6005, 0.1167
0.6005, 0.1141
0.6005, 0.1141
0.6005, 0.1141
0.6005, 0.1114
0.6005, 0.1114
0.6005, 0.1114
0.6005, 0.1114
0.6005, 0.1114
0.6005, 0.1114
0.6005, 0.1114
0.6005, 0.1114
0.6005, 0.1114
0.6005, 0.1114
0.6005, 0.1114
0.6005, 0.1114
0.6005, 0.1088
0.6005, 0.1088
0.6005, 0.1088
0.6005, 0.1088
0.6005, 0.1088
0.6005, 0.1088
0.6005, 0.1061
0.6005, 0.1061
0.6005, 0.1061
0.6005, 0.1061
0.6005, 0.1061
0.6005, 0.1061
0.6005, 0.1034
0.6005, 0.1034
0.6005, 0.1034
0.6042, 0.1034
0.6042, 0.1034
0.6042, 0.1034
0.6042, 0.1008
0.6042, 0.1008
0.6042, 0.1008
0.6042, 0.0981
0.6042, 0.0981
0.6042, 0.0981
0.6042, 0.0981
0.6042, 0.0981
0.6042, 0.0981
0.6042, 0.0981
0.6042, 0.0981
0.6042, 0.0981
0.6042, 0.0981
0.6042, 0.0955
0.6042, 0.0955
0.6042, 0.0955
0.6042, 0.0955
0.6042, 0.0955
0.6042, 0.0955
0.6081, 0.0928
0.6081, 0.0928
0.6081, 0.0928
0.6081, 0.0928
0.6081, 0.0928
0.6081, 0.0928
0.6081, 0.0902
0.6081, 0.0902
0.6081, 0.0902
0.6081, 0.0902
0.6081, 0.0902
0.6081, 0.0902
0.6081, 0.0875
0.6081, 0.0875
0.6081, 0.0875
0.6081, 0.0849
0.6081, 0.0849
0.6081, 0.0849
0.6081, 0.0849
0.6081, 0.0849
0.6081, 0.0849
0.6118, 0.0849
0.6118, 0.0849
0.6118, 0.0849
0.6118, 0.0849
0.6118, 0.0849
0.6118, 0.0849
0.6118, 0.0822
0.6118, 0.0822
0.6118, 0.0822
0.6118, 0.0796
0.6118, 0.0796
0.6118, 0.0796
0.6118, 0.0796
0.6118, 0.0796
0.6118, 0.0796
0.6118, 0.0796
0.6118, 0.0796
0.6118, 0.0796
0.6118, 0.0769
0.6118, 0.0769
0.6118, 0.0769
0.6118, 0.0769
0.6118, 0.0769
0.6118, 0.0769
0.6118, 0.0743
0.6118, 0.0743
0.6118, 0.0743
0.6118, 0.0716
0.6118, 0.0716
0.6118, 0.0716
0.6118, 0.0716
0.6118, 0.0716
0.6118, 0.0716
0.6156, 0.0716
0.6156, 0.0716
0.6156, 0.0716
0.6156, 0.0690
0.6156, 0.0690
0.6156, 0.0690
0.6156, 0.0663
0.6156, 0.0663
0.6156, 0.0663
0.6156, 0.0663
0.6156, 0.0663
0.6156, 0.0663
0.6156, 0.0663
0.6156, 0.0663
0.6156, 0.0663
0.6194, 0.0637
0.6194, 0.0637
0.6194, 0.0637
0.6194, 0.0637
0.6194, 0.0637
0.6194, 0.0637
0.6194, 0.0610
0.6194, 0.0610
0.6194, 0.0610
0.6194, 0.0610
0.6194, 0.0610
0.6194, 0.0610
0.6194, 0.0584
0.6194, 0.0584
0.6194, 0.0584
0.6194, 0.0584
0.6194, 0.0584
0.6194, 0.0584
0.6194, 0.0584
0.6194, 0.0584
0.6194, 0.0584
0.6194, 0.0557
0.6194, 0.0557
0.6194, 0.0557
0.6194, 0.0531
0.6194, 0.0531
0.6194, 0.0531
0.6194, 0.0531
0.6194, 0.0531
0.6194, 0.0531
0.6232, 0.0531
0.6232, 0.0531
0.6232, 0.0531
0.6232, 0.0531
0.6232, 0.0531
0.6232, 0.0531
0.6232, 0.0504
0.6232, 0.0504
0.6232, 0.0504
0.6232, 0.0477
0.6232, 0.0477
0.6232, 0.0477
0.6232, 0.0477
0.6232, 0.0477
0.6232, 0.0477
0.6232, 0.0477
0.6232, 0.0477
0.6232, 0.0477
0.6270, 0.0451
0.6270, 0.0451
0.6270, 0.0451
0.6270, 0.0451
0.6270, 0.0451
0.6270, 0.0451
0.6270, 0.0451
0.6270, 0.0451
0.6270, 0.0451
0.6270, 0.0451
0.6270, 0.0451
0.6270, 0.0451
0.6270, 0.0424
0.6270, 0.0424
0.6270, 0.0424
0.6270, 0.0424
0.6270, 0.0424
0.6270, 0.0424
0.6270, 0.0398
0.6270, 0.0398
0.6270, 0.0398
0.6308, 0.0398
0.6308, 0.0398
0.6308, 0.0398
0.6308, 0.0398
0.6308, 0.0398
0.6308, 0.0398
0.6308, 0.0398
0.6308, 0.0398
0.6308, 0.0371
0.6308, 0.0371
0.6308, 0.0371
0.6308, 0.0371
0.6308, 0.0371
0.6308, 0.0371
0.6308, 0.0371
0.6308, 0.0371
0.6308, 0.0371
0.6308, 0.0345
0.6308, 0.0345
0.6308, 0.0345
0.6308, 0.0345
0.6308, 0.0345
0.6308, 0.0345
0.6308, 0.0345
0.6308, 0.0345
0.6308, 0.0345
0.6308, 0.0345
0.6308, 0.0345
0.6308, 0.0345
0.6308, 0.0345
0.6308, 0.0345
0.6308, 0.0345
0.6308, 0.0345
0.6308, 0.0318
0.6308, 0.0318
0.6308, 0.0318
0.6308, 0.0318
0.6308, 0.0318
0.6308, 0.0318
0.6308, 0.0292
0.6308, 0.0292
0.6308, 0.0292
0.6308, 0.0265
0.6308, 0.0265
0.6308, 0.0265
0.6308, 0.0265
0.6308, 0.0265
0.6308, 0.0265
0.6308, 0.0265
0.6308, 0.0265
0.6308, 0.0265
0.6308, 0.0265
0.6308, 0.0265
0.6308, 0.0265
0.6308, 0.0265
0.6308, 0.0265
0.6308, 0.0265
0.6346, 0.0239
0.6346, 0.0239
0.6346, 0.0239
0.6346, 0.0239
0.6346, 0.0239
0.6346, 0.0239
0.6346, 0.0212
0.6346, 0.0212
0.6346, 0.0212
0.6346, 0.0212
0.6346, 0.0212
0.6346, 0.0212
0.6346, 0.0212
0.6346, 0.0212
0.6346, 0.0212
0.6346, 0.0212
0.6346, 0.0212
0.6346, 0.0212
0.6346, 0.0212
0.6346, 0.0212
0.6346, 0.0212
0.6346, 0.0212
0.6346, 0.0212
0.6346, 0.0212
0.6346, 0.0212
0.6346, 0.0212
0.6346, 0.0212
0.6346, 0.0212
0.6346, 0.0212
0.6346, 0.0212
0.6346, 0.0212
0.6346, 0.0212
0.6346, 0.0212
0.6346, 0.0186
0.6346, 0.0186
0.6346, 0.0186
0.6346, 0.0186
0.6346, 0.0186
0.6346, 0.0186
0.6346, 0.0159
0.6346, 0.0159
0.6346, 0.0159
0.6346, 0.0159
0.6346, 0.0159
0.6346, 0.0159
0.6384, 0.0159
0.6384, 0.0159
0.6384, 0.0159
0.6384, 0.0133
0.6384, 0.0133
0.6384, 0.0133
0.6384, 0.0133
0.6384, 0.0133
0.6384, 0.0133
0.6384, 0.0133
0.6384, 0.0133
0.6384, 0.0133
0.6384, 0.0133
0.6384, 0.0133
0.6384, 0.0133
0.6384, 0.0133
0.6384, 0.0133
0.6384, 0.0133
0.6384, 0.0106
0.6384, 0.0106
0.6384, 0.0106
0.6384, 0.0106
0.6384, 0.0106
0.6384, 0.0106
0.6384, 0.0106
0.6384, 0.0106
0.6384, 0.0106
0.6384, 0.0106
0.6384, 0.0106
0.6384, 0.0106
0.6384, 0.0080
0.6384, 0.0080
0.6384, 0.0080
0.6384, 0.0080
0.6384, 0.0080
0.6384, 0.0080
0.6384, 0.0080
0.6384, 0.0080
0.6384, 0.0080
0.6384, 0.0080
0.6384, 0.0080
0.6384, 0.0080
0.6384, 0.0080
0.6384, 0.0080
0.6384, 0.0080
0.6384, 0.0080
0.6384, 0.0080
0.6384, 0.0080
0.6384, 0.0080
0.6384, 0.0080
0.6384, 0.0080
0.6384, 0.0080
0.6384, 0.0080
0.6384, 0.0080
0.6384, 0.0080
0.6384, 0.0080
0.6384, 0.0080
0.6384, 0.0080
0.6384, 0.0080
0.6384, 0.0080
0.6384, 0.0053
0.6384, 0.0053
0.6384, 0.0053
0.6384, 0.0053
0.6384, 0.0053
0.6384, 0.0053
0.6384, 0.0053
0.6384, 0.0053
0.6384, 0.0053
0.6384, 0.0053
0.6384, 0.0053
0.6384, 0.0053
0.6421, 0.0053
0.6421, 0.0053
0.6421, 0.0053
0.6421, 0.0053
0.6421, 0.0053
0.6421, 0.0053
0.6421, 0.0053
0.6421, 0.0053
0.6421, 0.0053
0.6421, 0.0053
0.6421, 0.0053
0.6421, 0.0053
0.6421, 0.0053
0.6421, 0.0053
0.6421, 0.0053
0.6421, 0.0053
0.6421, 0.0053
0.6421, 0.0053
0.6421, 0.0053
0.6421, 0.0053
0.6421, 0.0053
0.6421, 0.0053
0.6421, 0.0053
0.6421, 0.0053
0.6421, 0.0053
0.6421, 0.0053
0.6421, 0.0053
0.6421, 0.0053
0.6421, 0.0053
0.6421, 0.0053
0.6421, 0.0053
0.6421, 0.0053
0.6421, 0.0053
0.6421, 0.0053
0.6421, 0.0053
0.6421, 0.0053
0.6421, 0.0053
0.6421, 0.0053
0.6421, 0.0053
0.6421, 0.0053
0.6421, 0.0053
0.6421, 0.0053
0.6421, 0.0053
0.6421, 0.0027
0.6421, 0.0027
0.6421, 0.0027
0.6421, 0.0027
0.6421, 0.0027
0.6421, 0.0027
0.6421, 0.0027
0.6421, 0.0027
0.6421, 0.0027
0.6421, 0.0027
0.6421, 0.0027
0.6421, 0.0027
0.6421, 0.0027
0.6421, 0.0027
0.6421, 0.0027
0.6421, 0.0027
0.6421, 0.0027
0.6421, 0.0027
0.6421, 0.0027
0.6421, 0.0027
0.6421, 0.0027
0.6421, 0.0027
0.6421, 0.0027
0.6421, 0.0027
0.6421, 0.0027
0.6421, 0.0027
0.6421, 0.0027
0.6421, 0.0027
0.6421, 0.0027
0.6421, 0.0027
0.6421, 0.0000
0.6421, 0.0000
0.6421, 0.0000
0.6421, 0.0000
0.6421, 0.0000
0.6421, 0.0000
0.6421, 0.0000
0.6421, 0.0000
0.6421, 0.0000
0.6421, 0.0000
0.6421, 0.0000
0.6421, 0.0000
0.6421, 0.0000
0.6421, 0.0000
0.6421, 0.0000
0.6421, 0.0000
0.6421, 0.0000
0.6421, 0.0000
0.6421, 0.0000
0.6421, 0.0000
0.6421, 0.0000
0.6421, 0.0000
0.6421, 0.0000
0.6421, 0.0000
0.6421, 0.0000
0.6421, 0.0000
0.6421, 0.0000
0.6421, 0.0000
0.6421, 0.0000
0.6421, 0.0000
0.6421, 0.0000
0.6421, 0.0000
0.6421, 0.0000
0.6421, 0.0000
0.6421, 0.0000
0.6421, 0.0000
0.6421, 0.0000
0.6421, 0.0000
0.6421, 0.0000
0.6421, 0.0000
0.6421, 0.0000
0.6421, 0.0000
0.6421, 0.0000
0.6421, 0.0000
0.6421, 0.0000
0.6421, 0.0000
0.6421, 0.0000
0.6421, 0.0000
0.6421, 0.0000
0.6421, 0.0000
0.6421, 0.0000
0.6421, 0.0000
0.6421, 0.0000
0.6421, 0.0000
0.6421, 0.0000
0.6421, 0.0000
0.6421, 0.0000
0.6421, 0.0000
0.6421, 0.0000
0.6421, 0.0000
0.6421, 0.0000
0.6421, 0.0000
0.6421, 0.0000
0.6421, 0.0000
0.6421, 0.0000
