0.0000, 0.7692
0.0000, 0.7650
0.0000, 0.7564
0.0000, 0.7521
0.0000, 0.7479
0.0043, 0.7393
0.0128, 0.7350
0.0171, 0.7222
0.0256, 0.7137
0.0342, 0.7051
0.0385, 0.7008
0.0513, 0.6966
0.0598, 0.6880
0.0727, 0.6838
0.0855, 0.6795
0.0983, 0.6709
0.1068, 0.6709
0.1239, 0.6624
0.1368, 0.6624
0.1453, 0.6538
0.1624, 0.6496
0.1709, 0.6496
0.1923, 0.6453
0.2009, 0.6410
0.2137, 0.6410
0.2265, 0.6410
0.2350, 0.6410
0.2479, 0.6368
0.2607, 0.6368
0.2692, 0.6368
0.2735, 0.6368
0.2821, 0.6368
0.2863, 0.6368
0.2992, 0.6368
0.3077, 0.6368
0.3162, 0.6368
0.3291, 0.6410
0.3419, 0.6410
0.3504, 0.6410
0.3632, 0.6453
0.3761, 0.6453
0.3889, 0.6496
0.4060, 0.6496
0.4188, 0.6581
0.4359, 0.6624
0.4487, 0.6667
0.4615, 0.6667
0.4786, 0.6709
0.4915, 0.6752
0.5086, 0.6795
0.5214, 0.6795
0.5385, 0.6838
0.5513, 0.6838
0.5598, 0.6923
0.5769, 0.6923
0.5898, 0.6966
0.6026, 0.6966
0.6239, 0.7008
0.6453, 0.7008
0.6581, 0.7008
0.6838, 0.7051
0.7009, 0.7051
0.7222, 0.7094
0.7393, 0.7094
0.7607, 0.7094
0.7778, 0.7094
0.7949, 0.7137
0.8120, 0.7137
0.8291, 0.7137
0.8462, 0.7137
0.8632, 0.7179
0.8761, 0.7179
0.8932, 0.7265
0.9017, 0.7265
0.9103, 0.7265
0.9188, 0.7265
0.9274, 0.7308
0.9316, 0.7308
0.9359, 0.7308
0.9402, 0.7308
0.9444, 0.7308

0.1880, 0.6410
0.1838, 0.6368
0.1795, 0.6239
0.1752, 0.6154
0.1709, 0.6111
0.1667, 0.6026
0.1624, 0.5897
0.1581, 0.5812
0.1496, 0.5726
0.1496, 0.5641
0.1453, 0.5513
0.1410, 0.5427
0.1410, 0.5342
0.1410, 0.5214
0.1368, 0.5128
0.1325, 0.5043
0.1325, 0.5000
0.1325, 0.4872
0.1325, 0.4786
0.1282, 0.4658
0.1282, 0.4530
0.1282, 0.4402
0.1239, 0.4316
0.1239, 0.4274
0.1239, 0.4145
0.1239, 0.4060
0.1239, 0.3974
0.1239, 0.3889
0.1239, 0.3803
0.1239, 0.3718
0.1239, 0.3675
0.1282, 0.3632
0.1325, 0.3632
0.1325, 0.3590
0.1368, 0.3547
0.1410, 0.3547
0.1453, 0.3462
0.1538, 0.3462
0.1624, 0.3419
0.1709, 0.3419
0.1838, 0.3419
0.2009, 0.3419
0.2137, 0.3419
0.2308, 0.3419
0.2436, 0.3419
0.2607, 0.3419
0.2735, 0.3419
0.2863, 0.3419
0.3077, 0.3419
0.3205, 0.3419
0.3376, 0.3419
0.3504, 0.3504
0.3675, 0.3504
0.3804, 0.3547
0.3889, 0.3547
0.4060, 0.3547
0.4145, 0.3547
0.4231, 0.3547
0.4402, 0.3590
0.4487, 0.3590
0.4573, 0.3590
0.4658, 0.3590
0.4786, 0.3590
0.4872, 0.3590
0.4957, 0.3590
0.5086, 0.3590
0.5128, 0.3590
0.5214, 0.3590
0.5256, 0.3590
0.5342, 0.3590
0.5427, 0.3590
0.5470, 0.3590
0.5556, 0.3590
0.5598, 0.3590
0.5727, 0.3590
0.5855, 0.3590
0.5940, 0.3590
0.6026, 0.3590
0.6154, 0.3547
0.6282, 0.3547
0.6410, 0.3547
0.6538, 0.3547
0.6624, 0.3547
0.6709, 0.3547
0.6838, 0.3547
0.6923, 0.3547
0.7009, 0.3462
0.7094, 0.3462
0.7222, 0.3462
0.7308, 0.3462
0.7393, 0.3462
0.7564, 0.3462
0.7650, 0.3419
0.7863, 0.3419
0.7992, 0.3419
0.8120, 0.3376
0.8248, 0.3376
0.8333, 0.3376
0.8419, 0.3333
0.8504, 0.3333
0.8632, 0.3333
0.8675, 0.3333
0.8761, 0.3333
0.8804, 0.3333
0.8846, 0.3291
0.9017, 0.3248
0.9103, 0.3248
0.9188, 0.3248
0.9359, 0.3205
0.9444, 0.3162
0.9530, 0.3162
0.9658, 0.3162
0.9744, 0.3077
0.9829, 0.3077
0.9872, 0.3077
0.9915, 0.3077
1.0000, 0.3077

0.6068, 0.4402
0.6068, 0.4316
0.6068, 0.4274
0.6111, 0.4145
0.6111, 0.4102
0.6154, 0.4017
0.6154, 0.3932
0.6239, 0.3761
0.6239, 0.3718
0.6282, 0.3632
0.6282, 0.3462
0.6282, 0.3376
0.6325, 0.3291
0.6368, 0.3205
0.6368, 0.3077
0.6410, 0.2991
0.6410, 0.2906
0.6453, 0.2820
0.6453, 0.2735
0.6496, 0.2650
0.6496, 0.2607
0.6581, 0.2521
0.6581, 0.2479
0.6581, 0.2393
0.6624, 0.2350
0.6624, 0.2308
