0.0000, 0.7283
0.0038, 0.7132
0.0113, 0.7019
0.0189, 0.6868
0.0302, 0.6755
0.0377, 0.6679
0.0491, 0.6566
0.0566, 0.6491
0.0679, 0.6453
0.0792, 0.6377
0.0943, 0.6340
0.1019, 0.6264
0.1170, 0.6226
0.1358, 0.6189
0.1434, 0.6189
0.1623, 0.6151
0.1736, 0.6151
0.1887, 0.6151
0.2000, 0.6113
0.2113, 0.6113
0.2264, 0.6113
0.2377, 0.6113
0.2491, 0.6113
0.2641, 0.6113
0.2717, 0.6113
0.2868, 0.6113
0.2981, 0.6113
0.3057, 0.6113
0.3170, 0.6113
0.3208, 0.6113
0.3283, 0.6113
0.3321, 0.6113
0.3434, 0.6151
0.3472, 0.6151
0.3509, 0.6151
0.3585, 0.6151
0.3623, 0.6189
0.3736, 0.6189
0.3811, 0.6226
0.3887, 0.6226
0.3962, 0.6302
0.4075, 0.6302
0.4151, 0.6377
0.4226, 0.6377
0.4302, 0.6415
0.4453, 0.6453
0.4528, 0.6491
0.4604, 0.6528
0.4717, 0.6604
0.4830, 0.6641
0.4906, 0.6641
0.5019, 0.6679
0.5132, 0.6717
0.5283, 0.6755
0.5396, 0.6792
0.5547, 0.6830
0.5698, 0.6906
0.5811, 0.6943
0.5962, 0.6943
0.6075, 0.6981
0.6226, 0.7019
0.6340, 0.7057
0.6528, 0.7094
0.6679, 0.7132
0.6868, 0.7170
0.7019, 0.7245
0.7170, 0.7283
0.7321, 0.7321
0.7472, 0.7321
0.7585, 0.7321
0.7698, 0.7358
0.7887, 0.7358
0.8000, 0.7358
0.8113, 0.7358
0.8226, 0.7358
0.8302, 0.7358
0.8415, 0.7358
0.8491, 0.7358
0.8566, 0.7358
0.8642, 0.7358
0.8755, 0.7321
0.8792, 0.7283
0.8868, 0.7283
0.8981, 0.7208
0.9132, 0.7208
0.9208, 0.7170
0.9283, 0.7170
0.9434, 0.7132
0.9509, 0.7132
0.9547, 0.7132
0.9660, 0.7132
0.9698, 0.7132

0.1849, 0.6189
0.1849, 0.6113
0.1774, 0.6076
0.1774, 0.6000
0.1774, 0.5962
0.1736, 0.5887
0.1736, 0.5774
0.1736, 0.5698
0.1736, 0.5623
0.1736, 0.5547
0.1736, 0.5396
0.1736, 0.5321
0.1736, 0.5245
0.1736, 0.5170
0.1736, 0.5094
0.1736, 0.5019
0.1811, 0.4981
0.1811, 0.4868
0.1811, 0.4792
0.1849, 0.4717
0.1849, 0.4641
0.1887, 0.4604
0.1887, 0.4453
0.1887, 0.4377
0.1887, 0.4302
0.1924, 0.4226
0.1924, 0.4113
0.1962, 0.4075
0.1962, 0.4000
0.1962, 0.3887
0.2000, 0.3849
0.2038, 0.3774
0.2038, 0.3736
0.2038, 0.3698
0.2113, 0.3623
0.2113, 0.3585
0.2151, 0.3547
0.2151, 0.3509
0.2189, 0.3472
0.2189, 0.3434
0.2226, 0.3396
0.2226, 0.3359
0.2264, 0.3283
0.2302, 0.3245
0.2302, 0.3207
0.2302, 0.3170
0.2340, 0.3170
0.2340, 0.3132
0.2415, 0.3132
0.2415, 0.3094
0.2453, 0.3094
0.2491, 0.3094
0.2566, 0.3057
0.2604, 0.3057
0.2755, 0.3057
0.2906, 0.2981
0.3057, 0.2981
0.3208, 0.2981
0.3358, 0.2981
0.3509, 0.2981
0.3660, 0.2981
0.3774, 0.2981
0.3849, 0.2981
0.4000, 0.2981
0.4075, 0.2981
0.4151, 0.2981
0.4226, 0.2981
0.4302, 0.3019
0.4377, 0.3019
0.4453, 0.3019
0.4528, 0.3019
0.4641, 0.3019
0.4717, 0.3057
0.4792, 0.3057
0.4906, 0.3057
0.4981, 0.3057
0.5057, 0.3057
0.5132, 0.3094
0.5245, 0.3094
0.5321, 0.3094
0.5396, 0.3094
0.5472, 0.3132
0.5547, 0.3132
0.5623, 0.3132
0.5698, 0.3132
0.5774, 0.3170
0.5887, 0.3170
0.5962, 0.3170
0.6038, 0.3207
0.6189, 0.3207
0.6264, 0.3245
0.6340, 0.3245
0.6491, 0.3321
0.6566, 0.3321
0.6679, 0.3359
0.6792, 0.3359
0.6868, 0.3396
0.6943, 0.3434
0.6981, 0.3434
0.7132, 0.3472
0.7170, 0.3509
0.7245, 0.3547
0.7321, 0.3585
0.7434, 0.3660
0.7472, 0.3698
0.7547, 0.3736
0.7623, 0.3774
0.7736, 0.3811
0.7774, 0.3811
0.7849, 0.3849
0.7924, 0.3849
0.7962, 0.3887
0.8075, 0.3887
0.8113, 0.3887
0.8189, 0.3887
0.8226, 0.3887
0.8340, 0.3887
0.8415, 0.3887
0.8491, 0.3887
0.8566, 0.3887
0.8679, 0.3887
0.8755, 0.3887
0.8830, 0.3887
0.8943, 0.3887
0.9019, 0.3887
0.9057, 0.3849
0.9132, 0.3811
0.9208, 0.3811
0.9283, 0.3811
0.9359, 0.3774
0.9396, 0.3774
0.9434, 0.3736
0.9509, 0.3736
0.9585, 0.3698
0.9660, 0.3623
0.9698, 0.3623
0.9736, 0.3585
0.9811, 0.3547
0.9811, 0.3509
0.9887, 0.3509
0.9924, 0.3472
0.9962, 0.3434
1.0000, 0.3434

0.5283, 0.4000
0.5321, 0.4000
0.5396, 0.3849
0.5585, 0.3698
0.5811, 0.3509
0.5925, 0.3396
0.6113, 0.3207
0.6226, 0.3094
0.6340, 0.3019
0.6491, 0.2906
0.6604, 0.2830
0.6755, 0.2792
0.6830, 0.2755
0.6906, 0.2717
0.7019, 0.2642
0.7057, 0.2642
