0.0000, 0.7532
0.0128, 0.7532
0.0513, 0.7532
0.0962, 0.7532
0.1474, 0.7532
0.1859, 0.7532
0.2115, 0.7468
0.2436, 0.7468
0.2628, 0.7404
0.2820, 0.7404
0.2885, 0.7404
0.2949, 0.7404
0.2949, 0.7340
0.2949, 0.7083
0.2949, 0.6955
0.2949, 0.6827
0.2949, 0.6699
0.2949, 0.6506
0.2949, 0.6314
0.2949, 0.6186
0.2949, 0.5929
0.2949, 0.5801
0.2949, 0.5481
0.2949, 0.5353
0.2949, 0.5096
0.2949, 0.4840
0.2949, 0.4583
0.2949, 0.4327
0.2949, 0.4071
0.2949, 0.3814
0.2949, 0.3622
0.2949, 0.3301
0.2949, 0.3173
0.2949, 0.2981
0.2949, 0.2788
0.2949, 0.2660
0.2949, 0.2468
0.2949, 0.2276
0.2949, 0.2148
0.2949, 0.2019
0.2949, 0.1955
0.2949, 0.1763
0.2949, 0.1699
0.2949, 0.1635
0.3013, 0.1571
0.3013, 0.1506
0.3013, 0.1378
0.3013, 0.1250
0.3013, 0.1186
0.3013, 0.1122
0.3077, 0.1122
0.3077, 0.1058
0.3077, 0.1122
0.3141, 0.1378
0.3269, 0.1571
0.3397, 0.1763
0.3526, 0.2019
0.3654, 0.2211
0.3846, 0.2532
0.3974, 0.2917
0.4167, 0.3173
0.4359, 0.3429
0.4487, 0.3750
0.4615, 0.4071
0.4744, 0.4327
0.4936, 0.4647
0.5000, 0.4840
0.5128, 0.5096
0.5192, 0.5353
0.5257, 0.5609
0.5449, 0.5866
0.5513, 0.6186
0.5641, 0.6442
0.5705, 0.6635
0.5898, 0.6955
0.6026, 0.7212
0.6154, 0.7468
0.6282, 0.7724
0.6346, 0.7917
0.6475, 0.8045
0.6603, 0.8301
0.6667, 0.8430
0.6731, 0.8494
0.6795, 0.8686
0.6987, 0.8750
0.6987, 0.8814
0.7115, 0.8814
0.7244, 0.8878
0.7308, 0.8942
0.7372, 0.8942
0.7564, 0.8942
0.7692, 0.8942
0.7821, 0.8942
0.8077, 0.8942
0.8205, 0.8942
0.8398, 0.8878
0.8654, 0.8814
0.8846, 0.8750
0.8974, 0.8622
0.9167, 0.8558
0.9295, 0.8494
0.9423, 0.8430
0.9616, 0.8365
0.9744, 0.8237
0.9808, 0.8237
0.9808, 0.8109
0.9872, 0.8045
0.9936, 0.8045
0.9936, 0.7981
0.9936, 0.7917
1.0000, 0.7917
1.0000, 0.7853
1.0000, 0.7789
1.0000, 0.7660
1.0000, 0.7532
0.9872, 0.7404
0.9744, 0.7340
0.9551, 0.7276
0.9423, 0.7212
0.9295, 0.7147
0.9039, 0.7019
0.8846, 0.6955
0.8654, 0.6891
0.8398, 0.6891
0.8205, 0.6827
0.8077, 0.6827
0.7821, 0.6763
0.7692, 0.6763
0.7564, 0.6699
0.7372, 0.6699
0.7308, 0.6699
0.7244, 0.6635
0.7180, 0.6635
0.7115, 0.6635
0.7115, 0.6506
0.7244, 0.6506
0.7500, 0.6442
0.7692, 0.6442
0.7885, 0.6378
0.8077, 0.6378
0.8269, 0.6314
0.8398, 0.6250
0.8590, 0.6186
0.8654, 0.6122
0.8782, 0.5994
0.8846, 0.5929
0.8974, 0.5866
0.9103, 0.5737
0.9167, 0.5673
0.9231, 0.5609
0.9295, 0.5417
0.9359, 0.5353
0.9423, 0.5224
0.9423, 0.5096
0.9487, 0.5032
0.9487, 0.4840
0.9487, 0.4712
0.9487, 0.4583
0.9487, 0.4391
0.9487, 0.4263
0.9487, 0.4135
0.9423, 0.4006
0.9359, 0.3814
0.9231, 0.3686
0.8974, 0.3558
0.8846, 0.3429
0.8654, 0.3237
0.8462, 0.3173
0.8269, 0.3045
0.8077, 0.2981
0.7885, 0.2788
0.7692, 0.2724
0.7564, 0.2660
0.7372, 0.2596
0.7244, 0.2532
0.7115, 0.2468
0.6923, 0.2468
0.6859, 0.2404
0.6795, 0.2404
0.6731, 0.2404
0.6731, 0.2276
0.6667, 0.2276
0.6603, 0.2276
0.6538, 0.2276
0.6538, 0.2211
0.6410, 0.2211
0.6346, 0.2211
