0.0276, 0.8031
0.0354, 0.8031
0.0984, 0.8031
0.1378, 0.8031
0.1693, 0.8031
0.2008, 0.8031
0.2244, 0.8031
0.2559, 0.8031
0.2795, 0.8031
0.2953, 0.8031
0.3031, 0.8031
0.3189, 0.8031
0.3268, 0.8031
0.3347, 0.8031
0.3425, 0.8031
0.3504, 0.8031
0.3504, 0.7874
0.3583, 0.7559
0.3661, 0.7401
0.3661, 0.7165
0.3661, 0.6929
0.3819, 0.6614
0.3819, 0.6299
0.3819, 0.6063
0.3819, 0.5669
0.3898, 0.5354
0.3898, 0.4961
0.3898, 0.4646
0.3898, 0.4173
0.3976, 0.3858
0.3976, 0.3386
0.3976, 0.2992
0.3976, 0.2677
0.3976, 0.2283
0.3976, 0.2047
0.3976, 0.1653
0.3976, 0.1417
0.4055, 0.1181
0.4055, 0.0945
0.4055, 0.0787
0.4055, 0.0551
0.4055, 0.0394
0.4055, 0.0315
0.4055, 0.0236
0.4055, 0.0157
0.4055, 0.0079
0.4055, 0.0000
0.4055, 0.0157
0.3976, 0.0394
0.3898, 0.0787
0.3740, 0.1102
0.3661, 0.1496
0.3583, 0.1968
0.3583, 0.2362
0.3504, 0.2913
0.3504, 0.3464
0.3504, 0.3937
0.3504, 0.4252
0.3583, 0.4803
0.3583, 0.5276
0.3819, 0.5748
0.3898, 0.6299
0.4055, 0.6614
0.4213, 0.7008
0.4370, 0.7323
0.4527, 0.7716
0.4685, 0.8031
0.4842, 0.8346
0.5000, 0.8661
0.5315, 0.8898
0.5473, 0.9134
0.5630, 0.9291
0.5866, 0.9527
0.5945, 0.9685
0.6024, 0.9685
0.6102, 0.9842
0.6181, 0.9842
0.6260, 0.9921
0.6417, 0.9921
0.6496, 1.0000
0.6653, 1.0000
0.6732, 1.0000
0.6811, 1.0000
0.6890, 1.0000
0.6968, 1.0000
0.7205, 1.0000
0.7283, 1.0000
0.7362, 1.0000
0.7441, 1.0000
0.7520, 1.0000
0.7599, 1.0000
0.7756, 1.0000
0.7835, 1.0000
0.7913, 0.9921
0.7913, 0.9842
0.7992, 0.9606
0.8071, 0.9370
0.8150, 0.9134
0.8150, 0.8819
0.8150, 0.8583
0.8150, 0.8189
0.8150, 0.7953
0.8071, 0.7716
0.7913, 0.7480
0.7835, 0.7244
0.7520, 0.7008
0.7362, 0.6693
0.7205, 0.6535
0.6968, 0.6457
0.6890, 0.6378
0.6811, 0.6378
0.6732, 0.6378
0.6653, 0.6220
0.6575, 0.6220
0.6575, 0.6142
0.6496, 0.6142
0.6732, 0.6063
0.6968, 0.6063
0.7362, 0.5984
0.7756, 0.5984
0.7992, 0.5905
0.8386, 0.5827
0.8701, 0.5748
0.9016, 0.5590
0.9173, 0.5512
0.9331, 0.5433
0.9409, 0.5354
0.9488, 0.5276
0.9488, 0.5197
0.9567, 0.5118
0.9567, 0.5039
0.9567, 0.4882
0.9724, 0.4803
0.9724, 0.4724
0.9724, 0.4646
0.9724, 0.4488
0.9646, 0.4409
0.9567, 0.4173
0.9409, 0.4016
0.9252, 0.3858
0.9094, 0.3622
0.8858, 0.3464
0.8701, 0.3386
0.8464, 0.3150
0.8228, 0.2992
0.8071, 0.2913
0.7913, 0.2756
0.7677, 0.2677
0.7599, 0.2599
0.7441, 0.2599
0.7441, 0.2520
0.7362, 0.2520
0.7283, 0.2441
0.7205, 0.2441
0.7047, 0.2441
0.6968, 0.2441
0.6890, 0.2283
0.6811, 0.2283
