0.0827, 0.9023
0.0902, 0.9023
0.1278, 0.9023
0.1804, 0.9023
0.2406, 0.9098
0.2857, 0.9098
0.3083, 0.9098
0.3383, 0.9098
0.3534, 0.9098
0.3609, 0.9098
0.3684, 0.9098
0.3759, 0.9023
0.3910, 0.8872
0.3910, 0.8647
0.3985, 0.8421
0.3985, 0.8196
0.4060, 0.7970
0.4135, 0.7744
0.4135, 0.7519
0.4211, 0.7218
0.4211, 0.6917
0.4286, 0.6542
0.4286, 0.6166
0.4361, 0.5714
0.4361, 0.5263
0.4361, 0.4662
0.4361, 0.4135
0.4361, 0.3534
0.4361, 0.2932
0.4361, 0.2406
0.4361, 0.1955
0.4361, 0.1654
0.4361, 0.1278
0.4361, 0.0977
0.4361, 0.0677
0.4361, 0.0451
0.4361, 0.0376
0.4361, 0.0225
0.4361, 0.0075
0.4361, 0.0000
0.4361, 0.0150
0.4361, 0.0601
0.4286, 0.1128
0.4286, 0.1880
0.4286, 0.2632
0.4286, 0.3459
0.4511, 0.4361
0.4587, 0.5263
0.4737, 0.6015
0.4887, 0.6617
0.5113, 0.7218
0.5263, 0.7744
0.5413, 0.8120
0.5639, 0.8572
0.5714, 0.8872
0.5865, 0.9248
0.5940, 0.9474
0.6090, 0.9699
0.6241, 0.9775
0.6316, 0.9925
0.6466, 0.9925
0.6692, 1.0000
0.7143, 1.0000
0.7218, 1.0000
0.7293, 0.9925
0.7369, 0.9775
0.7519, 0.9549
0.7519, 0.9323
0.7594, 0.9173
0.7594, 0.8872
0.7669, 0.8647
0.7669, 0.8496
0.7669, 0.8271
0.7669, 0.7970
0.7669, 0.7820
0.7594, 0.7594
0.7369, 0.7368
0.7218, 0.7293
0.7143, 0.7218
0.7068, 0.7068
0.6917, 0.6992
0.6767, 0.6992
0.6692, 0.6992
0.6541, 0.6992
0.6466, 0.6992
0.6391, 0.6992
0.6391, 0.6917
0.6316, 0.6917
0.6165, 0.6917
0.6165, 0.6842
0.6241, 0.6767
0.6391, 0.6692
0.6541, 0.6617
0.6917, 0.6466
0.7143, 0.6391
0.7369, 0.6391
0.7669, 0.6316
0.7820, 0.6241
0.8120, 0.6166
0.8271, 0.6090
0.8421, 0.6015
0.8571, 0.5940
0.8571, 0.5790
0.8797, 0.5714
0.8872, 0.5639
0.8947, 0.5564
0.8947, 0.5489
0.9023, 0.5414
0.9098, 0.5188
0.9098, 0.5113
0.9098, 0.5038
0.9173, 0.4962
0.9173, 0.4812
0.9173, 0.4586
0.9173, 0.4511
0.9173, 0.4361
0.9023, 0.4211
0.8797, 0.4060
0.8571, 0.3835
0.8271, 0.3684
0.8045, 0.3534
0.7895, 0.3534
0.7669, 0.3308
0.7594, 0.3308
0.7444, 0.3233
0.7369, 0.3233
0.7218, 0.3233
0.7143, 0.3233
0.7068, 0.3158
0.6993, 0.3158
0.6917, 0.3158
0.6767, 0.3083
0.6692, 0.3083
0.6617, 0.3083
0.6541, 0.3083
0.6541, 0.3008
0.6466, 0.3008
0.6391, 0.2932
0.6316, 0.2932
