0.1370, 0.8014
0.1438, 0.8014
0.1507, 0.8014
0.1781, 0.8151
0.1986, 0.8151
0.2123, 0.8151
0.2329, 0.8151
0.2466, 0.8151
0.2603, 0.8151
0.2877, 0.8151
0.3014, 0.8151
0.3151, 0.8151
0.3288, 0.8219
0.3425, 0.8219
0.3562, 0.8219
0.3699, 0.8219
0.3767, 0.8219
0.3836, 0.8219
0.3973, 0.8219
0.3973, 0.8014
0.4041, 0.7877
0.4109, 0.7671
0.4178, 0.7397
0.4178, 0.7192
0.4315, 0.6849
0.4315, 0.6575
0.4315, 0.6233
0.4315, 0.5959
0.4315, 0.5616
0.4315, 0.5000
0.4315, 0.4452
0.4315, 0.3973
0.4247, 0.3425
0.4247, 0.2945
0.4178, 0.2466
0.4178, 0.2055
0.4178, 0.1712
0.4178, 0.1438
0.4178, 0.1096
0.4178, 0.0890
0.4178, 0.0685
0.4178, 0.0548
0.4178, 0.0411
0.4178, 0.0205
0.4178, 0.0137
0.4178, 0.0068
0.4178, 0.0000
0.4178, 0.0068
0.4178, 0.0479
0.4178, 0.0890
0.4178, 0.1233
0.4109, 0.1644
0.4109, 0.1986
0.4109, 0.2397
0.4109, 0.2808
0.4178, 0.3219
0.4247, 0.3699
0.4383, 0.4178
0.4589, 0.4726
0.4726, 0.5274
0.4932, 0.5822
0.5137, 0.6370
0.5342, 0.6918
0.5548, 0.7397
0.5753, 0.7945
0.5959, 0.8356
0.6096, 0.8767
0.6301, 0.9178
0.6370, 0.9384
0.6438, 0.9658
0.6507, 0.9795
0.6575, 0.9863
0.6644, 0.9931
0.6781, 0.9931
0.6849, 1.0000
0.6918, 1.0000
0.6986, 1.0000
0.7055, 1.0000
0.7123, 1.0000
0.7192, 0.9795
0.7329, 0.9589
0.7466, 0.9315
0.7534, 0.8973
0.7603, 0.8699
0.7603, 0.8356
0.7671, 0.8151
0.7671, 0.7808
0.7671, 0.7534
0.7671, 0.7192
0.7671, 0.6918
0.7671, 0.6644
0.7671, 0.6507
0.7671, 0.6370
0.7671, 0.6164
0.7671, 0.6096
0.7671, 0.6027
0.7671, 0.5959
0.7671, 0.5891
0.7534, 0.5822
0.7397, 0.5753
0.7123, 0.5616
0.6918, 0.5616
0.6644, 0.5548
0.6438, 0.5479
0.6164, 0.5342
0.5959, 0.5342
0.5822, 0.5274
0.5616, 0.5206
0.5479, 0.5068
0.5411, 0.5000
0.5342, 0.5000
0.5342, 0.4932
0.5479, 0.4863
0.5753, 0.4863
0.5959, 0.4863
0.6233, 0.4863
0.6438, 0.4863
0.6644, 0.4863
0.6849, 0.4863
0.7123, 0.4863
0.7466, 0.4794
0.7671, 0.4726
0.7945, 0.4726
0.8151, 0.4658
0.8288, 0.4521
0.8356, 0.4452
0.8493, 0.4452
0.8562, 0.4383
0.8562, 0.4315
0.8630, 0.4247
0.8630, 0.4178
0.8630, 0.4041
0.8630, 0.3904
0.8630, 0.3836
0.8630, 0.3699
0.8425, 0.3562
0.8288, 0.3356
0.8082, 0.3288
0.7808, 0.3151
0.7603, 0.3014
0.7397, 0.2945
0.7192, 0.2808
0.7055, 0.2740
0.6986, 0.2671
0.6918, 0.2671
