0.0670, 0.4046
0.0718, 0.4046
0.0766, 0.4046
0.0814, 0.4046
0.0862, 0.4046
0.0958, 0.4046
0.1006, 0.4046
0.1054, 0.4046
0.1103, 0.4046
0.1151, 0.4046
0.1199, 0.4046
0.1247, 0.4046
0.1295, 0.4046
0.1344, 0.4046
0.1392, 0.4046
0.1440, 0.4046
0.1488, 0.4046
0.1536, 0.4046
0.1584, 0.4046
0.1633, 0.4046
0.1681, 0.4046
0.1729, 0.4046
0.1777, 0.4046
0.1825, 0.4046
0.1825, 0.4017
0.1873, 0.4017
0.1921, 0.4017
0.1969, 0.4017
0.2017, 0.4017
0.2065, 0.4017
0.2113, 0.4017
0.2162, 0.4017
0.2210, 0.3989
0.2258, 0.3989
0.2306, 0.3989
0.2306, 0.3960
0.2354, 0.3960
0.2402, 0.3960
0.2450, 0.3960
0.2450, 0.3932
0.2450, 0.3903
0.2498, 0.3903
0.2498, 0.3875
0.2546, 0.3846
0.2546, 0.3818
0.2546, 0.3789
0.2546, 0.3761
0.2546, 0.3732
0.2594, 0.3732
0.2594, 0.3704
0.2594, 0.3675
0.2642, 0.3618
0.2642, 0.3590
0.2642, 0.3561
0.2642, 0.3533
0.2642, 0.3504
0.2642, 0.3476
0.2691, 0.3447
0.2691, 0.3419
0.2691, 0.3390
0.2691, 0.3362
0.2691, 0.3333
0.2691, 0.3305
0.2691, 0.3276
0.2691, 0.3248
0.2691, 0.3219
0.2691, 0.3191
0.2691, 0.3162
0.2691, 0.3134
0.2691, 0.3105
0.2691, 0.3077
0.2691, 0.3048
0.2691, 0.3020
0.2691, 0.2991
0.2691, 0.2963
0.2691, 0.2906
0.2691, 0.2877
0.2691, 0.2821
0.2691, 0.2792
0.2691, 0.2764
0.2691, 0.2735
0.2691, 0.2707
0.2691, 0.2678
0.2691, 0.2650
0.2691, 0.2621
0.2691, 0.2593
0.2691, 0.2564
0.2691, 0.2536
0.2691, 0.2507
0.2691, 0.2479
0.2691, 0.2450
0.2691, 0.2422
0.2691, 0.2393
0.2691, 0.2365
0.2691, 0.2336
0.2691, 0.2308
0.2691, 0.2279
0.2691, 0.2251
0.2691, 0.2222
0.2691, 0.2194
0.2691, 0.2165
0.2691, 0.2108
0.2691, 0.2080
0.2691, 0.2051
0.2691, 0.2023
0.2691, 0.1994
0.2691, 0.1966
0.2691, 0.1937
0.2691, 0.1909
0.2691, 0.1880
0.2691, 0.1852
0.2691, 0.1823
0.2691, 0.1795
0.2691, 0.1766
0.2691, 0.1738
0.2691, 0.1709
0.2691, 0.1681
0.2691, 0.1652
0.2691, 0.1624
0.2691, 0.1595
0.2691, 0.1567
0.2691, 0.1538
0.2691, 0.1510
0.2691, 0.1481
0.2691, 0.1453
0.2691, 0.1425
0.2691, 0.1396
0.2691, 0.1368
0.2691, 0.1339
0.2691, 0.1311
0.2691, 0.1282
0.2691, 0.1254
0.2691, 0.1225
0.2691, 0.1197
0.2691, 0.1168
0.2691, 0.1140
0.2691, 0.1111
0.2691, 0.1083
0.2739, 0.1054
0.2739, 0.1026
0.2739, 0.0997
0.2739, 0.0969
0.2739, 0.0940
0.2787, 0.0912
0.2787, 0.0883
0.2787, 0.0855
0.2787, 0.0826
0.2787, 0.0798
0.2787, 0.0769
0.2787, 0.0741
0.2787, 0.0712
0.2787, 0.0684
0.2787, 0.0655
0.2787, 0.0627
0.2787, 0.0598
0.2787, 0.0570
0.2787, 0.0541
0.2787, 0.0513
0.2787, 0.0484
0.2787, 0.0456
0.2787, 0.0427
0.2787, 0.0399
0.2787, 0.0370
0.2787, 0.0342
0.2787, 0.0313
0.2787, 0.0285
0.2835, 0.0285
0.2883, 0.0285
0.2883, 0.0313
0.2931, 0.0313
0.2931, 0.0342
0.2979, 0.0370
0.3027, 0.0399
0.3075, 0.0427
0.3123, 0.0456
0.3171, 0.0484
0.3171, 0.0513
0.3171, 0.0541
0.3220, 0.0541
0.3220, 0.0570
0.3268, 0.0598
0.3268, 0.0627
0.3268, 0.0655
0.3316, 0.0684
0.3364, 0.0712
0.3364, 0.0741
0.3412, 0.0769
0.3412, 0.0798
0.3412, 0.0826
0.3460, 0.0826
0.3508, 0.0855
0.3508, 0.0883
0.3556, 0.0912
0.3556, 0.0940
0.3604, 0.0969
0.3604, 0.0997
0.3652, 0.1026
0.3701, 0.1026
0.3701, 0.1054
0.3749, 0.1054
0.3749, 0.1083
0.3749, 0.1111
0.3798, 0.1140
0.3798, 0.1168
0.3846, 0.1168
0.3846, 0.1197
0.3846, 0.1225
0.3894, 0.1225
0.3894, 0.1254
0.3942, 0.1282
0.3942, 0.1311
0.3990, 0.1311
0.3990, 0.1339
0.3990, 0.1368
0.4038, 0.1368
0.4038, 0.1396
0.4086, 0.1396
0.4086, 0.1425
0.4086, 0.1453
0.4134, 0.1453
0.4134, 0.1481
0.4182, 0.1510
0.4231, 0.1510
0.4231, 0.1538
0.4231, 0.1567
0.4231, 0.1595
0.4279, 0.1595
0.4327, 0.1624
0.4327, 0.1652
0.4375, 0.1652
0.4375, 0.1681
0.4423, 0.1709
0.4423, 0.1738
0.4471, 0.1738
0.4471, 0.1766
0.4519, 0.1795
0.4567, 0.1795
0.4567, 0.1823
0.4567, 0.1852
0.4615, 0.1852
0.4615, 0.1880
0.4663, 0.1880
0.4711, 0.1909
0.4711, 0.1937
0.4760, 0.1966
0.4760, 0.1994
0.4808, 0.2023
0.4808, 0.2051
0.4856, 0.2051
0.4856, 0.2080
0.4904, 0.2080
0.4904, 0.2108
0.4904, 0.2137
0.4952, 0.2165
0.4952, 0.2194
0.5000, 0.2222
0.5048, 0.2251
0.5048, 0.2279
0.5048, 0.2308
0.5048, 0.2336
0.5096, 0.2365
0.5144, 0.2365
0.5144, 0.2393
0.5144, 0.2422
0.5192, 0.2450
0.5192, 0.2479
0.5240, 0.2507
0.5289, 0.2536
0.5289, 0.2564
0.5289, 0.2593
0.5289, 0.2621
0.5337, 0.2621
0.5337, 0.2650
0.5385, 0.2650
0.5385, 0.2678
0.5385, 0.2707
0.5433, 0.2735
0.5433, 0.2764
0.5481, 0.2792
0.5529, 0.2792
0.5529, 0.2821
0.5529, 0.2849
0.5577, 0.2849
0.5625, 0.2877
0.5625, 0.2906
0.5625, 0.2934
0.5673, 0.2934
0.5721, 0.2963
0.5769, 0.2991
0.5769, 0.3020
0.5818, 0.3020
0.5866, 0.3048
0.5866, 0.3077
0.5914, 0.3105
0.5914, 0.3134
0.5962, 0.3134
0.6010, 0.3162
0.6010, 0.3191
0.6058, 0.3191
0.6106, 0.3219
0.6106, 0.3248
0.6106, 0.3276
0.6154, 0.3276
0.6154, 0.3305
0.6202, 0.3305
0.6202, 0.3333
0.6251, 0.3333
0.6251, 0.3362
0.6299, 0.3390
0.6348, 0.3419
0.6348, 0.3447
0.6396, 0.3476
0.6444, 0.3476
0.6444, 0.3504
0.6492, 0.3533
0.6540, 0.3561
0.6588, 0.3561
0.6588, 0.3590
0.6588, 0.3618
0.6636, 0.3618
0.6684, 0.3618
0.6684, 0.3647
0.6732, 0.3675
0.6780, 0.3704
0.6828, 0.3704
0.6828, 0.3732
0.6877, 0.3732
0.6877, 0.3761
0.6925, 0.3761
0.6973, 0.3789
0.7021, 0.3818
0.7069, 0.3818
0.7069, 0.3846
0.7117, 0.3846
0.7165, 0.3875
0.7165, 0.3903
0.7213, 0.3903
0.7261, 0.3903
0.7309, 0.3932
0.7358, 0.3960
0.7406, 0.3960
0.7454, 0.3960
0.7502, 0.3960
0.7550, 0.3960
0.7550, 0.3989
0.7598, 0.3989
0.7646, 0.3989
0.7694, 0.3989
0.7742, 0.3989
0.7790, 0.3989
0.7838, 0.3989
0.7887, 0.3989
0.7935, 0.3989
0.7983, 0.3989
0.8031, 0.3989
0.8079, 0.3989
0.8127, 0.3989
0.8175, 0.3989
0.8223, 0.3989
0.8271, 0.3989
0.8319, 0.3989
0.8367, 0.3989
0.8416, 0.3989
0.8464, 0.3989
0.8512, 0.3989
0.8560, 0.3989
0.8608, 0.3989
0.8656, 0.3989
0.8705, 0.3989
0.8705, 0.3960
0.8753, 0.3960
0.8801, 0.3960
0.8849, 0.3932
0.8897, 0.3932
0.8946, 0.3932
0.8994, 0.3903
0.9042, 0.3903
0.9042, 0.3875
0.9090, 0.3875
0.9138, 0.3875
0.9138, 0.3846
0.9186, 0.3846
0.9234, 0.3818
0.9282, 0.3789
0.9330, 0.3789
0.9330, 0.3761
0.9378, 0.3761
0.9426, 0.3732
0.9426, 0.3704
0.9475, 0.3704
0.9475, 0.3675
0.9523, 0.3675
0.9571, 0.3647
0.9571, 0.3618
0.9619, 0.3590
0.9667, 0.3561
0.9667, 0.3533
0.9667, 0.3504
0.9715, 0.3504
0.9715, 0.3476
0.9715, 0.3447
0.9763, 0.3447
0.9763, 0.3419
0.9763, 0.3390
0.9811, 0.3390
0.9811, 0.3362
0.9811, 0.3333
0.9811, 0.3305
0.9811, 0.3276
0.9811, 0.3248
0.9811, 0.3219
0.9859, 0.3219
0.9859, 0.3191
0.9859, 0.3162
0.9859, 0.3134
0.9859, 0.3105
0.9859, 0.3077
0.9859, 0.3048
0.9859, 0.3020
0.9859, 0.2991
0.9859, 0.2963
0.9859, 0.2934
0.9859, 0.2906
0.9859, 0.2877
0.9859, 0.2849
0.9859, 0.2821
0.9859, 0.2792
0.9859, 0.2764
0.9859, 0.2735
0.9859, 0.2707
0.9859, 0.2678
0.9811, 0.2678
0.9811, 0.2650
0.9811, 0.2621
0.9763, 0.2621
0.9763, 0.2593
0.9715, 0.2593
0.9715, 0.2564
0.9667, 0.2536
0.9619, 0.2536
0.9619, 0.2507
0.9571, 0.2479
0.9523, 0.2479
0.9523, 0.2450
0.9475, 0.2450
0.9426, 0.2422
0.9378, 0.2422
0.9378, 0.2393
0.9330, 0.2393
0.9282, 0.2393
0.9234, 0.2365
0.9234, 0.2336
0.9186, 0.2336
0.9138, 0.2336
0.9138, 0.2308
0.9090, 0.2308
0.9042, 0.2308
0.8994, 0.2308
0.8994, 0.2279
0.8946, 0.2279
0.8897, 0.2251
0.8849, 0.2251
0.8801, 0.2251
0.8753, 0.2251
0.8705, 0.2222
0.8656, 0.2222
0.8608, 0.2222
0.8560, 0.2194
0.8512, 0.2194
0.8464, 0.2194
0.8416, 0.2194
0.8367, 0.2194
0.8319, 0.2194
0.8271, 0.2165
0.8223, 0.2165
0.8175, 0.2165
0.8127, 0.2165
0.8079, 0.2165
0.8031, 0.2165
0.7983, 0.2165
0.7935, 0.2165
0.7887, 0.2165
0.7838, 0.2165
0.7790, 0.2165
0.7742, 0.2165
0.7694, 0.2165
0.7646, 0.2165
0.7598, 0.2165
0.7550, 0.2165
0.7502, 0.2165
0.7454, 0.2165
0.7454, 0.2194
0.7406, 0.2194
0.7454, 0.2194
0.7502, 0.2194
0.7550, 0.2194
0.7598, 0.2194
0.7646, 0.2194
0.7694, 0.2194
0.7742, 0.2194
0.7790, 0.2194
0.7838, 0.2194
0.7887, 0.2194
0.7887, 0.2165
0.7935, 0.2165
0.7983, 0.2165
0.8031, 0.2165
0.8079, 0.2165
0.8127, 0.2165
0.8175, 0.2165
0.8175, 0.2137
0.8223, 0.2137
0.8271, 0.2137
0.8271, 0.2108
0.8319, 0.2108
0.8367, 0.2108
0.8416, 0.2108
0.8464, 0.2108
0.8464, 0.2080
0.8512, 0.2080
0.8560, 0.2051
0.8608, 0.2051
0.8656, 0.2051
0.8705, 0.2051
0.8753, 0.2051
0.8753, 0.2023
0.8801, 0.2023
0.8801, 0.1994
0.8849, 0.1994
0.8849, 0.1966
0.8897, 0.1966
0.8946, 0.1966
0.8994, 0.1966
0.9042, 0.1966
0.9042, 0.1937
0.9090, 0.1937
0.9090, 0.1909
0.9138, 0.1909
0.9186, 0.1909
0.9234, 0.1880
0.9282, 0.1880
0.9330, 0.1852
0.9378, 0.1823
0.9426, 0.1823
0.9475, 0.1823
0.9475, 0.1795
0.9523, 0.1795
0.9523, 0.1766
0.9571, 0.1766
0.9619, 0.1738
0.9667, 0.1709
0.9667, 0.1681
0.9715, 0.1681
0.9763, 0.1652
0.9763, 0.1624
0.9811, 0.1624
0.9811, 0.1595
0.9811, 0.1567
0.9811, 0.1538
0.9859, 0.1538
0.9859, 0.1510
0.9859, 0.1481
0.9859, 0.1453
0.9907, 0.1425
0.9907, 0.1396
0.9907, 0.1368
0.9907, 0.1339
0.9907, 0.1311
0.9907, 0.1282
0.9907, 0.1254
0.9907, 0.1225
0.9907, 0.1197
0.9907, 0.1168
0.9907, 0.1140
0.9907, 0.1111
0.9907, 0.1083
0.9907, 0.1054
0.9907, 0.1026
0.9907, 0.0997
0.9907, 0.0969
0.9907, 0.0940
0.9907, 0.0912
0.9907, 0.0883
0.9907, 0.0855
0.9907, 0.0826
0.9907, 0.0798
0.9907, 0.0769
0.9859, 0.0741
0.9859, 0.0712
0.9811, 0.0684
0.9763, 0.0655
0.9763, 0.0627
0.9715, 0.0627
0.9715, 0.0598
0.9667, 0.0570
0.9619, 0.0570
0.9619, 0.0541
0.9571, 0.0513
0.9523, 0.0484
0.9475, 0.0484
0.9475, 0.0456
0.9426, 0.0427
0.9378, 0.0427
0.9378, 0.0399
0.9330, 0.0399
0.9282, 0.0370
0.9234, 0.0342
0.9186, 0.0342
0.9138, 0.0342
0.9138, 0.0313
0.9090, 0.0313
0.9042, 0.0285
0.8994, 0.0285
0.8946, 0.0285
0.8897, 0.0285
0.8897, 0.0256
0.8849, 0.0256
0.8801, 0.0256
0.8753, 0.0228
0.8705, 0.0228
0.8656, 0.0228
0.8608, 0.0228
0.8560, 0.0228
0.8512, 0.0199
0.8464, 0.0199
0.8416, 0.0199
0.8416, 0.0171
0.8367, 0.0171
0.8319, 0.0171
0.8271, 0.0142
0.8223, 0.0142
0.8175, 0.0142
0.8127, 0.0142
0.8127, 0.0114
0.8079, 0.0114
0.8031, 0.0085
0.7983, 0.0085
0.7935, 0.0085
0.7887, 0.0085
0.7838, 0.0085
0.7790, 0.0085
0.7742, 0.0085
0.7694, 0.0057
0.7646, 0.0057
0.7598, 0.0057
0.7502, 0.0028
0.7454, 0.0028
0.7358, 0.0028
0.7309, 0.0028
0.7261, 0.0028
0.7213, 0.0028
0.7165, 0.0028
0.7117, 0.0028
0.7069, 0.0028
0.7021, 0.0028
0.6973, 0.0028
0.6925, 0.0028
0.6877, 0.0000
0.6828, 0.0000
0.6780, 0.0000
0.6732, 0.0000
0.6684, 0.0000
0.6588, 0.0000
0.6540, 0.0000
0.6492, 0.0000
0.6444, 0.0000
0.6396, 0.0000
0.6348, 0.0000
0.6299, 0.0000
0.6299, 0.0028
