0.0000, 0.7803
0.0151, 0.7803
0.0606, 0.7803
0.0985, 0.7803
0.1364, 0.7803
0.1894, 0.7879
0.2197, 0.7879
0.2727, 0.7879
0.3258, 0.7879
0.3485, 0.7879
0.3712, 0.7879
0.3788, 0.7879
0.3864, 0.7879
0.3864, 0.7803
0.3939, 0.7652
0.3939, 0.7576
0.4015, 0.7424
0.4015, 0.7348
0.4091, 0.7197
0.4091, 0.6970
0.4091, 0.6894
0.4167, 0.6667
0.4167, 0.6515
0.4167, 0.6288
0.4318, 0.6061
0.4318, 0.5682
0.4318, 0.5379
0.4318, 0.5000
0.4318, 0.4697
0.4318, 0.4242
0.4318, 0.3864
0.4318, 0.3636
0.4318, 0.3258
0.4318, 0.2955
0.4318, 0.2500
0.4242, 0.2273
0.4242, 0.1970
0.4242, 0.1742
0.4242, 0.1591
0.4242, 0.1364
0.4242, 0.1212
0.4242, 0.1061
0.4242, 0.0985
0.4242, 0.0757
0.4318, 0.0682
0.4318, 0.0530
0.4318, 0.0454
0.4318, 0.0379
0.4394, 0.0151
0.4394, 0.0076
0.4394, 0.0000
0.4470, 0.0000
0.4470, 0.0076
0.4470, 0.0454
0.4470, 0.0682
0.4470, 0.1061
0.4470, 0.1515
0.4470, 0.1894
0.4470, 0.2348
0.4470, 0.2879
0.4545, 0.3409
0.4621, 0.3939
0.4773, 0.4545
0.5000, 0.5076
0.5076, 0.5682
0.5152, 0.6136
0.5227, 0.6591
0.5303, 0.7121
0.5530, 0.7500
0.5606, 0.7879
0.5758, 0.8258
0.5909, 0.8485
0.6136, 0.8864
0.6288, 0.9091
0.6364, 0.9243
0.6515, 0.9546
0.6742, 0.9621
0.6818, 0.9697
0.6894, 0.9773
0.7045, 0.9773
0.7121, 0.9849
0.7273, 0.9849
0.7500, 0.9849
0.7652, 0.9849
0.7803, 0.9849
0.8030, 0.9849
0.8182, 0.9849
0.8333, 0.9849
0.8485, 1.0000
0.8636, 1.0000
0.8712, 1.0000
0.8788, 1.0000
0.8788, 0.9849
0.8864, 0.9697
0.8939, 0.9318
0.8939, 0.9167
0.9015, 0.8939
0.9015, 0.8636
0.9015, 0.8485
0.9015, 0.8258
0.9015, 0.7955
0.8939, 0.7727
0.8788, 0.7576
0.8561, 0.7273
0.8409, 0.7121
0.8258, 0.7045
0.8106, 0.6818
0.7955, 0.6742
0.7803, 0.6742
0.7727, 0.6667
0.7576, 0.6667
0.7500, 0.6591
0.7348, 0.6591
0.7273, 0.6591
0.7197, 0.6591
0.7121, 0.6591
0.7045, 0.6515
0.6970, 0.6515
0.6894, 0.6515
0.6894, 0.6439
0.6894, 0.6364
0.7045, 0.6212
0.7197, 0.6136
0.7576, 0.6136
0.7803, 0.6061
0.8030, 0.6061
0.8258, 0.5985
0.8409, 0.5909
0.8636, 0.5909
0.8788, 0.5833
0.8939, 0.5758
0.9091, 0.5682
0.9318, 0.5530
0.9470, 0.5379
0.9621, 0.5303
0.9697, 0.5227
0.9773, 0.5227
0.9924, 0.5152
1.0000, 0.5076
1.0000, 0.4924
1.0000, 0.4848
1.0000, 0.4697
1.0000, 0.4621
0.9849, 0.4470
0.9697, 0.4242
0.9470, 0.4167
0.9167, 0.4015
0.8864, 0.3864
0.8561, 0.3712
0.8333, 0.3636
0.8106, 0.3561
0.7879, 0.3485
0.7727, 0.3409
0.7576, 0.3333
0.7500, 0.3333
0.7348, 0.3258
0.7273, 0.3182
0.7197, 0.3182
0.7121, 0.3030
0.7045, 0.2955
0.6970, 0.2955
