0.0284, 0.8455
0.0447, 0.8455
0.0772, 0.8455
0.1098, 0.8455
0.1585, 0.8455
0.2073, 0.8455
0.2399, 0.8455
0.2724, 0.8455
0.2967, 0.8455
0.3211, 0.8455
0.3455, 0.8455
0.3537, 0.8455
0.3618, 0.8455
0.3781, 0.8455
0.3862, 0.8455
0.3862, 0.8293
0.3862, 0.8049
0.3862, 0.7805
0.3862, 0.7642
0.3862, 0.7236
0.3862, 0.6910
0.3862, 0.6585
0.3862, 0.6260
0.3862, 0.5854
0.3862, 0.5610
0.3862, 0.5203
0.3862, 0.4797
0.3862, 0.4553
0.3862, 0.4228
0.3862, 0.3821
0.3862, 0.3415
0.3862, 0.3008
0.3862, 0.2683
0.3862, 0.2358
0.3862, 0.1951
0.3862, 0.1707
0.3862, 0.1382
0.3862, 0.1138
0.3862, 0.0976
0.3862, 0.0650
0.3862, 0.0488
0.3862, 0.0407
0.3862, 0.0325
0.3862, 0.0244
0.3862, 0.0081
0.3862, 0.0000
0.3862, 0.0163
0.3862, 0.0488
0.3862, 0.0894
0.3862, 0.1301
0.3862, 0.1789
0.3862, 0.2358
0.3862, 0.2845
0.4024, 0.3333
0.4106, 0.3902
0.4187, 0.4472
0.4268, 0.4878
0.4431, 0.5285
0.4512, 0.5772
0.4675, 0.6260
0.4837, 0.6667
0.5000, 0.7073
0.5081, 0.7480
0.5163, 0.7805
0.5406, 0.8130
0.5569, 0.8618
0.5732, 0.8862
0.5813, 0.9106
0.5894, 0.9350
0.6057, 0.9512
0.6219, 0.9675
0.6219, 0.9756
0.6382, 0.9837
0.6464, 1.0000
0.6545, 1.0000
0.6707, 1.0000
0.6789, 1.0000
0.6951, 1.0000
0.7033, 1.0000
0.7114, 1.0000
0.7195, 1.0000
0.7439, 1.0000
0.7520, 1.0000
0.7601, 0.9919
0.7683, 0.9837
0.7683, 0.9756
0.7764, 0.9593
0.7846, 0.9431
0.7846, 0.9187
0.7846, 0.8943
0.7846, 0.8699
0.7846, 0.8455
0.7846, 0.8211
0.7846, 0.8049
0.7764, 0.7805
0.7683, 0.7561
0.7601, 0.7480
0.7439, 0.7236
0.7276, 0.7155
0.7114, 0.7073
0.6951, 0.6992
0.6870, 0.6910
0.6789, 0.6910
0.6626, 0.6910
0.6545, 0.6910
0.6545, 0.6829
0.6464, 0.6829
0.6382, 0.6829
0.6301, 0.6829
0.6219, 0.6829
0.6219, 0.6748
0.6382, 0.6748
0.6545, 0.6748
0.6789, 0.6667
0.6951, 0.6667
0.7114, 0.6667
0.7358, 0.6667
0.7439, 0.6667
0.7520, 0.6504
0.7683, 0.6504
0.7764, 0.6423
0.8008, 0.6341
0.8171, 0.6260
0.8415, 0.6179
0.8740, 0.6097
0.8984, 0.5854
0.9146, 0.5691
0.9390, 0.5610
0.9471, 0.5447
0.9553, 0.5366
0.9634, 0.5203
0.9716, 0.5041
0.9716, 0.4959
0.9716, 0.4797
0.9716, 0.4715
0.9716, 0.4472
0.9716, 0.4309
0.9634, 0.4146
0.9471, 0.3984
0.9146, 0.3821
0.8984, 0.3659
0.8577, 0.3496
0.8415, 0.3415
0.8252, 0.3333
0.8089, 0.3333
0.7846, 0.3171
0.7683, 0.3171
0.7683, 0.3090
0.7601, 0.3090
0.7520, 0.3090
0.7439, 0.3090
0.7276, 0.3090
0.7195, 0.3090
0.7114, 0.3090
0.7033, 0.3090
0.6951, 0.3008
0.6870, 0.3008
0.6789, 0.3008
0.6626, 0.3008
0.6545, 0.2927
0.6464, 0.2927
