0.1306, 0.9105
0.1604, 0.9105
0.2127, 0.8955
0.2724, 0.8955
0.3246, 0.8806
0.3619, 0.8731
0.3918, 0.8582
0.4067, 0.8582
0.4216, 0.8582
0.4291, 0.8582
0.4291, 0.8508
0.4366, 0.8284
0.4440, 0.7985
0.4515, 0.7761
0.4664, 0.7239
0.4813, 0.6642
0.4813, 0.5970
0.4888, 0.5373
0.4888, 0.4478
0.4888, 0.3507
0.4888, 0.2761
0.4888, 0.1866
0.4739, 0.1269
0.4664, 0.0821
0.4664, 0.0373
0.4664, 0.0224
0.4664, 0.0149
0.4664, 0.0000
0.4664, 0.0075
0.4589, 0.0373
0.4515, 0.0746
0.4440, 0.1045
0.4440, 0.1567
0.4440, 0.2090
0.4440, 0.2687
0.4440, 0.3433
0.4589, 0.4179
0.4664, 0.4851
0.4888, 0.5522
0.4963, 0.6194
0.5112, 0.6791
0.5261, 0.7463
0.5485, 0.7985
0.5634, 0.8284
0.5858, 0.8657
0.6082, 0.8955
0.6306, 0.9254
0.6455, 0.9403
0.6754, 0.9552
0.6978, 0.9776
0.7276, 0.9851
0.7500, 0.9925
0.7649, 1.0000
0.7724, 1.0000
0.7873, 1.0000
0.7948, 1.0000
0.8022, 1.0000
0.8097, 1.0000
0.8246, 0.9851
0.8321, 0.9776
0.8396, 0.9552
0.8545, 0.9403
0.8619, 0.9030
0.8619, 0.8806
0.8470, 0.8433
0.8246, 0.8134
0.8022, 0.7836
0.7724, 0.7612
0.7425, 0.7463
0.7127, 0.7313
0.6903, 0.7090
0.6604, 0.6940
0.6381, 0.6940
0.6231, 0.6866
0.6007, 0.6791
0.5858, 0.6716
0.5783, 0.6716
0.5783, 0.6567
0.5858, 0.6493
0.6306, 0.6418
0.6679, 0.6418
0.6978, 0.6343
0.7276, 0.6343
0.7425, 0.6343
0.7575, 0.6269
0.7649, 0.6269
0.7724, 0.6194
0.7873, 0.6194
0.8022, 0.5970
0.8097, 0.5895
0.8172, 0.5746
0.8246, 0.5672
0.8396, 0.5522
0.8396, 0.5298
0.8545, 0.5224
0.8619, 0.5149
0.8694, 0.5000
0.8694, 0.4851
0.8694, 0.4627
0.8694, 0.4478
0.8470, 0.4254
0.8246, 0.4030
0.7948, 0.3881
0.7575, 0.3731
0.7201, 0.3433
0.6978, 0.3358
0.6754, 0.3209
0.6455, 0.3209
0.6455, 0.3134
0.6306, 0.3134
0.6306, 0.3060
