0.0093, 0.4131
0.0093, 0.4131
0.0093, 0.4131
0.0093, 0.4131
0.0093, 0.4131
0.0093, 0.4131
0.0093, 0.4131
0.0093, 0.4131
0.0093, 0.4131
0.0093, 0.4131
0.0093, 0.4131
0.0093, 0.4131
0.0093, 0.4131
0.0093, 0.4131
0.0093, 0.4131
0.0093, 0.4131
0.0093, 0.4131
0.0093, 0.4131
0.0093, 0.4131
0.0093, 0.4131
0.0093, 0.4131
0.0093, 0.4131
0.0093, 0.4131
0.0093, 0.4131
0.0093, 0.4131
0.0093, 0.4131
0.0093, 0.4131
0.0093, 0.4131
0.0093, 0.4131
0.0093, 0.4131
0.0093, 0.4131
0.0093, 0.4131
0.0093, 0.4131
0.0093, 0.4131
0.0093, 0.4131
0.0093, 0.4131
0.0093, 0.4131
0.0093, 0.4131
0.0093, 0.4131
0.0093, 0.4131
0.0093, 0.4131
0.0093, 0.4131
0.0093, 0.4131
0.0093, 0.4131
0.0093, 0.4131
0.0093, 0.4131
0.0093, 0.4131
0.0093, 0.4131
0.0093, 0.4131
0.0093, 0.4131
0.0093, 0.4131
0.0093, 0.4131
0.0093, 0.4131
0.0093, 0.4131
0.0093, 0.4131
0.0093, 0.4131
0.0093, 0.4131
0.0093, 0.4131
0.0093, 0.4131
0.0144, 0.4131
0.0144, 0.4131
0.0144, 0.4131
0.0144, 0.4131
0.0144, 0.4131
0.0144, 0.4131
0.0144, 0.4131
0.0144, 0.4131
0.0144, 0.4131
0.0144, 0.4131
0.0144, 0.4131
0.0144, 0.4131
0.0144, 0.4131
0.0144, 0.4131
0.0144, 0.4131
0.0144, 0.4131
0.0144, 0.4131
0.0144, 0.4131
0.0144, 0.4131
0.0196, 0.4131
0.0196, 0.4131
0.0196, 0.4131
0.0196, 0.4131
0.0247, 0.4131
0.0247, 0.4131
0.0247, 0.4131
0.0247, 0.4131
0.0247, 0.4131
0.0247, 0.4131
0.0247, 0.4131
0.0247, 0.4131
0.0298, 0.4131
0.0298, 0.4131
0.0298, 0.4131
0.0298, 0.4131
0.0298, 0.4131
0.0298, 0.4131
0.0298, 0.4131
0.0298, 0.4131
0.0298, 0.4131
0.0350, 0.4131
0.0350, 0.4131
0.0350, 0.4131
0.0350, 0.4131
0.0401, 0.4131
0.0401, 0.4131
0.0401, 0.4131
0.0401, 0.4131
0.0401, 0.4131
0.0401, 0.4131
0.0401, 0.4131
0.0401, 0.4131
0.0401, 0.4131
0.0401, 0.4131
0.0401, 0.4131
0.0401, 0.4131
0.0401, 0.4131
0.0401, 0.4131
0.0452, 0.4131
0.0452, 0.4131
0.0452, 0.4131
0.0504, 0.4131
0.0504, 0.4131
0.0504, 0.4131
0.0504, 0.4131
0.0504, 0.4131
0.0504, 0.4131
0.0504, 0.4131
0.0504, 0.4131
0.0504, 0.4131
0.0555, 0.4131
0.0555, 0.4131
0.0555, 0.4131
0.0555, 0.4131
0.0555, 0.4131
0.0555, 0.4131
0.0555, 0.4131
0.0555, 0.4131
0.0555, 0.4131
0.0555, 0.4131
0.0555, 0.4131
0.0555, 0.4131
0.0555, 0.4131
0.0607, 0.4131
0.0607, 0.4131
0.0607, 0.4131
0.0607, 0.4131
0.0658, 0.4131
0.0658, 0.4131
0.0658, 0.4131
0.0658, 0.4131
0.0658, 0.4131
0.0658, 0.4131
0.0658, 0.4131
0.0658, 0.4131
0.0658, 0.4131
0.0658, 0.4131
0.0658, 0.4131
0.0658, 0.4131
0.0709, 0.4131
0.0709, 0.4131
0.0709, 0.4131
0.0709, 0.4131
0.0761, 0.4131
0.0761, 0.4131
0.0761, 0.4131
0.0761, 0.4131
0.0761, 0.4131
0.0812, 0.4131
0.0812, 0.4131
0.0812, 0.4131
0.0812, 0.4131
0.0812, 0.4131
0.0812, 0.4131
0.0812, 0.4131
0.0812, 0.4131
0.0863, 0.4131
0.0863, 0.4131
0.0863, 0.4131
0.0863, 0.4131
0.0915, 0.4131
0.0915, 0.4131
0.0915, 0.4131
0.0915, 0.4131
0.0915, 0.4131
0.0915, 0.4131
0.0915, 0.4131
0.0915, 0.4131
0.0915, 0.4131
0.0915, 0.4131
0.0915, 0.4131
0.0915, 0.4131
0.0915, 0.4131
0.0915, 0.4131
0.0915, 0.4131
0.0915, 0.4131
0.0915, 0.4131
0.0966, 0.4131
0.0966, 0.4131
0.0966, 0.4131
0.0966, 0.4131
0.0966, 0.4131
0.0966, 0.4131
0.0966, 0.4131
0.0966, 0.4131
0.0966, 0.4131
0.1017, 0.4131
0.1017, 0.4131
0.1017, 0.4131
0.1017, 0.4131
0.1017, 0.4131
0.1017, 0.4131
0.1017, 0.4131
0.1017, 0.4131
0.1069, 0.4131
0.1069, 0.4131
0.1069, 0.4131
0.1069, 0.4131
0.1069, 0.4131
0.1069, 0.4131
0.1069, 0.4131
0.1069, 0.4131
0.1069, 0.4131
0.1069, 0.4131
0.1069, 0.4131
0.1069, 0.4131
0.1069, 0.4131
0.1120, 0.4131
0.1120, 0.4131
0.1120, 0.4131
0.1120, 0.4131
0.1171, 0.4131
0.1171, 0.4131
0.1171, 0.4131
0.1171, 0.4131
0.1171, 0.4131
0.1171, 0.4131
0.1171, 0.4131
0.1171, 0.4131
0.1171, 0.4131
0.1171, 0.4131
0.1171, 0.4131
0.1171, 0.4131
0.1223, 0.4131
0.1223, 0.4131
0.1223, 0.4131
0.1223, 0.4131
0.1223, 0.4131
0.1223, 0.4131
0.1223, 0.4131
0.1223, 0.4131
0.1274, 0.4131
0.1274, 0.4131
0.1274, 0.4131
0.1274, 0.4131
0.1274, 0.4131
0.1274, 0.4131
0.1274, 0.4131
0.1274, 0.4131
0.1326, 0.4131
0.1326, 0.4131
0.1326, 0.4131
0.1326, 0.4131
0.1326, 0.4131
0.1326, 0.4131
0.1326, 0.4131
0.1326, 0.4131
0.1326, 0.4131
0.1326, 0.4131
0.1326, 0.4131
0.1326, 0.4131
0.1326, 0.4131
0.1326, 0.4131
0.1326, 0.4131
0.1326, 0.4131
0.1326, 0.4131
0.1377, 0.4131
0.1377, 0.4131
0.1377, 0.4131
0.1377, 0.4131
0.1377, 0.4131
0.1377, 0.4131
0.1377, 0.4131
0.1377, 0.4131
0.1377, 0.4131
0.1377, 0.4131
0.1377, 0.4131
0.1377, 0.4131
0.1377, 0.4131
0.1428, 0.4131
0.1428, 0.4131
0.1428, 0.4131
0.1428, 0.4131
0.1428, 0.4131
0.1428, 0.4131
0.1428, 0.4131
0.1428, 0.4131
0.1428, 0.4131
0.1428, 0.4131
0.1428, 0.4131
0.1428, 0.4131
0.1480, 0.4131
0.1480, 0.4131
0.1480, 0.4131
0.1480, 0.4131
0.1480, 0.4131
0.1480, 0.4131
0.1480, 0.4131
0.1480, 0.4131
0.1531, 0.4131
0.1531, 0.4131
0.1531, 0.4131
0.1531, 0.4131
0.1582, 0.4131
0.1582, 0.4131
0.1582, 0.4131
0.1582, 0.4131
0.1582, 0.4103
0.1582, 0.4103
0.1582, 0.4103
0.1582, 0.4103
0.1582, 0.4103
0.1582, 0.4103
0.1582, 0.4103
0.1582, 0.4103
0.1582, 0.4103
0.1582, 0.4103
0.1582, 0.4103
0.1582, 0.4103
0.1582, 0.4103
0.1582, 0.4103
0.1582, 0.4103
0.1634, 0.4103
0.1634, 0.4103
0.1634, 0.4103
0.1634, 0.4103
0.1634, 0.4103
0.1634, 0.4103
0.1634, 0.4103
0.1634, 0.4103
0.1634, 0.4103
0.1634, 0.4103
0.1634, 0.4103
0.1634, 0.4103
0.1634, 0.4103
0.1634, 0.4103
0.1634, 0.4103
0.1634, 0.4103
0.1686, 0.4103
0.1686, 0.4103
0.1686, 0.4103
0.1686, 0.4103
0.1686, 0.4103
0.1686, 0.4103
0.1686, 0.4103
0.1686, 0.4103
0.1686, 0.4074
0.1686, 0.4074
0.1686, 0.4074
0.1686, 0.4074
0.1686, 0.4074
0.1686, 0.4074
0.1686, 0.4074
0.1686, 0.4074
0.1686, 0.4074
0.1737, 0.4074
0.1737, 0.4074
0.1737, 0.4074
0.1737, 0.4074
0.1737, 0.4074
0.1737, 0.4074
0.1737, 0.4074
0.1737, 0.4074
0.1789, 0.4074
0.1789, 0.4074
0.1789, 0.4074
0.1789, 0.4074
0.1789, 0.4074
0.1789, 0.4074
0.1789, 0.4074
0.1789, 0.4074
0.1789, 0.4074
0.1789, 0.4074
0.1789, 0.4074
0.1789, 0.4074
0.1789, 0.4074
0.1789, 0.4074
0.1789, 0.4074
0.1789, 0.4074
0.1789, 0.4074
0.1789, 0.4074
0.1789, 0.4074
0.1789, 0.4074
0.1789, 0.4074
0.1789, 0.4074
0.1789, 0.4074
0.1789, 0.4074
0.1789, 0.4074
0.1840, 0.4074
0.1840, 0.4074
0.1840, 0.4074
0.1840, 0.4074
0.1840, 0.4074
0.1840, 0.4074
0.1840, 0.4074
0.1840, 0.4074
0.1840, 0.4074
0.1840, 0.4074
0.1840, 0.4074
0.1891, 0.4074
0.1891, 0.4074
0.1891, 0.4074
0.1891, 0.4074
0.1891, 0.4074
0.1891, 0.4074
0.1891, 0.4074
0.1891, 0.4074
0.1943, 0.4046
0.1943, 0.4046
0.1943, 0.4046
0.1943, 0.4046
0.1943, 0.4046
0.1943, 0.4046
0.1943, 0.4046
0.1943, 0.4046
0.1943, 0.4046
0.1943, 0.4046
0.1943, 0.4046
0.1943, 0.4046
0.1943, 0.4046
0.1943, 0.4046
0.1943, 0.4046
0.1943, 0.4046
0.1943, 0.4046
0.1994, 0.4046
0.1994, 0.4046
0.1994, 0.4046
0.1994, 0.4046
0.1994, 0.4046
0.1994, 0.4046
0.1994, 0.4046
0.1994, 0.4046
0.1994, 0.4046
0.1994, 0.4046
0.1994, 0.4046
0.1994, 0.4046
0.1994, 0.4046
0.1994, 0.4046
0.1994, 0.4046
0.1994, 0.4046
0.1994, 0.4046
0.1994, 0.4017
0.1994, 0.4017
0.1994, 0.4017
0.1994, 0.4017
0.1994, 0.4017
0.1994, 0.4017
0.1994, 0.4017
0.2046, 0.4017
0.2046, 0.4017
0.2046, 0.4017
0.2046, 0.4017
0.2046, 0.4017
0.2046, 0.4017
0.2046, 0.4017
0.2046, 0.4017
0.2046, 0.4017
0.2046, 0.4017
0.2046, 0.4017
0.2046, 0.4017
0.2046, 0.4017
0.2046, 0.4017
0.2046, 0.4017
0.2046, 0.4017
0.2046, 0.4017
0.2046, 0.4017
0.2046, 0.4017
0.2046, 0.4017
0.2046, 0.4017
0.2046, 0.4017
0.2046, 0.4017
0.2046, 0.4017
0.2046, 0.4017
0.2046, 0.4017
0.2046, 0.4017
0.2046, 0.4017
0.2046, 0.4017
0.2046, 0.4017
0.2046, 0.4017
0.2046, 0.4017
0.2046, 0.4017
0.2046, 0.4017
0.2046, 0.4017
0.2046, 0.4017
0.2046, 0.4017
0.2046, 0.4017
0.2046, 0.4017
0.2046, 0.4017
0.2046, 0.4017
0.2046, 0.4017
0.2046, 0.4017
0.2046, 0.4017
0.2046, 0.4017
0.2046, 0.4017
0.2046, 0.4017
0.2046, 0.4017
0.2097, 0.3989
0.2097, 0.3989
0.2097, 0.3989
0.2097, 0.3989
0.2097, 0.3989
0.2097, 0.3989
0.2097, 0.3989
0.2097, 0.3989
0.2097, 0.3989
0.2097, 0.3989
0.2097, 0.3989
0.2097, 0.3989
0.2097, 0.3989
0.2097, 0.3989
0.2097, 0.3989
0.2097, 0.3989
0.2097, 0.3960
0.2097, 0.3960
0.2097, 0.3960
0.2097, 0.3960
0.2097, 0.3960
0.2097, 0.3960
0.2097, 0.3960
0.2097, 0.3932
0.2097, 0.3932
0.2097, 0.3932
0.2097, 0.3932
0.2097, 0.3932
0.2097, 0.3932
0.2097, 0.3932
0.2097, 0.3932
0.2148, 0.3932
0.2148, 0.3932
0.2148, 0.3932
0.2148, 0.3932
0.2148, 0.3932
0.2148, 0.3932
0.2148, 0.3932
0.2148, 0.3932
0.2148, 0.3903
0.2148, 0.3903
0.2148, 0.3903
0.2148, 0.3903
0.2148, 0.3875
0.2148, 0.3875
0.2148, 0.3875
0.2148, 0.3875
0.2148, 0.3875
0.2148, 0.3875
0.2148, 0.3875
0.2148, 0.3875
0.2148, 0.3875
0.2148, 0.3875
0.2148, 0.3875
0.2148, 0.3846
0.2148, 0.3846
0.2148, 0.3846
0.2148, 0.3846
0.2148, 0.3818
0.2148, 0.3818
0.2148, 0.3818
0.2148, 0.3818
0.2148, 0.3818
0.2148, 0.3818
0.2148, 0.3818
0.2148, 0.3818
0.2200, 0.3818
0.2200, 0.3818
0.2200, 0.3818
0.2200, 0.3789
0.2200, 0.3789
0.2200, 0.3789
0.2200, 0.3789
0.2200, 0.3761
0.2200, 0.3761
0.2200, 0.3761
0.2200, 0.3732
0.2200, 0.3732
0.2200, 0.3732
0.2200, 0.3732
0.2200, 0.3732
0.2200, 0.3732
0.2200, 0.3732
0.2200, 0.3732
0.2200, 0.3732
0.2200, 0.3732
0.2200, 0.3732
0.2200, 0.3732
0.2200, 0.3704
0.2200, 0.3704
0.2200, 0.3704
0.2200, 0.3675
0.2200, 0.3675
0.2200, 0.3675
0.2200, 0.3675
0.2200, 0.3675
0.2200, 0.3675
0.2200, 0.3675
0.2200, 0.3675
0.2200, 0.3675
0.2200, 0.3675
0.2200, 0.3675
0.2200, 0.3675
0.2200, 0.3647
0.2200, 0.3647
0.2200, 0.3647
0.2200, 0.3618
0.2200, 0.3618
0.2200, 0.3618
0.2200, 0.3618
0.2200, 0.3590
0.2200, 0.3590
0.2200, 0.3590
0.2200, 0.3590
0.2200, 0.3590
0.2200, 0.3590
0.2200, 0.3590
0.2200, 0.3590
0.2200, 0.3590
0.2200, 0.3590
0.2200, 0.3590
0.2200, 0.3561
0.2200, 0.3561
0.2200, 0.3561
0.2200, 0.3561
0.2200, 0.3533
0.2200, 0.3533
0.2200, 0.3533
0.2200, 0.3533
0.2200, 0.3533
0.2200, 0.3533
0.2200, 0.3533
0.2200, 0.3533
0.2200, 0.3533
0.2200, 0.3533
0.2200, 0.3533
0.2200, 0.3533
0.2200, 0.3533
0.2200, 0.3533
0.2200, 0.3533
0.2200, 0.3533
0.2200, 0.3504
0.2200, 0.3504
0.2200, 0.3504
0.2200, 0.3476
0.2200, 0.3476
0.2200, 0.3476
0.2200, 0.3476
0.2200, 0.3447
0.2200, 0.3447
0.2200, 0.3447
0.2200, 0.3447
0.2200, 0.3447
0.2200, 0.3447
0.2200, 0.3447
0.2200, 0.3447
0.2200, 0.3447
0.2200, 0.3447
0.2200, 0.3447
0.2200, 0.3419
0.2200, 0.3419
0.2200, 0.3419
0.2200, 0.3419
0.2200, 0.3419
0.2200, 0.3419
0.2200, 0.3419
0.2200, 0.3390
0.2200, 0.3390
0.2200, 0.3390
0.2200, 0.3390
0.2200, 0.3390
0.2200, 0.3390
0.2200, 0.3390
0.2200, 0.3390
0.2200, 0.3362
0.2200, 0.3362
0.2200, 0.3362
0.2200, 0.3362
0.2200, 0.3362
0.2200, 0.3362
0.2200, 0.3362
0.2200, 0.3333
0.2200, 0.3333
0.2200, 0.3333
0.2200, 0.3333
0.2200, 0.3305
0.2200, 0.3305
0.2200, 0.3305
0.2200, 0.3305
0.2200, 0.3305
0.2200, 0.3305
0.2200, 0.3305
0.2200, 0.3305
0.2200, 0.3305
0.2200, 0.3305
0.2200, 0.3305
0.2200, 0.3305
0.2200, 0.3305
0.2200, 0.3305
0.2200, 0.3305
0.2200, 0.3276
0.2200, 0.3276
0.2200, 0.3276
0.2200, 0.3248
0.2200, 0.3248
0.2200, 0.3248
0.2200, 0.3248
0.2200, 0.3248
0.2200, 0.3248
0.2200, 0.3248
0.2200, 0.3248
0.2200, 0.3248
0.2200, 0.3248
0.2200, 0.3248
0.2200, 0.3219
0.2200, 0.3219
0.2200, 0.3219
0.2200, 0.3219
0.2200, 0.3219
0.2200, 0.3219
0.2200, 0.3219
0.2200, 0.3219
0.2200, 0.3191
0.2200, 0.3191
0.2200, 0.3191
0.2200, 0.3191
0.2200, 0.3191
0.2200, 0.3191
0.2200, 0.3191
0.2200, 0.3191
0.2200, 0.3162
0.2200, 0.3162
0.2200, 0.3162
0.2200, 0.3162
0.2200, 0.3162
0.2200, 0.3162
0.2200, 0.3162
0.2200, 0.3162
0.2200, 0.3162
0.2200, 0.3162
0.2200, 0.3162
0.2200, 0.3134
0.2200, 0.3134
0.2200, 0.3134
0.2200, 0.3105
0.2200, 0.3105
0.2200, 0.3105
0.2200, 0.3105
0.2200, 0.3105
0.2200, 0.3105
0.2200, 0.3105
0.2200, 0.3105
0.2200, 0.3105
0.2200, 0.3105
0.2200, 0.3105
0.2200, 0.3077
0.2200, 0.3077
0.2200, 0.3077
0.2200, 0.3077
0.2200, 0.3077
0.2200, 0.3077
0.2200, 0.3077
0.2200, 0.3077
0.2200, 0.3048
0.2200, 0.3048
0.2200, 0.3048
0.2200, 0.3020
0.2200, 0.3020
0.2200, 0.3020
0.2200, 0.3020
0.2200, 0.3020
0.2200, 0.3020
0.2200, 0.3020
0.2200, 0.3020
0.2200, 0.3020
0.2200, 0.3020
0.2200, 0.3020
0.2200, 0.3020
0.2200, 0.2991
0.2200, 0.2991
0.2200, 0.2991
0.2200, 0.2991
0.2200, 0.2991
0.2200, 0.2991
0.2200, 0.2991
0.2200, 0.2963
0.2200, 0.2963
0.2200, 0.2963
0.2200, 0.2963
0.2200, 0.2963
0.2200, 0.2963
0.2200, 0.2963
0.2200, 0.2934
0.2200, 0.2934
0.2200, 0.2934
0.2200, 0.2934
0.2200, 0.2934
0.2200, 0.2934
0.2200, 0.2934
0.2200, 0.2934
0.2200, 0.2906
0.2200, 0.2906
0.2200, 0.2906
0.2200, 0.2906
0.2200, 0.2906
0.2200, 0.2906
0.2200, 0.2906
0.2200, 0.2906
0.2200, 0.2906
0.2200, 0.2906
0.2200, 0.2877
0.2200, 0.2877
0.2200, 0.2877
0.2200, 0.2849
0.2200, 0.2849
0.2200, 0.2849
0.2200, 0.2849
0.2200, 0.2849
0.2200, 0.2849
0.2200, 0.2849
0.2200, 0.2821
0.2200, 0.2821
0.2200, 0.2821
0.2200, 0.2821
0.2200, 0.2821
0.2200, 0.2821
0.2200, 0.2821
0.2200, 0.2821
0.2200, 0.2821
0.2200, 0.2821
0.2200, 0.2792
0.2200, 0.2792
0.2200, 0.2792
0.2200, 0.2792
0.2200, 0.2764
0.2200, 0.2764
0.2200, 0.2764
0.2200, 0.2764
0.2200, 0.2764
0.2200, 0.2764
0.2200, 0.2764
0.2200, 0.2735
0.2200, 0.2735
0.2200, 0.2735
0.2200, 0.2735
0.2200, 0.2707
0.2200, 0.2707
0.2200, 0.2707
0.2200, 0.2707
0.2200, 0.2707
0.2200, 0.2707
0.2200, 0.2707
0.2200, 0.2678
0.2200, 0.2678
0.2200, 0.2678
0.2200, 0.2678
0.2200, 0.2678
0.2200, 0.2678
0.2200, 0.2678
0.2200, 0.2650
0.2200, 0.2650
0.2200, 0.2650
0.2200, 0.2650
0.2200, 0.2650
0.2200, 0.2650
0.2200, 0.2650
0.2200, 0.2650
0.2200, 0.2621
0.2200, 0.2621
0.2200, 0.2621
0.2200, 0.2621
0.2200, 0.2621
0.2200, 0.2621
0.2200, 0.2593
0.2200, 0.2593
0.2200, 0.2593
0.2200, 0.2593
0.2200, 0.2564
0.2200, 0.2564
0.2200, 0.2564
0.2200, 0.2536
0.2200, 0.2536
0.2200, 0.2536
0.2200, 0.2536
0.2200, 0.2536
0.2200, 0.2536
0.2200, 0.2536
0.2200, 0.2507
0.2200, 0.2507
0.2200, 0.2507
0.2200, 0.2479
0.2200, 0.2479
0.2200, 0.2479
0.2200, 0.2479
0.2200, 0.2479
0.2200, 0.2479
0.2200, 0.2479
0.2200, 0.2479
0.2200, 0.2450
0.2200, 0.2450
0.2200, 0.2450
0.2200, 0.2422
0.2200, 0.2422
0.2200, 0.2422
0.2200, 0.2422
0.2200, 0.2393
0.2200, 0.2393
0.2200, 0.2393
0.2200, 0.2393
0.2200, 0.2393
0.2200, 0.2393
0.2200, 0.2393
0.2200, 0.2365
0.2200, 0.2365
0.2200, 0.2365
0.2200, 0.2336
0.2200, 0.2336
0.2200, 0.2336
0.2200, 0.2336
0.2200, 0.2336
0.2200, 0.2336
0.2200, 0.2336
0.2200, 0.2336
0.2200, 0.2336
0.2200, 0.2336
0.2200, 0.2308
0.2200, 0.2308
0.2200, 0.2308
0.2200, 0.2279
0.2200, 0.2279
0.2200, 0.2279
0.2200, 0.2279
0.2200, 0.2251
0.2200, 0.2251
0.2200, 0.2251
0.2200, 0.2251
0.2200, 0.2251
0.2200, 0.2251
0.2200, 0.2251
0.2200, 0.2251
0.2200, 0.2251
0.2200, 0.2251
0.2200, 0.2251
0.2200, 0.2222
0.2200, 0.2222
0.2200, 0.2222
0.2200, 0.2222
0.2200, 0.2222
0.2200, 0.2222
0.2200, 0.2222
0.2200, 0.2194
0.2200, 0.2194
0.2200, 0.2194
0.2251, 0.2194
0.2251, 0.2194
0.2251, 0.2194
0.2251, 0.2194
0.2251, 0.2194
0.2251, 0.2194
0.2251, 0.2194
0.2251, 0.2165
0.2251, 0.2165
0.2251, 0.2165
0.2251, 0.2165
0.2251, 0.2165
0.2251, 0.2165
0.2251, 0.2165
0.2251, 0.2137
0.2251, 0.2137
0.2251, 0.2137
0.2251, 0.2108
0.2251, 0.2108
0.2251, 0.2108
0.2251, 0.2108
0.2251, 0.2108
0.2251, 0.2108
0.2251, 0.2108
0.2251, 0.2108
0.2251, 0.2108
0.2251, 0.2108
0.2251, 0.2080
0.2251, 0.2080
0.2251, 0.2080
0.2251, 0.2080
0.2251, 0.2051
0.2251, 0.2051
0.2251, 0.2051
0.2251, 0.2051
0.2251, 0.2051
0.2251, 0.2051
0.2251, 0.2051
0.2251, 0.2051
0.2251, 0.2051
0.2251, 0.2051
0.2251, 0.2051
0.2251, 0.2023
0.2251, 0.2023
0.2251, 0.2023
0.2251, 0.2023
0.2251, 0.2023
0.2251, 0.2023
0.2251, 0.1994
0.2251, 0.1994
0.2251, 0.1994
0.2251, 0.1994
0.2251, 0.1994
0.2251, 0.1994
0.2251, 0.1994
0.2251, 0.1994
0.2251, 0.1994
0.2251, 0.1994
0.2251, 0.1994
0.2302, 0.1966
0.2302, 0.1966
0.2302, 0.1966
0.2302, 0.1937
0.2302, 0.1937
0.2302, 0.1937
0.2302, 0.1909
0.2302, 0.1909
0.2302, 0.1909
0.2302, 0.1909
0.2302, 0.1909
0.2302, 0.1909
0.2302, 0.1909
0.2302, 0.1909
0.2302, 0.1909
0.2302, 0.1909
0.2302, 0.1909
0.2302, 0.1880
0.2302, 0.1880
0.2302, 0.1880
0.2302, 0.1880
0.2302, 0.1852
0.2302, 0.1852
0.2302, 0.1852
0.2302, 0.1852
0.2302, 0.1852
0.2302, 0.1852
0.2302, 0.1852
0.2302, 0.1823
0.2302, 0.1823
0.2302, 0.1823
0.2302, 0.1823
0.2302, 0.1823
0.2302, 0.1823
0.2302, 0.1795
0.2302, 0.1795
0.2302, 0.1795
0.2302, 0.1766
0.2302, 0.1766
0.2302, 0.1766
0.2302, 0.1766
0.2302, 0.1766
0.2302, 0.1766
0.2302, 0.1766
0.2302, 0.1766
0.2302, 0.1766
0.2302, 0.1766
0.2302, 0.1738
0.2302, 0.1738
0.2302, 0.1738
0.2302, 0.1738
0.2302, 0.1709
0.2302, 0.1709
0.2302, 0.1709
0.2302, 0.1709
0.2302, 0.1709
0.2302, 0.1709
0.2302, 0.1709
0.2302, 0.1709
0.2302, 0.1709
0.2302, 0.1709
0.2302, 0.1681
0.2302, 0.1681
0.2302, 0.1681
0.2302, 0.1681
0.2302, 0.1681
0.2302, 0.1681
0.2302, 0.1681
0.2302, 0.1652
0.2302, 0.1652
0.2302, 0.1652
0.2302, 0.1652
0.2302, 0.1624
0.2302, 0.1624
0.2302, 0.1624
0.2302, 0.1624
0.2302, 0.1624
0.2302, 0.1624
0.2302, 0.1624
0.2302, 0.1624
0.2302, 0.1624
0.2302, 0.1624
0.2302, 0.1595
0.2302, 0.1595
0.2302, 0.1595
0.2302, 0.1567
0.2302, 0.1567
0.2302, 0.1567
0.2302, 0.1567
0.2302, 0.1567
0.2302, 0.1567
0.2302, 0.1567
0.2302, 0.1567
0.2302, 0.1567
0.2302, 0.1567
0.2302, 0.1538
0.2302, 0.1538
0.2302, 0.1538
0.2302, 0.1538
0.2302, 0.1538
0.2302, 0.1538
0.2302, 0.1538
0.2302, 0.1510
0.2302, 0.1510
0.2302, 0.1510
0.2302, 0.1510
0.2302, 0.1510
0.2302, 0.1510
0.2302, 0.1510
0.2354, 0.1481
0.2354, 0.1481
0.2354, 0.1481
0.2354, 0.1481
0.2354, 0.1481
0.2354, 0.1481
0.2354, 0.1481
0.2354, 0.1481
0.2354, 0.1481
0.2354, 0.1481
0.2354, 0.1481
0.2354, 0.1453
0.2354, 0.1453
0.2354, 0.1425
0.2354, 0.1425
0.2354, 0.1425
0.2354, 0.1425
0.2354, 0.1425
0.2354, 0.1425
0.2354, 0.1425
0.2354, 0.1425
0.2354, 0.1425
0.2354, 0.1425
0.2354, 0.1425
0.2354, 0.1396
0.2354, 0.1396
0.2354, 0.1396
0.2354, 0.1396
0.2354, 0.1396
0.2354, 0.1396
0.2354, 0.1368
0.2354, 0.1368
0.2354, 0.1368
0.2354, 0.1368
0.2354, 0.1368
0.2354, 0.1368
0.2354, 0.1368
0.2354, 0.1339
0.2354, 0.1339
0.2354, 0.1339
0.2354, 0.1339
0.2354, 0.1339
0.2354, 0.1339
0.2354, 0.1339
0.2405, 0.1339
0.2405, 0.1339
0.2405, 0.1339
0.2405, 0.1311
0.2405, 0.1311
0.2405, 0.1311
0.2405, 0.1311
0.2405, 0.1311
0.2405, 0.1311
0.2405, 0.1311
0.2405, 0.1282
0.2405, 0.1282
0.2405, 0.1282
0.2405, 0.1282
0.2405, 0.1282
0.2405, 0.1282
0.2405, 0.1282
0.2405, 0.1282
0.2405, 0.1282
0.2405, 0.1282
0.2405, 0.1254
0.2405, 0.1254
0.2405, 0.1254
0.2405, 0.1254
0.2405, 0.1254
0.2405, 0.1254
0.2405, 0.1254
0.2405, 0.1225
0.2405, 0.1225
0.2405, 0.1225
0.2405, 0.1197
0.2405, 0.1197
0.2405, 0.1197
0.2405, 0.1197
0.2405, 0.1197
0.2405, 0.1197
0.2405, 0.1197
0.2405, 0.1197
0.2405, 0.1197
0.2405, 0.1197
0.2405, 0.1197
0.2405, 0.1197
0.2405, 0.1197
0.2405, 0.1197
0.2405, 0.1168
0.2405, 0.1168
0.2405, 0.1168
0.2405, 0.1168
0.2405, 0.1168
0.2405, 0.1168
0.2405, 0.1168
0.2405, 0.1140
0.2405, 0.1140
0.2405, 0.1140
0.2405, 0.1140
0.2405, 0.1140
0.2405, 0.1140
0.2405, 0.1140
0.2405, 0.1140
0.2405, 0.1140
0.2405, 0.1140
0.2405, 0.1140
0.2405, 0.1140
0.2405, 0.1140
0.2405, 0.1111
0.2405, 0.1111
0.2405, 0.1111
0.2405, 0.1083
0.2405, 0.1083
0.2405, 0.1083
0.2405, 0.1083
0.2405, 0.1083
0.2405, 0.1083
0.2405, 0.1083
0.2405, 0.1083
0.2405, 0.1083
0.2405, 0.1083
0.2405, 0.1054
0.2405, 0.1054
0.2405, 0.1054
0.2405, 0.1054
0.2405, 0.1054
0.2405, 0.1054
0.2405, 0.1054
0.2405, 0.1026
0.2405, 0.1026
0.2405, 0.1026
0.2405, 0.1026
0.2405, 0.1026
0.2405, 0.1026
0.2405, 0.0997
0.2405, 0.0997
0.2405, 0.0997
0.2405, 0.0997
0.2405, 0.0997
0.2405, 0.0997
0.2405, 0.0997
0.2405, 0.0997
0.2405, 0.0997
0.2405, 0.0997
0.2405, 0.0969
0.2405, 0.0969
0.2405, 0.0969
0.2405, 0.0940
0.2405, 0.0940
0.2405, 0.0940
0.2405, 0.0940
0.2405, 0.0940
0.2405, 0.0940
0.2405, 0.0940
0.2405, 0.0940
0.2405, 0.0940
0.2405, 0.0940
0.2405, 0.0912
0.2405, 0.0912
0.2405, 0.0912
0.2405, 0.0912
0.2405, 0.0912
0.2405, 0.0912
0.2405, 0.0912
0.2405, 0.0883
0.2405, 0.0883
0.2405, 0.0883
0.2405, 0.0855
0.2405, 0.0855
0.2405, 0.0855
0.2405, 0.0855
0.2405, 0.0855
0.2405, 0.0855
0.2405, 0.0855
0.2405, 0.0855
0.2405, 0.0855
0.2405, 0.0855
0.2405, 0.0855
0.2405, 0.0855
0.2405, 0.0855
0.2405, 0.0855
0.2405, 0.0826
0.2405, 0.0826
0.2405, 0.0826
0.2405, 0.0826
0.2405, 0.0826
0.2405, 0.0826
0.2405, 0.0798
0.2405, 0.0798
0.2405, 0.0798
0.2405, 0.0798
0.2405, 0.0798
0.2405, 0.0798
0.2405, 0.0798
0.2405, 0.0798
0.2405, 0.0798
0.2405, 0.0798
0.2405, 0.0769
0.2405, 0.0769
0.2405, 0.0769
0.2405, 0.0769
0.2405, 0.0769
0.2405, 0.0769
0.2405, 0.0769
0.2405, 0.0741
0.2405, 0.0741
0.2405, 0.0741
0.2405, 0.0741
0.2405, 0.0741
0.2405, 0.0741
0.2405, 0.0741
0.2405, 0.0741
0.2405, 0.0741
0.2405, 0.0741
0.2405, 0.0741
0.2405, 0.0741
0.2405, 0.0741
0.2405, 0.0741
0.2405, 0.0741
0.2405, 0.0741
0.2405, 0.0741
0.2405, 0.0741
0.2405, 0.0741
0.2405, 0.0741
0.2405, 0.0741
0.2405, 0.0741
0.2405, 0.0741
0.2405, 0.0741
0.2405, 0.0741
0.2405, 0.0741
0.2405, 0.0741
0.2405, 0.0741
0.2405, 0.0741
0.2405, 0.0741
0.2405, 0.0741
0.2405, 0.0741
0.2405, 0.0741
0.2405, 0.0741
0.2405, 0.0741
0.2405, 0.0741
0.2405, 0.0741
0.2405, 0.0741
0.2405, 0.0741
0.2405, 0.0741
0.2405, 0.0741
0.2405, 0.0741
0.2405, 0.0741
0.2405, 0.0741
0.2405, 0.0741
0.2405, 0.0741
0.2405, 0.0741
0.2405, 0.0741
0.2405, 0.0741
0.2405, 0.0741
0.2405, 0.0741
0.2405, 0.0741
0.2405, 0.0741
0.2405, 0.0741
0.2405, 0.0741
0.2405, 0.0741
0.2405, 0.0741
0.2405, 0.0741
0.2405, 0.0741
0.2405, 0.0741
0.2405, 0.0741
0.2405, 0.0741
0.2405, 0.0741
0.2405, 0.0741
0.2405, 0.0741
0.2405, 0.0741
0.2405, 0.0741
0.2405, 0.0741
0.2405, 0.0741
0.2405, 0.0741
0.2405, 0.0741
0.2405, 0.0741
0.2405, 0.0741
0.2405, 0.0741
0.2405, 0.0741
0.2405, 0.0741
0.2405, 0.0741
0.2405, 0.0741
0.2405, 0.0741
0.2405, 0.0741
0.2405, 0.0741
0.2405, 0.0741
0.2405, 0.0741
0.2405, 0.0741
0.2405, 0.0741
0.2405, 0.0741
0.2405, 0.0741
0.2405, 0.0741
0.2405, 0.0741
0.2405, 0.0741
0.2405, 0.0741
0.2405, 0.0741
0.2405, 0.0741
0.2405, 0.0741
0.2405, 0.0741
0.2405, 0.0741
0.2405, 0.0741
0.2405, 0.0741
0.2405, 0.0741
0.2405, 0.0741
0.2405, 0.0741
0.2405, 0.0741
0.2405, 0.0741
0.2405, 0.0741
0.2405, 0.0741
0.2405, 0.0741
0.2405, 0.0741
0.2405, 0.0741
0.2405, 0.0741
0.2405, 0.0741
0.2405, 0.0741
0.2405, 0.0741
0.2405, 0.0741
0.2405, 0.0741
0.2405, 0.0741
0.2405, 0.0741
0.2405, 0.0741
0.2405, 0.0741
0.2405, 0.0741
0.2405, 0.0741
0.2405, 0.0741
0.2405, 0.0741
0.2405, 0.0741
0.2405, 0.0741
0.2405, 0.0741
0.2405, 0.0741
0.2405, 0.0741
0.2405, 0.0741
0.2405, 0.0741
0.2405, 0.0741
0.2405, 0.0741
0.2405, 0.0741
0.2405, 0.0741
0.2405, 0.0741
0.2405, 0.0741
0.2405, 0.0741
0.2405, 0.0741
0.2405, 0.0741
0.2405, 0.0741
0.2405, 0.0741
0.2405, 0.0741
0.2405, 0.0741
0.2405, 0.0741
0.2405, 0.0741
0.2405, 0.0741
0.2405, 0.0741
0.2405, 0.0741
0.2405, 0.0741
0.2405, 0.0741
0.2405, 0.0741
0.2405, 0.0741
0.2405, 0.0741
0.2405, 0.0741
0.2405, 0.0741
0.2405, 0.0741
0.2405, 0.0741
0.2405, 0.0741
0.2405, 0.0741
0.2405, 0.0741
0.2405, 0.0741
0.2405, 0.0741
0.2405, 0.0741
0.2405, 0.0741
0.2405, 0.0741
0.2405, 0.0741
0.2405, 0.0741
0.2405, 0.0741
0.2405, 0.0741
0.2405, 0.0741
0.2405, 0.0741
0.2405, 0.0741
0.2405, 0.0741
0.2405, 0.0741
0.2405, 0.0741
0.2405, 0.0741
0.2405, 0.0741
0.2405, 0.0741
0.2405, 0.0741
0.2405, 0.0741
0.2405, 0.0741
0.2405, 0.0712
0.2405, 0.0712
0.2405, 0.0712
0.2405, 0.0712
0.2405, 0.0712
0.2405, 0.0712
0.2405, 0.0684
0.2405, 0.0684
0.2405, 0.0684
0.2405, 0.0655
0.2405, 0.0655
0.2405, 0.0655
0.2405, 0.0655
0.2405, 0.0655
0.2405, 0.0655
0.2405, 0.0655
0.2405, 0.0655
0.2405, 0.0655
0.2405, 0.0655
0.2405, 0.0627
0.2405, 0.0627
0.2405, 0.0627
0.2405, 0.0598
0.2405, 0.0598
0.2405, 0.0598
0.2405, 0.0598
0.2405, 0.0598
0.2405, 0.0598
0.2354, 0.0570
0.2354, 0.0570
0.2354, 0.0570
0.2354, 0.0570
0.2354, 0.0570
0.2354, 0.0570
0.2354, 0.0570
0.2354, 0.0570
0.2354, 0.0570
0.2354, 0.0570
0.2354, 0.0570
0.2354, 0.0570
0.2354, 0.0570
0.2354, 0.0570
0.2354, 0.0570
0.2354, 0.0570
0.2354, 0.0570
0.2354, 0.0570
0.2354, 0.0570
0.2354, 0.0570
0.2354, 0.0570
0.2354, 0.0570
0.2354, 0.0541
0.2354, 0.0541
0.2354, 0.0541
0.2354, 0.0541
0.2354, 0.0541
0.2354, 0.0541
0.2354, 0.0541
0.2354, 0.0513
0.2354, 0.0513
0.2354, 0.0513
0.2354, 0.0513
0.2354, 0.0513
0.2354, 0.0513
0.2354, 0.0513
0.2354, 0.0513
0.2354, 0.0513
0.2354, 0.0513
0.2354, 0.0513
0.2354, 0.0513
0.2354, 0.0513
0.2354, 0.0513
0.2354, 0.0513
0.2354, 0.0513
0.2354, 0.0513
0.2354, 0.0513
0.2354, 0.0513
0.2354, 0.0484
0.2354, 0.0484
0.2354, 0.0484
0.2354, 0.0484
0.2354, 0.0484
0.2354, 0.0484
0.2354, 0.0484
0.2354, 0.0484
0.2354, 0.0484
0.2354, 0.0484
0.2354, 0.0484
0.2354, 0.0484
0.2354, 0.0484
0.2354, 0.0456
0.2354, 0.0456
0.2354, 0.0456
0.2354, 0.0456
0.2354, 0.0456
0.2354, 0.0456
0.2354, 0.0427
0.2354, 0.0427
0.2354, 0.0427
0.2302, 0.0427
0.2302, 0.0427
0.2302, 0.0427
0.2302, 0.0427
0.2302, 0.0427
0.2302, 0.0427
0.2302, 0.0399
0.2302, 0.0399
0.2302, 0.0399
0.2302, 0.0399
0.2302, 0.0399
0.2302, 0.0399
0.2302, 0.0370
0.2302, 0.0370
0.2302, 0.0370
0.2302, 0.0370
0.2302, 0.0370
0.2302, 0.0370
0.2302, 0.0370
0.2302, 0.0370
0.2302, 0.0370
0.2302, 0.0370
0.2302, 0.0370
0.2302, 0.0370
0.2302, 0.0370
0.2302, 0.0370
0.2302, 0.0370
0.2302, 0.0370
0.2302, 0.0370
0.2302, 0.0342
0.2302, 0.0342
0.2302, 0.0342
0.2302, 0.0342
0.2302, 0.0342
0.2302, 0.0342
0.2302, 0.0342
0.2302, 0.0342
0.2302, 0.0313
0.2302, 0.0313
0.2302, 0.0313
0.2302, 0.0313
0.2302, 0.0313
0.2302, 0.0313
0.2302, 0.0313
0.2302, 0.0313
0.2302, 0.0313
0.2302, 0.0313
0.2302, 0.0285
0.2302, 0.0285
0.2302, 0.0285
0.2302, 0.0285
0.2302, 0.0285
0.2302, 0.0285
0.2302, 0.0285
0.2302, 0.0285
0.2302, 0.0285
0.2302, 0.0285
0.2302, 0.0285
0.2302, 0.0285
0.2302, 0.0285
0.2302, 0.0285
0.2302, 0.0285
0.2302, 0.0285
0.2302, 0.0256
0.2302, 0.0256
0.2302, 0.0256
0.2302, 0.0256
0.2302, 0.0256
0.2302, 0.0256
0.2302, 0.0228
0.2302, 0.0228
0.2302, 0.0228
0.2302, 0.0228
0.2302, 0.0228
0.2302, 0.0228
0.2302, 0.0228
0.2302, 0.0228
0.2302, 0.0228
0.2302, 0.0228
0.2302, 0.0228
0.2302, 0.0228
0.2302, 0.0228
0.2302, 0.0228
0.2302, 0.0228
0.2302, 0.0228
0.2302, 0.0228
0.2302, 0.0228
0.2302, 0.0228
0.2302, 0.0228
0.2302, 0.0228
0.2302, 0.0228
0.2302, 0.0228
0.2302, 0.0228
0.2302, 0.0228
0.2302, 0.0228
0.2302, 0.0228
0.2302, 0.0228
0.2302, 0.0228
0.2302, 0.0228
0.2302, 0.0228
0.2302, 0.0228
0.2302, 0.0228
0.2302, 0.0228
0.2302, 0.0228
0.2302, 0.0228
0.2302, 0.0228
0.2302, 0.0228
0.2302, 0.0228
0.2302, 0.0228
0.2302, 0.0228
0.2302, 0.0228
0.2302, 0.0228
0.2302, 0.0228
0.2302, 0.0228
0.2302, 0.0228
0.2302, 0.0228
0.2302, 0.0228
0.2302, 0.0228
0.2302, 0.0228
0.2302, 0.0228
0.2302, 0.0228
0.2302, 0.0228
0.2302, 0.0228
0.2302, 0.0228
0.2302, 0.0228
0.2302, 0.0228
0.2302, 0.0228
0.2302, 0.0228
0.2302, 0.0228
0.2302, 0.0228
0.2302, 0.0228
0.2302, 0.0228
0.2302, 0.0228
0.2302, 0.0228
0.2302, 0.0228
0.2302, 0.0228
0.2302, 0.0228
0.2302, 0.0228
0.2302, 0.0228
0.2302, 0.0228
0.2302, 0.0228
0.2302, 0.0228
0.2302, 0.0228
0.2302, 0.0228
0.2302, 0.0228
0.2302, 0.0228
0.2302, 0.0228
0.2302, 0.0228
0.2302, 0.0228
0.2302, 0.0228
0.2302, 0.0228
0.2302, 0.0228
0.2302, 0.0228
0.2302, 0.0228
0.2302, 0.0228
0.2302, 0.0228
0.2302, 0.0228
0.2302, 0.0228
0.2302, 0.0228
0.2302, 0.0228
0.2302, 0.0228
0.2302, 0.0228
0.2302, 0.0228
0.2302, 0.0228
0.2302, 0.0228
0.2302, 0.0228
0.2302, 0.0228
0.2302, 0.0228
0.2302, 0.0228
0.2302, 0.0228
0.2302, 0.0228
0.2302, 0.0228
0.2302, 0.0228
0.2302, 0.0228
0.2302, 0.0228
0.2302, 0.0228
0.2302, 0.0228
0.2302, 0.0228
0.2302, 0.0228
0.2302, 0.0228
0.2302, 0.0228
0.2302, 0.0228
0.2302, 0.0228
0.2302, 0.0228
0.2302, 0.0228
0.2302, 0.0199
0.2302, 0.0199
0.2302, 0.0199
0.2302, 0.0199
0.2302, 0.0199
0.2302, 0.0199
0.2302, 0.0199
0.2302, 0.0199
0.2302, 0.0199
0.2302, 0.0199
0.2302, 0.0199
0.2302, 0.0199
0.2302, 0.0199
0.2302, 0.0199
0.2302, 0.0199
0.2302, 0.0199
0.2302, 0.0171
0.2302, 0.0171
0.2302, 0.0171
0.2302, 0.0171
0.2302, 0.0171
0.2302, 0.0171
0.2302, 0.0171
0.2302, 0.0171
0.2302, 0.0171
0.2302, 0.0171
0.2302, 0.0171
0.2302, 0.0171
0.2302, 0.0171
0.2302, 0.0171
0.2302, 0.0171
0.2302, 0.0171
0.2302, 0.0171
0.2302, 0.0171
0.2302, 0.0171
0.2302, 0.0171
0.2302, 0.0171
0.2302, 0.0171
0.2302, 0.0171
0.2302, 0.0171
0.2302, 0.0171
0.2302, 0.0171
0.2302, 0.0171
0.2302, 0.0171
0.2302, 0.0171
0.2302, 0.0171
0.2302, 0.0171
0.2302, 0.0171
0.2302, 0.0171
0.2302, 0.0171
0.2302, 0.0171
0.2302, 0.0171
0.2302, 0.0171
0.2302, 0.0171
0.2302, 0.0171
0.2302, 0.0171
0.2302, 0.0171
0.2302, 0.0171
0.2302, 0.0171
0.2302, 0.0171
0.2302, 0.0171
0.2302, 0.0171
0.2302, 0.0171
0.2302, 0.0171
0.2302, 0.0171
0.2302, 0.0171
0.2302, 0.0171
0.2302, 0.0171
0.2302, 0.0171
0.2302, 0.0171
0.2302, 0.0171
0.2302, 0.0171
0.2302, 0.0171
0.2302, 0.0171
0.2302, 0.0171
0.2302, 0.0171
0.2302, 0.0171
0.2302, 0.0171
0.2302, 0.0171
0.2302, 0.0171
0.2302, 0.0171
0.2302, 0.0171
0.2302, 0.0171
0.2302, 0.0171
0.2302, 0.0171
0.2302, 0.0171
0.2302, 0.0171
0.2302, 0.0171
0.2302, 0.0171
0.2302, 0.0171
0.2302, 0.0199
0.2302, 0.0199
0.2302, 0.0199
0.2302, 0.0199
0.2302, 0.0199
0.2302, 0.0199
0.2302, 0.0199
0.2302, 0.0199
0.2302, 0.0199
0.2302, 0.0228
0.2302, 0.0228
0.2302, 0.0228
0.2354, 0.0256
0.2354, 0.0256
0.2354, 0.0256
0.2354, 0.0256
0.2354, 0.0256
0.2354, 0.0256
0.2405, 0.0256
0.2405, 0.0256
0.2405, 0.0256
0.2405, 0.0285
0.2405, 0.0285
0.2456, 0.0313
0.2456, 0.0313
0.2456, 0.0313
0.2456, 0.0342
0.2456, 0.0342
0.2456, 0.0342
0.2456, 0.0342
0.2456, 0.0342
0.2456, 0.0342
0.2508, 0.0370
0.2508, 0.0370
0.2508, 0.0370
0.2508, 0.0370
0.2508, 0.0370
0.2508, 0.0370
0.2559, 0.0399
0.2559, 0.0399
0.2559, 0.0399
0.2559, 0.0399
0.2559, 0.0399
0.2559, 0.0399
0.2559, 0.0399
0.2559, 0.0399
0.2559, 0.0399
0.2559, 0.0427
0.2559, 0.0427
0.2559, 0.0427
0.2559, 0.0427
0.2559, 0.0427
0.2559, 0.0427
0.2610, 0.0456
0.2610, 0.0456
0.2610, 0.0456
0.2610, 0.0456
0.2610, 0.0456
0.2610, 0.0456
0.2610, 0.0484
0.2610, 0.0484
0.2662, 0.0484
0.2662, 0.0484
0.2662, 0.0484
0.2662, 0.0484
0.2662, 0.0484
0.2662, 0.0484
0.2713, 0.0513
0.2713, 0.0513
0.2713, 0.0513
0.2713, 0.0513
0.2713, 0.0513
0.2713, 0.0513
0.2713, 0.0541
0.2713, 0.0541
0.2713, 0.0541
0.2713, 0.0541
0.2713, 0.0541
0.2713, 0.0541
0.2713, 0.0541
0.2713, 0.0541
0.2713, 0.0541
0.2713, 0.0541
0.2765, 0.0541
0.2765, 0.0541
0.2765, 0.0541
0.2765, 0.0541
0.2765, 0.0541
0.2765, 0.0570
0.2765, 0.0570
0.2765, 0.0570
0.2816, 0.0570
0.2816, 0.0570
0.2816, 0.0570
0.2816, 0.0598
0.2816, 0.0598
0.2816, 0.0598
0.2816, 0.0598
0.2816, 0.0598
0.2816, 0.0598
0.2816, 0.0627
0.2816, 0.0627
0.2816, 0.0627
0.2816, 0.0627
0.2816, 0.0627
0.2867, 0.0627
0.2867, 0.0627
0.2867, 0.0627
0.2867, 0.0655
0.2867, 0.0655
0.2867, 0.0655
0.2919, 0.0655
0.2919, 0.0655
0.2919, 0.0655
0.2919, 0.0684
0.2919, 0.0684
0.2919, 0.0684
0.2919, 0.0684
0.2919, 0.0684
0.2919, 0.0684
0.2970, 0.0684
0.2970, 0.0684
0.2970, 0.0712
0.2970, 0.0712
0.2970, 0.0712
0.2970, 0.0712
0.2970, 0.0712
0.2970, 0.0712
0.2970, 0.0741
0.2970, 0.0741
0.2970, 0.0741
0.2970, 0.0741
0.2970, 0.0741
0.2970, 0.0741
0.3021, 0.0769
0.3021, 0.0769
0.3021, 0.0769
0.3021, 0.0769
0.3021, 0.0769
0.3073, 0.0769
0.3073, 0.0769
0.3073, 0.0798
0.3073, 0.0798
0.3073, 0.0798
0.3073, 0.0798
0.3073, 0.0798
0.3073, 0.0798
0.3073, 0.0826
0.3073, 0.0826
0.3073, 0.0826
0.3073, 0.0826
0.3073, 0.0826
0.3073, 0.0826
0.3073, 0.0826
0.3073, 0.0826
0.3073, 0.0826
0.3124, 0.0855
0.3124, 0.0855
0.3124, 0.0855
0.3124, 0.0855
0.3124, 0.0855
0.3124, 0.0883
0.3124, 0.0883
0.3124, 0.0883
0.3175, 0.0912
0.3175, 0.0912
0.3175, 0.0912
0.3175, 0.0912
0.3175, 0.0912
0.3175, 0.0912
0.3227, 0.0912
0.3227, 0.0912
0.3227, 0.0912
0.3227, 0.0940
0.3227, 0.0940
0.3227, 0.0940
0.3227, 0.0940
0.3227, 0.0940
0.3227, 0.0969
0.3227, 0.0969
0.3227, 0.0969
0.3227, 0.0969
0.3227, 0.0969
0.3227, 0.0969
0.3227, 0.0969
0.3227, 0.0969
0.3227, 0.0969
0.3227, 0.0969
0.3227, 0.0969
0.3227, 0.0969
0.3278, 0.0997
0.3278, 0.0997
0.3278, 0.0997
0.3278, 0.0997
0.3278, 0.0997
0.3278, 0.0997
0.3278, 0.1026
0.3278, 0.1026
0.3278, 0.1026
0.3330, 0.1026
0.3330, 0.1026
0.3330, 0.1054
0.3330, 0.1054
0.3330, 0.1054
0.3330, 0.1054
0.3330, 0.1054
0.3330, 0.1054
0.3330, 0.1054
0.3330, 0.1054
0.3330, 0.1054
0.3330, 0.1054
0.3330, 0.1054
0.3330, 0.1054
0.3330, 0.1054
0.3330, 0.1054
0.3330, 0.1054
0.3330, 0.1054
0.3330, 0.1083
0.3330, 0.1083
0.3382, 0.1083
0.3382, 0.1083
0.3382, 0.1083
0.3382, 0.1083
0.3382, 0.1083
0.3382, 0.1083
0.3382, 0.1111
0.3382, 0.1111
0.3382, 0.1111
0.3382, 0.1111
0.3382, 0.1111
0.3382, 0.1111
0.3433, 0.1111
0.3433, 0.1111
0.3433, 0.1111
0.3433, 0.1111
0.3433, 0.1111
0.3433, 0.1140
0.3433, 0.1140
0.3433, 0.1140
0.3433, 0.1140
0.3433, 0.1140
0.3433, 0.1140
0.3433, 0.1140
0.3433, 0.1140
0.3433, 0.1140
0.3433, 0.1168
0.3433, 0.1168
0.3433, 0.1168
0.3433, 0.1168
0.3433, 0.1168
0.3484, 0.1168
0.3484, 0.1168
0.3484, 0.1168
0.3484, 0.1168
0.3484, 0.1168
0.3484, 0.1168
0.3484, 0.1197
0.3484, 0.1197
0.3484, 0.1197
0.3536, 0.1225
0.3536, 0.1225
0.3536, 0.1225
0.3536, 0.1225
0.3536, 0.1225
0.3587, 0.1254
0.3587, 0.1254
0.3587, 0.1254
0.3587, 0.1254
0.3587, 0.1254
0.3587, 0.1254
0.3587, 0.1282
0.3587, 0.1282
0.3587, 0.1311
0.3587, 0.1311
0.3587, 0.1311
0.3639, 0.1311
0.3639, 0.1311
0.3639, 0.1311
0.3639, 0.1311
0.3639, 0.1311
0.3639, 0.1311
0.3639, 0.1311
0.3639, 0.1311
0.3639, 0.1311
0.3690, 0.1339
0.3690, 0.1339
0.3690, 0.1339
0.3690, 0.1339
0.3690, 0.1339
0.3690, 0.1339
0.3690, 0.1368
0.3690, 0.1368
0.3690, 0.1396
0.3690, 0.1396
0.3690, 0.1396
0.3741, 0.1396
0.3741, 0.1396
0.3741, 0.1396
0.3741, 0.1425
0.3741, 0.1425
0.3793, 0.1425
0.3793, 0.1425
0.3793, 0.1425
0.3793, 0.1453
0.3793, 0.1453
0.3793, 0.1453
0.3793, 0.1453
0.3793, 0.1453
0.3793, 0.1453
0.3844, 0.1481
0.3844, 0.1481
0.3844, 0.1481
0.3844, 0.1481
0.3844, 0.1481
0.3844, 0.1510
0.3844, 0.1510
0.3844, 0.1510
0.3844, 0.1510
0.3844, 0.1510
0.3844, 0.1510
0.3844, 0.1538
0.3844, 0.1538
0.3895, 0.1538
0.3895, 0.1538
0.3895, 0.1538
0.3895, 0.1538
0.3895, 0.1538
0.3895, 0.1538
0.3895, 0.1567
0.3895, 0.1567
0.3895, 0.1567
0.3895, 0.1567
0.3895, 0.1567
0.3947, 0.1595
0.3947, 0.1595
0.3947, 0.1595
0.3947, 0.1595
0.3947, 0.1595
0.3947, 0.1595
0.3947, 0.1595
0.3947, 0.1595
0.3947, 0.1595
0.3947, 0.1595
0.3947, 0.1595
0.3947, 0.1595
0.3947, 0.1624
0.3947, 0.1624
0.3998, 0.1652
0.3998, 0.1652
0.3998, 0.1652
0.3998, 0.1652
0.3998, 0.1652
0.3998, 0.1652
0.3998, 0.1681
0.3998, 0.1681
0.3998, 0.1681
0.4049, 0.1681
0.4049, 0.1681
0.4049, 0.1681
0.4049, 0.1681
0.4049, 0.1681
0.4101, 0.1681
0.4101, 0.1681
0.4101, 0.1681
0.4101, 0.1709
0.4101, 0.1709
0.4101, 0.1709
0.4101, 0.1709
0.4101, 0.1709
0.4101, 0.1738
0.4101, 0.1738
0.4101, 0.1738
0.4101, 0.1738
0.4101, 0.1738
0.4101, 0.1738
0.4101, 0.1738
0.4101, 0.1738
0.4101, 0.1738
0.4152, 0.1738
0.4152, 0.1738
0.4152, 0.1766
0.4152, 0.1766
0.4152, 0.1766
0.4152, 0.1795
0.4152, 0.1795
0.4152, 0.1795
0.4203, 0.1823
0.4203, 0.1823
0.4203, 0.1823
0.4203, 0.1823
0.4203, 0.1823
0.4203, 0.1823
0.4203, 0.1823
0.4203, 0.1823
0.4255, 0.1852
0.4255, 0.1852
0.4255, 0.1852
0.4255, 0.1880
0.4255, 0.1880
0.4255, 0.1880
0.4306, 0.1880
0.4306, 0.1880
0.4306, 0.1909
0.4306, 0.1909
0.4306, 0.1909
0.4358, 0.1937
0.4358, 0.1937
0.4358, 0.1937
0.4358, 0.1937
0.4358, 0.1937
0.4358, 0.1966
0.4358, 0.1966
0.4358, 0.1966
0.4358, 0.1966
0.4358, 0.1966
0.4358, 0.1966
0.4409, 0.1994
0.4409, 0.1994
0.4409, 0.2023
0.4409, 0.2023
0.4409, 0.2023
0.4460, 0.2023
0.4460, 0.2023
0.4460, 0.2023
0.4460, 0.2051
0.4460, 0.2051
0.4460, 0.2080
0.4460, 0.2080
0.4460, 0.2080
0.4460, 0.2080
0.4460, 0.2080
0.4460, 0.2080
0.4460, 0.2108
0.4460, 0.2108
0.4512, 0.2137
0.4512, 0.2137
0.4512, 0.2137
0.4512, 0.2137
0.4512, 0.2137
0.4512, 0.2137
0.4563, 0.2165
0.4563, 0.2165
0.4563, 0.2165
0.4563, 0.2165
0.4563, 0.2165
0.4563, 0.2194
0.4563, 0.2194
0.4563, 0.2194
0.4614, 0.2194
0.4614, 0.2194
0.4614, 0.2194
0.4614, 0.2222
0.4614, 0.2222
0.4614, 0.2222
0.4614, 0.2222
0.4614, 0.2222
0.4614, 0.2251
0.4614, 0.2251
0.4614, 0.2251
0.4614, 0.2251
0.4614, 0.2251
0.4614, 0.2251
0.4614, 0.2279
0.4614, 0.2279
0.4666, 0.2308
0.4666, 0.2308
0.4666, 0.2308
0.4666, 0.2308
0.4666, 0.2308
0.4666, 0.2308
0.4666, 0.2308
0.4666, 0.2308
0.4666, 0.2336
0.4666, 0.2336
0.4666, 0.2336
0.4717, 0.2365
0.4717, 0.2365
0.4717, 0.2365
0.4717, 0.2365
0.4717, 0.2365
0.4717, 0.2365
0.4717, 0.2365
0.4717, 0.2365
0.4717, 0.2393
0.4717, 0.2393
0.4717, 0.2422
0.4717, 0.2422
0.4717, 0.2422
0.4717, 0.2450
0.4717, 0.2450
0.4717, 0.2450
0.4768, 0.2450
0.4768, 0.2450
0.4768, 0.2450
0.4768, 0.2450
0.4768, 0.2450
0.4768, 0.2479
0.4768, 0.2479
0.4768, 0.2479
0.4820, 0.2507
0.4820, 0.2507
0.4820, 0.2507
0.4820, 0.2507
0.4820, 0.2507
0.4820, 0.2507
0.4820, 0.2507
0.4820, 0.2507
0.4871, 0.2536
0.4871, 0.2536
0.4871, 0.2536
0.4871, 0.2536
0.4871, 0.2536
0.4871, 0.2564
0.4871, 0.2564
0.4871, 0.2564
0.4871, 0.2564
0.4871, 0.2564
0.4871, 0.2564
0.4871, 0.2593
0.4871, 0.2593
0.4871, 0.2593
0.4871, 0.2593
0.4871, 0.2593
0.4922, 0.2621
0.4922, 0.2621
0.4922, 0.2621
0.4922, 0.2621
0.4922, 0.2621
0.4922, 0.2621
0.4922, 0.2650
0.4922, 0.2650
0.4974, 0.2650
0.4974, 0.2650
0.4974, 0.2650
0.4974, 0.2678
0.4974, 0.2678
0.4974, 0.2678
0.4974, 0.2678
0.4974, 0.2678
0.4974, 0.2707
0.4974, 0.2707
0.4974, 0.2707
0.5026, 0.2735
0.5026, 0.2735
0.5026, 0.2735
0.5026, 0.2735
0.5026, 0.2735
0.5078, 0.2735
0.5078, 0.2735
0.5078, 0.2764
0.5078, 0.2764
0.5078, 0.2764
0.5078, 0.2764
0.5078, 0.2792
0.5078, 0.2792
0.5078, 0.2792
0.5078, 0.2792
0.5078, 0.2792
0.5129, 0.2821
0.5129, 0.2821
0.5129, 0.2821
0.5129, 0.2821
0.5180, 0.2849
0.5180, 0.2849
0.5180, 0.2877
0.5180, 0.2877
0.5232, 0.2877
0.5232, 0.2877
0.5232, 0.2877
0.5232, 0.2877
0.5232, 0.2877
0.5232, 0.2906
0.5232, 0.2906
0.5232, 0.2906
0.5232, 0.2906
0.5232, 0.2934
0.5232, 0.2934
0.5283, 0.2934
0.5283, 0.2934
0.5283, 0.2934
0.5283, 0.2934
0.5334, 0.2934
0.5334, 0.2934
0.5334, 0.2934
0.5334, 0.2963
0.5334, 0.2963
0.5334, 0.2963
0.5334, 0.2963
0.5334, 0.2991
0.5334, 0.2991
0.5334, 0.2991
0.5334, 0.2991
0.5386, 0.2991
0.5386, 0.2991
0.5386, 0.2991
0.5437, 0.3020
0.5437, 0.3048
0.5437, 0.3048
0.5488, 0.3077
0.5488, 0.3077
0.5488, 0.3077
0.5488, 0.3077
0.5488, 0.3077
0.5488, 0.3077
0.5488, 0.3077
0.5488, 0.3077
0.5488, 0.3077
0.5488, 0.3077
0.5488, 0.3105
0.5488, 0.3105
0.5540, 0.3134
0.5540, 0.3134
0.5540, 0.3134
0.5540, 0.3134
0.5591, 0.3134
0.5591, 0.3134
0.5591, 0.3162
0.5591, 0.3162
0.5591, 0.3191
0.5591, 0.3191
0.5642, 0.3191
0.5642, 0.3191
0.5642, 0.3191
0.5642, 0.3219
0.5642, 0.3219
0.5642, 0.3219
0.5642, 0.3219
0.5694, 0.3219
0.5694, 0.3219
0.5694, 0.3248
0.5694, 0.3248
0.5745, 0.3248
0.5745, 0.3248
0.5745, 0.3248
0.5745, 0.3248
0.5745, 0.3276
0.5745, 0.3276
0.5745, 0.3276
0.5745, 0.3276
0.5745, 0.3276
0.5745, 0.3276
0.5745, 0.3276
0.5797, 0.3305
0.5797, 0.3305
0.5797, 0.3305
0.5797, 0.3305
0.5848, 0.3333
0.5848, 0.3333
0.5848, 0.3333
0.5848, 0.3333
0.5848, 0.3333
0.5848, 0.3362
0.5848, 0.3362
0.5848, 0.3362
0.5848, 0.3362
0.5899, 0.3362
0.5899, 0.3362
0.5899, 0.3362
0.5899, 0.3362
0.5899, 0.3390
0.5899, 0.3390
0.5951, 0.3390
0.5951, 0.3390
0.5951, 0.3390
0.5951, 0.3419
0.5951, 0.3419
0.5951, 0.3419
0.5951, 0.3419
0.6002, 0.3419
0.6002, 0.3419
0.6002, 0.3419
0.6002, 0.3419
0.6002, 0.3419
0.6002, 0.3419
0.6002, 0.3419
0.6002, 0.3447
0.6002, 0.3447
0.6002, 0.3447
0.6002, 0.3447
0.6053, 0.3476
0.6053, 0.3476
0.6053, 0.3476
0.6053, 0.3476
0.6105, 0.3504
0.6105, 0.3504
0.6105, 0.3504
0.6105, 0.3504
0.6105, 0.3504
0.6105, 0.3504
0.6105, 0.3504
0.6156, 0.3533
0.6156, 0.3533
0.6156, 0.3533
0.6156, 0.3533
0.6207, 0.3561
0.6207, 0.3561
0.6207, 0.3561
0.6259, 0.3561
0.6259, 0.3561
0.6259, 0.3561
0.6259, 0.3561
0.6259, 0.3561
0.6259, 0.3561
0.6310, 0.3590
0.6310, 0.3590
0.6310, 0.3618
0.6310, 0.3618
0.6361, 0.3618
0.6361, 0.3618
0.6361, 0.3647
0.6361, 0.3647
0.6361, 0.3647
0.6361, 0.3647
0.6361, 0.3647
0.6413, 0.3647
0.6413, 0.3647
0.6464, 0.3647
0.6464, 0.3647
0.6464, 0.3675
0.6464, 0.3675
0.6516, 0.3675
0.6516, 0.3675
0.6516, 0.3704
0.6516, 0.3704
0.6516, 0.3704
0.6516, 0.3704
0.6516, 0.3704
0.6516, 0.3704
0.6516, 0.3704
0.6567, 0.3704
0.6567, 0.3704
0.6618, 0.3732
0.6618, 0.3732
0.6618, 0.3732
0.6618, 0.3732
0.6618, 0.3761
0.6618, 0.3761
0.6670, 0.3761
0.6670, 0.3761
0.6722, 0.3789
0.6722, 0.3789
0.6722, 0.3789
0.6722, 0.3789
0.6722, 0.3789
0.6722, 0.3789
0.6722, 0.3789
0.6773, 0.3789
0.6773, 0.3789
0.6773, 0.3818
0.6773, 0.3818
0.6825, 0.3818
0.6825, 0.3818
0.6876, 0.3846
0.6876, 0.3846
0.6876, 0.3846
0.6876, 0.3846
0.6876, 0.3846
0.6876, 0.3846
0.6927, 0.3846
0.6927, 0.3846
0.6927, 0.3846
0.6927, 0.3846
0.6927, 0.3846
0.6979, 0.3875
0.6979, 0.3875
0.6979, 0.3875
0.6979, 0.3875
0.7030, 0.3903
0.7030, 0.3903
0.7081, 0.3903
0.7081, 0.3903
0.7133, 0.3903
0.7133, 0.3903
0.7133, 0.3903
0.7133, 0.3903
0.7133, 0.3903
0.7133, 0.3903
0.7133, 0.3903
0.7184, 0.3932
0.7184, 0.3932
0.7235, 0.3932
0.7235, 0.3932
0.7235, 0.3932
0.7235, 0.3932
0.7235, 0.3960
0.7235, 0.3960
0.7287, 0.3960
0.7287, 0.3960
0.7338, 0.3960
0.7338, 0.3960
0.7390, 0.3989
0.7390, 0.3989
0.7390, 0.3989
0.7390, 0.3989
0.7390, 0.3989
0.7390, 0.3989
0.7390, 0.3989
0.7390, 0.3989
0.7390, 0.3989
0.7441, 0.3989
0.7441, 0.3989
0.7492, 0.3989
0.7492, 0.3989
0.7492, 0.3989
0.7492, 0.3989
0.7492, 0.3989
0.7492, 0.3989
0.7492, 0.3989
0.7544, 0.3989
0.7544, 0.3989
0.7595, 0.4017
0.7595, 0.4017
0.7646, 0.4017
0.7646, 0.4017
0.7646, 0.4017
0.7646, 0.4017
0.7698, 0.4017
0.7698, 0.4017
0.7698, 0.4017
0.7698, 0.4017
0.7749, 0.4046
0.7749, 0.4046
0.7749, 0.4046
0.7749, 0.4046
0.7800, 0.4046
0.7800, 0.4046
0.7800, 0.4046
0.7800, 0.4046
0.7800, 0.4046
0.7852, 0.4046
0.7852, 0.4046
0.7903, 0.4046
0.7903, 0.4046
0.7903, 0.4046
0.7903, 0.4046
0.7903, 0.4046
0.7903, 0.4046
0.7954, 0.4046
0.7954, 0.4046
0.8006, 0.4046
0.8006, 0.4046
0.8006, 0.4046
0.8006, 0.4046
0.8057, 0.4046
0.8057, 0.4046
0.8109, 0.4046
0.8109, 0.4046
0.8109, 0.4046
0.8109, 0.4046
0.8109, 0.4046
0.8160, 0.4046
0.8160, 0.4046
0.8160, 0.4046
0.8160, 0.4046
0.8211, 0.4046
0.8211, 0.4046
0.8211, 0.4046
0.8211, 0.4046
0.8211, 0.4046
0.8211, 0.4046
0.8263, 0.4046
0.8263, 0.4046
0.8263, 0.4046
0.8263, 0.4046
0.8263, 0.4046
0.8263, 0.4046
0.8263, 0.4046
0.8263, 0.4046
0.8263, 0.4046
0.8263, 0.4046
0.8263, 0.4046
0.8314, 0.4046
0.8314, 0.4046
0.8314, 0.4046
0.8314, 0.4046
0.8314, 0.4046
0.8366, 0.4046
0.8366, 0.4046
0.8366, 0.4046
0.8366, 0.4046
0.8366, 0.4046
0.8366, 0.4046
0.8418, 0.4046
0.8418, 0.4046
0.8469, 0.4046
0.8469, 0.4046
0.8469, 0.4046
0.8469, 0.4046
0.8469, 0.4046
0.8520, 0.4046
0.8520, 0.4046
0.8520, 0.4046
0.8520, 0.4046
0.8520, 0.4046
0.8520, 0.4046
0.8520, 0.4046
0.8520, 0.4046
0.8520, 0.4046
0.8520, 0.4046
0.8572, 0.4046
0.8572, 0.4046
0.8572, 0.4046
0.8572, 0.4046
0.8623, 0.4046
0.8623, 0.4046
0.8623, 0.4046
0.8623, 0.4046
0.8623, 0.4046
0.8623, 0.4046
0.8623, 0.4046
0.8623, 0.4017
0.8623, 0.4017
0.8674, 0.4017
0.8674, 0.4017
0.8726, 0.4017
0.8726, 0.4017
0.8726, 0.4017
0.8726, 0.4017
0.8777, 0.4017
0.8777, 0.4017
0.8777, 0.4017
0.8777, 0.4017
0.8777, 0.4017
0.8777, 0.4017
0.8829, 0.4017
0.8829, 0.4017
0.8829, 0.4017
0.8829, 0.4017
0.8829, 0.4017
0.8829, 0.4017
0.8829, 0.4017
0.8829, 0.4017
0.8829, 0.4017
0.8880, 0.4017
0.8880, 0.4017
0.8880, 0.4017
0.8880, 0.4017
0.8880, 0.3989
0.8880, 0.3989
0.8880, 0.3989
0.8880, 0.3989
0.8880, 0.3989
0.8880, 0.3989
0.8880, 0.3989
0.8880, 0.3989
0.8880, 0.3989
0.8880, 0.3989
0.8880, 0.3989
0.8931, 0.3989
0.8931, 0.3989
0.8931, 0.3960
0.8931, 0.3960
0.8931, 0.3960
0.8931, 0.3960
0.8983, 0.3960
0.8983, 0.3960
0.8983, 0.3960
0.8983, 0.3960
0.8983, 0.3960
0.8983, 0.3960
0.8983, 0.3960
0.9034, 0.3960
0.9034, 0.3960
0.9034, 0.3932
0.9034, 0.3932
0.9034, 0.3932
0.9034, 0.3932
0.9034, 0.3932
0.9034, 0.3932
0.9034, 0.3932
0.9034, 0.3932
0.9034, 0.3932
0.9034, 0.3932
0.9034, 0.3932
0.9034, 0.3932
0.9085, 0.3932
0.9085, 0.3932
0.9085, 0.3903
0.9085, 0.3903
0.9085, 0.3903
0.9085, 0.3903
0.9137, 0.3875
0.9137, 0.3875
0.9137, 0.3875
0.9137, 0.3875
0.9137, 0.3875
0.9137, 0.3875
0.9137, 0.3875
0.9137, 0.3875
0.9137, 0.3875
0.9137, 0.3875
0.9137, 0.3875
0.9188, 0.3875
0.9188, 0.3875
0.9188, 0.3846
0.9188, 0.3846
0.9239, 0.3846
0.9239, 0.3846
0.9239, 0.3818
0.9239, 0.3818
0.9291, 0.3818
0.9291, 0.3818
0.9291, 0.3818
0.9291, 0.3818
0.9291, 0.3818
0.9291, 0.3818
0.9291, 0.3789
0.9291, 0.3789
0.9291, 0.3789
0.9291, 0.3789
0.9291, 0.3789
0.9291, 0.3789
0.9291, 0.3789
0.9342, 0.3761
0.9342, 0.3761
0.9342, 0.3761
0.9342, 0.3761
0.9393, 0.3732
0.9393, 0.3732
0.9393, 0.3732
0.9393, 0.3732
0.9393, 0.3732
0.9393, 0.3732
0.9393, 0.3732
0.9393, 0.3732
0.9393, 0.3732
0.9393, 0.3732
0.9393, 0.3704
0.9393, 0.3704
0.9445, 0.3704
0.9445, 0.3704
0.9445, 0.3675
0.9445, 0.3675
0.9445, 0.3675
0.9445, 0.3675
0.9496, 0.3675
0.9496, 0.3675
0.9496, 0.3675
0.9496, 0.3675
0.9548, 0.3647
0.9548, 0.3647
0.9548, 0.3647
0.9548, 0.3647
0.9548, 0.3647
0.9548, 0.3647
0.9548, 0.3618
0.9548, 0.3618
0.9548, 0.3590
0.9548, 0.3590
0.9548, 0.3590
0.9599, 0.3561
0.9599, 0.3561
0.9599, 0.3561
0.9599, 0.3561
0.9650, 0.3533
0.9650, 0.3533
0.9650, 0.3533
0.9650, 0.3533
0.9650, 0.3533
0.9650, 0.3533
0.9650, 0.3533
0.9650, 0.3533
0.9650, 0.3533
0.9650, 0.3533
0.9650, 0.3533
0.9650, 0.3533
0.9650, 0.3533
0.9650, 0.3504
0.9650, 0.3504
0.9650, 0.3504
0.9650, 0.3504
0.9650, 0.3476
0.9650, 0.3476
0.9702, 0.3476
0.9702, 0.3476
0.9702, 0.3476
0.9702, 0.3476
0.9702, 0.3447
0.9702, 0.3447
0.9702, 0.3447
0.9702, 0.3447
0.9702, 0.3447
0.9702, 0.3447
0.9702, 0.3447
0.9702, 0.3447
0.9702, 0.3447
0.9702, 0.3447
0.9702, 0.3447
0.9753, 0.3419
0.9753, 0.3419
0.9753, 0.3419
0.9753, 0.3419
0.9753, 0.3390
0.9753, 0.3390
0.9753, 0.3390
0.9753, 0.3390
0.9753, 0.3390
0.9753, 0.3390
0.9753, 0.3390
0.9753, 0.3390
0.9753, 0.3390
0.9804, 0.3390
0.9804, 0.3362
0.9804, 0.3362
0.9804, 0.3362
0.9804, 0.3362
0.9804, 0.3362
0.9804, 0.3333
0.9804, 0.3333
0.9804, 0.3333
0.9804, 0.3333
0.9804, 0.3305
0.9804, 0.3305
0.9804, 0.3305
0.9804, 0.3305
0.9804, 0.3305
0.9804, 0.3305
0.9804, 0.3305
0.9804, 0.3305
0.9804, 0.3276
0.9804, 0.3276
0.9804, 0.3276
0.9804, 0.3276
0.9804, 0.3248
0.9804, 0.3248
0.9804, 0.3248
0.9804, 0.3248
0.9804, 0.3248
0.9804, 0.3248
0.9804, 0.3248
0.9804, 0.3248
0.9804, 0.3219
0.9804, 0.3219
0.9804, 0.3219
0.9804, 0.3219
0.9804, 0.3191
0.9804, 0.3191
0.9804, 0.3191
0.9804, 0.3191
0.9804, 0.3191
0.9804, 0.3191
0.9804, 0.3191
0.9804, 0.3162
0.9804, 0.3162
0.9804, 0.3162
0.9804, 0.3162
0.9804, 0.3162
0.9804, 0.3162
0.9804, 0.3162
0.9804, 0.3162
0.9804, 0.3134
0.9804, 0.3134
0.9804, 0.3134
0.9804, 0.3134
0.9804, 0.3105
0.9804, 0.3105
0.9804, 0.3105
0.9804, 0.3105
0.9804, 0.3105
0.9804, 0.3105
0.9804, 0.3077
0.9804, 0.3077
0.9804, 0.3077
0.9804, 0.3077
0.9804, 0.3048
0.9804, 0.3048
0.9804, 0.3048
0.9804, 0.3048
0.9804, 0.3020
0.9804, 0.3020
0.9804, 0.3020
0.9804, 0.3020
0.9804, 0.3020
0.9804, 0.3020
0.9804, 0.3020
0.9804, 0.3020
0.9804, 0.2991
0.9804, 0.2991
0.9804, 0.2991
0.9804, 0.2991
0.9804, 0.2963
0.9804, 0.2963
0.9804, 0.2963
0.9804, 0.2963
0.9804, 0.2963
0.9804, 0.2963
0.9804, 0.2963
0.9804, 0.2963
0.9804, 0.2963
0.9804, 0.2934
0.9804, 0.2934
0.9804, 0.2934
0.9804, 0.2934
0.9804, 0.2906
0.9804, 0.2906
0.9804, 0.2906
0.9804, 0.2906
0.9804, 0.2906
0.9804, 0.2906
0.9804, 0.2906
0.9804, 0.2906
0.9804, 0.2877
0.9804, 0.2877
0.9804, 0.2877
0.9804, 0.2877
0.9804, 0.2877
0.9804, 0.2877
0.9804, 0.2877
0.9753, 0.2849
0.9753, 0.2849
0.9753, 0.2849
0.9753, 0.2849
0.9753, 0.2821
0.9753, 0.2821
0.9753, 0.2821
0.9753, 0.2821
0.9753, 0.2821
0.9753, 0.2821
0.9753, 0.2821
0.9753, 0.2821
0.9753, 0.2792
0.9753, 0.2792
0.9702, 0.2792
0.9702, 0.2792
0.9702, 0.2764
0.9702, 0.2764
0.9702, 0.2764
0.9702, 0.2764
0.9702, 0.2764
0.9702, 0.2764
0.9702, 0.2764
0.9702, 0.2764
0.9702, 0.2735
0.9702, 0.2735
0.9702, 0.2735
0.9702, 0.2735
0.9702, 0.2707
0.9702, 0.2707
0.9702, 0.2707
0.9702, 0.2707
0.9650, 0.2707
0.9650, 0.2707
0.9650, 0.2678
0.9650, 0.2678
0.9650, 0.2678
0.9650, 0.2678
0.9650, 0.2678
0.9650, 0.2678
0.9650, 0.2678
0.9599, 0.2678
0.9599, 0.2678
0.9599, 0.2650
0.9599, 0.2650
0.9599, 0.2650
0.9599, 0.2650
0.9599, 0.2650
0.9599, 0.2650
0.9599, 0.2621
0.9599, 0.2621
0.9599, 0.2621
0.9599, 0.2621
0.9548, 0.2621
0.9548, 0.2621
0.9548, 0.2621
0.9548, 0.2621
0.9548, 0.2621
0.9548, 0.2621
0.9496, 0.2621
0.9496, 0.2621
0.9496, 0.2593
0.9496, 0.2593
0.9496, 0.2593
0.9496, 0.2593
0.9445, 0.2593
0.9445, 0.2593
0.9445, 0.2564
0.9445, 0.2564
0.9445, 0.2564
0.9445, 0.2564
0.9445, 0.2536
0.9445, 0.2536
0.9393, 0.2536
0.9393, 0.2536
0.9393, 0.2536
0.9393, 0.2536
0.9393, 0.2536
0.9393, 0.2536
0.9342, 0.2536
0.9342, 0.2536
0.9342, 0.2536
0.9342, 0.2536
0.9342, 0.2536
0.9342, 0.2536
0.9342, 0.2536
0.9342, 0.2536
0.9342, 0.2507
0.9342, 0.2507
0.9342, 0.2507
0.9342, 0.2507
0.9342, 0.2507
0.9342, 0.2507
0.9291, 0.2507
0.9291, 0.2479
0.9291, 0.2479
0.9291, 0.2479
0.9291, 0.2479
0.9291, 0.2479
0.9239, 0.2479
0.9239, 0.2479
0.9239, 0.2479
0.9239, 0.2479
0.9239, 0.2479
0.9239, 0.2479
0.9188, 0.2479
0.9188, 0.2479
0.9188, 0.2479
0.9188, 0.2479
0.9188, 0.2479
0.9188, 0.2479
0.9188, 0.2479
0.9188, 0.2479
0.9188, 0.2450
0.9188, 0.2450
0.9188, 0.2450
0.9188, 0.2450
0.9137, 0.2450
0.9137, 0.2450
0.9137, 0.2450
0.9137, 0.2450
0.9137, 0.2450
0.9137, 0.2450
0.9085, 0.2422
0.9085, 0.2422
0.9085, 0.2422
0.9085, 0.2422
0.9085, 0.2422
0.9085, 0.2422
0.9034, 0.2422
0.9034, 0.2422
0.9034, 0.2393
0.9034, 0.2393
0.8983, 0.2393
0.8983, 0.2393
0.8983, 0.2393
0.8983, 0.2393
0.8983, 0.2393
0.8983, 0.2393
0.8931, 0.2393
0.8931, 0.2393
0.8931, 0.2393
0.8931, 0.2393
0.8931, 0.2393
0.8931, 0.2393
0.8931, 0.2393
0.8931, 0.2393
0.8931, 0.2393
0.8931, 0.2393
0.8931, 0.2393
0.8931, 0.2393
0.8931, 0.2393
0.8880, 0.2393
0.8880, 0.2393
0.8880, 0.2365
0.8880, 0.2365
0.8829, 0.2365
0.8829, 0.2365
0.8829, 0.2365
0.8829, 0.2365
0.8829, 0.2365
0.8829, 0.2365
0.8829, 0.2336
0.8829, 0.2336
0.8829, 0.2336
0.8829, 0.2336
0.8777, 0.2336
0.8777, 0.2336
0.8777, 0.2336
0.8777, 0.2336
0.8726, 0.2336
0.8726, 0.2336
0.8726, 0.2336
0.8726, 0.2336
0.8674, 0.2336
0.8674, 0.2336
0.8674, 0.2336
0.8674, 0.2336
0.8674, 0.2336
0.8674, 0.2336
0.8674, 0.2336
0.8674, 0.2336
0.8674, 0.2336
0.8674, 0.2336
0.8623, 0.2336
0.8623, 0.2336
0.8623, 0.2336
0.8623, 0.2336
0.8572, 0.2336
0.8572, 0.2336
0.8572, 0.2336
0.8572, 0.2336
0.8572, 0.2336
0.8572, 0.2336
0.8572, 0.2308
0.8572, 0.2308
0.8520, 0.2308
0.8520, 0.2308
0.8520, 0.2308
0.8520, 0.2308
0.8469, 0.2308
0.8469, 0.2308
0.8469, 0.2308
0.8469, 0.2308
0.8418, 0.2308
0.8418, 0.2308
0.8418, 0.2308
0.8418, 0.2308
0.8418, 0.2308
0.8418, 0.2308
0.8418, 0.2308
0.8418, 0.2308
0.8366, 0.2308
0.8314, 0.2308
0.8314, 0.2308
0.8314, 0.2308
0.8314, 0.2308
0.8263, 0.2308
0.8263, 0.2308
0.8263, 0.2308
0.8263, 0.2308
0.8211, 0.2308
0.8211, 0.2308
0.8211, 0.2308
0.8211, 0.2308
0.8160, 0.2308
0.8160, 0.2308
0.8160, 0.2308
0.8160, 0.2308
0.8109, 0.2308
0.8109, 0.2308
0.8057, 0.2308
0.8057, 0.2308
0.8057, 0.2308
0.8057, 0.2308
0.8006, 0.2308
0.8006, 0.2308
0.8006, 0.2308
0.8006, 0.2308
0.7954, 0.2308
0.7954, 0.2308
0.7954, 0.2308
0.7954, 0.2308
0.7954, 0.2308
0.7954, 0.2308
0.7903, 0.2308
0.7903, 0.2308
0.7852, 0.2308
0.7852, 0.2308
0.7800, 0.2308
0.7800, 0.2308
0.7800, 0.2308
0.7800, 0.2308
0.7800, 0.2308
0.7800, 0.2308
0.7749, 0.2308
0.7749, 0.2308
0.7698, 0.2308
0.7698, 0.2308
0.7698, 0.2308
0.7698, 0.2308
0.7698, 0.2308
0.7698, 0.2308
0.7646, 0.2308
0.7646, 0.2308
0.7595, 0.2308
0.7544, 0.2308
0.7544, 0.2308
0.7544, 0.2308
0.7544, 0.2308
0.7544, 0.2308
0.7544, 0.2308
0.7492, 0.2308
0.7492, 0.2308
0.7441, 0.2308
0.7441, 0.2308
0.7441, 0.2308
0.7441, 0.2308
0.7441, 0.2308
0.7441, 0.2308
0.7390, 0.2308
0.7390, 0.2308
0.7338, 0.2308
0.7338, 0.2308
0.7338, 0.2308
0.7338, 0.2308
0.7287, 0.2308
0.7287, 0.2308
0.7287, 0.2308
0.7287, 0.2308
0.7235, 0.2308
0.7235, 0.2308
0.7235, 0.2308
0.7235, 0.2308
0.7235, 0.2308
0.7235, 0.2308
0.7235, 0.2308
0.7235, 0.2308
0.7235, 0.2308
0.7235, 0.2308
0.7235, 0.2308
0.7235, 0.2308
0.7235, 0.2308
0.7235, 0.2308
0.7235, 0.2308
0.7235, 0.2308
0.7235, 0.2308
0.7235, 0.2308
0.7235, 0.2308
0.7235, 0.2308
0.7235, 0.2308
0.7235, 0.2308
0.7235, 0.2308
0.7235, 0.2308
0.7235, 0.2308
0.7235, 0.2308
0.7235, 0.2308
0.7235, 0.2308
0.7235, 0.2308
0.7235, 0.2308
0.7235, 0.2308
0.7235, 0.2308
0.7235, 0.2308
0.7235, 0.2308
0.7235, 0.2308
0.7235, 0.2308
0.7235, 0.2308
0.7235, 0.2308
0.7235, 0.2308
0.7235, 0.2308
0.7235, 0.2308
0.7235, 0.2308
0.7235, 0.2308
0.7235, 0.2308
0.7235, 0.2308
0.7235, 0.2308
0.7235, 0.2308
0.7235, 0.2308
0.7235, 0.2308
0.7235, 0.2308
0.7235, 0.2308
0.7235, 0.2308
0.7235, 0.2308
0.7235, 0.2279
0.7235, 0.2279
0.7235, 0.2279
0.7235, 0.2279
0.7235, 0.2279
0.7235, 0.2279
0.7235, 0.2279
0.7235, 0.2279
0.7235, 0.2279
0.7235, 0.2279
0.7235, 0.2279
0.7235, 0.2279
0.7235, 0.2251
0.7235, 0.2251
0.7235, 0.2251
0.7235, 0.2251
0.7235, 0.2251
0.7235, 0.2251
0.7235, 0.2251
0.7235, 0.2251
0.7287, 0.2251
0.7287, 0.2251
0.7287, 0.2251
0.7287, 0.2251
0.7338, 0.2251
0.7338, 0.2251
0.7338, 0.2251
0.7338, 0.2251
0.7390, 0.2251
0.7390, 0.2251
0.7390, 0.2251
0.7390, 0.2251
0.7390, 0.2251
0.7441, 0.2251
0.7441, 0.2251
0.7492, 0.2222
0.7492, 0.2222
0.7492, 0.2222
0.7492, 0.2222
0.7492, 0.2222
0.7492, 0.2222
0.7492, 0.2222
0.7492, 0.2222
0.7544, 0.2222
0.7544, 0.2222
0.7544, 0.2222
0.7544, 0.2222
0.7595, 0.2194
0.7595, 0.2194
0.7646, 0.2194
0.7646, 0.2194
0.7646, 0.2194
0.7646, 0.2194
0.7646, 0.2194
0.7646, 0.2194
0.7646, 0.2194
0.7698, 0.2194
0.7698, 0.2194
0.7698, 0.2194
0.7698, 0.2194
0.7749, 0.2194
0.7749, 0.2194
0.7749, 0.2194
0.7749, 0.2194
0.7749, 0.2194
0.7749, 0.2194
0.7749, 0.2194
0.7749, 0.2194
0.7749, 0.2194
0.7749, 0.2194
0.7800, 0.2194
0.7800, 0.2194
0.7800, 0.2194
0.7800, 0.2194
0.7852, 0.2194
0.7852, 0.2194
0.7852, 0.2194
0.7852, 0.2194
0.7852, 0.2194
0.7852, 0.2194
0.7903, 0.2194
0.7903, 0.2194
0.7903, 0.2194
0.7903, 0.2194
0.7903, 0.2194
0.7903, 0.2194
0.7903, 0.2194
0.7903, 0.2194
0.7903, 0.2194
0.7903, 0.2194
0.7954, 0.2194
0.7954, 0.2194
0.7954, 0.2194
0.8006, 0.2194
0.8006, 0.2194
0.8006, 0.2194
0.8006, 0.2194
0.8006, 0.2194
0.8006, 0.2194
0.8006, 0.2194
0.8006, 0.2194
0.8006, 0.2165
0.8006, 0.2165
0.8006, 0.2165
0.8006, 0.2165
0.8057, 0.2165
0.8057, 0.2165
0.8057, 0.2165
0.8057, 0.2165
0.8109, 0.2165
0.8109, 0.2165
0.8109, 0.2165
0.8109, 0.2165
0.8160, 0.2165
0.8160, 0.2165
0.8160, 0.2165
0.8160, 0.2165
0.8160, 0.2165
0.8160, 0.2165
0.8160, 0.2165
0.8160, 0.2165
0.8160, 0.2165
0.8160, 0.2165
0.8211, 0.2165
0.8211, 0.2165
0.8211, 0.2165
0.8211, 0.2165
0.8211, 0.2165
0.8211, 0.2165
0.8211, 0.2165
0.8211, 0.2165
0.8211, 0.2165
0.8263, 0.2165
0.8263, 0.2165
0.8263, 0.2165
0.8263, 0.2165
0.8263, 0.2165
0.8263, 0.2165
0.8263, 0.2165
0.8263, 0.2165
0.8263, 0.2165
0.8263, 0.2165
0.8314, 0.2137
0.8314, 0.2137
0.8314, 0.2137
0.8314, 0.2137
0.8314, 0.2137
0.8314, 0.2137
0.8366, 0.2137
0.8366, 0.2137
0.8366, 0.2137
0.8366, 0.2137
0.8366, 0.2137
0.8366, 0.2137
0.8418, 0.2137
0.8418, 0.2137
0.8418, 0.2137
0.8418, 0.2137
0.8418, 0.2137
0.8418, 0.2137
0.8469, 0.2137
0.8469, 0.2137
0.8469, 0.2108
0.8469, 0.2108
0.8469, 0.2108
0.8469, 0.2108
0.8520, 0.2108
0.8520, 0.2108
0.8520, 0.2108
0.8520, 0.2108
0.8520, 0.2108
0.8520, 0.2108
0.8520, 0.2108
0.8572, 0.2108
0.8572, 0.2108
0.8623, 0.2108
0.8623, 0.2108
0.8623, 0.2108
0.8623, 0.2108
0.8623, 0.2108
0.8623, 0.2108
0.8623, 0.2108
0.8623, 0.2108
0.8674, 0.2080
0.8674, 0.2080
0.8674, 0.2080
0.8674, 0.2080
0.8674, 0.2080
0.8674, 0.2080
0.8726, 0.2080
0.8726, 0.2080
0.8726, 0.2080
0.8726, 0.2080
0.8777, 0.2080
0.8777, 0.2080
0.8777, 0.2051
0.8777, 0.2051
0.8777, 0.2051
0.8777, 0.2051
0.8777, 0.2051
0.8777, 0.2051
0.8777, 0.2051
0.8829, 0.2051
0.8829, 0.2051
0.8829, 0.2051
0.8829, 0.2051
0.8829, 0.2051
0.8829, 0.2051
0.8880, 0.2051
0.8880, 0.2051
0.8880, 0.2051
0.8880, 0.2051
0.8880, 0.2023
0.8880, 0.2023
0.8931, 0.2023
0.8931, 0.2023
0.8931, 0.2023
0.8931, 0.2023
0.8983, 0.2023
0.9034, 0.1994
0.9034, 0.1994
0.9034, 0.1994
0.9034, 0.1994
0.9034, 0.1994
0.9034, 0.1994
0.9034, 0.1994
0.9034, 0.1994
0.9085, 0.1994
0.9085, 0.1994
0.9085, 0.1994
0.9085, 0.1994
0.9085, 0.1994
0.9085, 0.1994
0.9137, 0.1994
0.9137, 0.1994
0.9137, 0.1994
0.9137, 0.1994
0.9137, 0.1994
0.9137, 0.1994
0.9137, 0.1994
0.9137, 0.1966
0.9137, 0.1966
0.9137, 0.1966
0.9137, 0.1966
0.9188, 0.1966
0.9188, 0.1966
0.9239, 0.1937
0.9239, 0.1937
0.9291, 0.1937
0.9291, 0.1937
0.9291, 0.1937
0.9291, 0.1909
0.9291, 0.1909
0.9342, 0.1909
0.9342, 0.1909
0.9393, 0.1909
0.9393, 0.1909
0.9393, 0.1909
0.9393, 0.1909
0.9393, 0.1909
0.9393, 0.1909
0.9393, 0.1880
0.9393, 0.1880
0.9393, 0.1880
0.9393, 0.1852
0.9393, 0.1852
0.9445, 0.1852
0.9445, 0.1852
0.9445, 0.1852
0.9445, 0.1852
0.9496, 0.1852
0.9496, 0.1852
0.9496, 0.1823
0.9548, 0.1823
0.9548, 0.1823
0.9548, 0.1795
0.9548, 0.1795
0.9548, 0.1795
0.9548, 0.1795
0.9548, 0.1766
0.9548, 0.1766
0.9548, 0.1766
0.9548, 0.1766
0.9599, 0.1766
0.9599, 0.1766
0.9599, 0.1766
0.9599, 0.1766
0.9599, 0.1738
0.9599, 0.1738
0.9599, 0.1738
0.9599, 0.1709
0.9599, 0.1709
0.9650, 0.1709
0.9650, 0.1709
0.9650, 0.1709
0.9650, 0.1709
0.9650, 0.1681
0.9650, 0.1681
0.9650, 0.1652
0.9650, 0.1624
0.9650, 0.1624
0.9650, 0.1624
0.9650, 0.1624
0.9702, 0.1624
0.9702, 0.1624
0.9702, 0.1595
0.9702, 0.1595
0.9702, 0.1595
0.9702, 0.1595
0.9702, 0.1567
0.9702, 0.1567
0.9753, 0.1567
0.9753, 0.1567
0.9753, 0.1567
0.9753, 0.1538
0.9753, 0.1538
0.9804, 0.1510
0.9804, 0.1510
0.9804, 0.1510
0.9804, 0.1510
0.9804, 0.1481
0.9804, 0.1481
0.9804, 0.1481
0.9804, 0.1481
0.9804, 0.1481
0.9804, 0.1481
0.9804, 0.1481
0.9804, 0.1453
0.9804, 0.1453
0.9804, 0.1425
0.9804, 0.1425
0.9804, 0.1425
0.9804, 0.1425
0.9804, 0.1425
0.9804, 0.1425
0.9804, 0.1425
0.9804, 0.1425
0.9804, 0.1425
0.9804, 0.1425
0.9804, 0.1396
0.9804, 0.1396
0.9856, 0.1368
0.9856, 0.1339
0.9856, 0.1339
0.9856, 0.1339
0.9856, 0.1339
0.9856, 0.1311
0.9856, 0.1311
0.9856, 0.1282
0.9856, 0.1282
0.9856, 0.1282
0.9856, 0.1282
0.9856, 0.1282
0.9907, 0.1254
0.9907, 0.1254
0.9907, 0.1225
0.9907, 0.1225
0.9907, 0.1225
0.9907, 0.1225
0.9907, 0.1197
0.9907, 0.1197
0.9907, 0.1197
0.9907, 0.1197
0.9907, 0.1168
0.9907, 0.1140
0.9907, 0.1140
0.9907, 0.1140
0.9907, 0.1140
0.9907, 0.1140
0.9907, 0.1140
0.9907, 0.1111
0.9907, 0.1111
0.9907, 0.1111
0.9907, 0.1111
0.9907, 0.1083
0.9907, 0.1083
0.9907, 0.1083
0.9907, 0.1083
0.9907, 0.1054
0.9907, 0.1026
0.9907, 0.1026
0.9907, 0.1026
0.9907, 0.1026
0.9907, 0.0997
0.9907, 0.0997
0.9907, 0.0997
0.9907, 0.0997
0.9907, 0.0969
0.9907, 0.0969
0.9907, 0.0969
0.9907, 0.0969
0.9907, 0.0940
0.9907, 0.0940
0.9907, 0.0940
0.9907, 0.0940
0.9907, 0.0940
0.9907, 0.0940
0.9907, 0.0940
0.9907, 0.0912
0.9907, 0.0912
0.9907, 0.0912
0.9907, 0.0912
0.9907, 0.0883
0.9907, 0.0883
0.9907, 0.0855
0.9907, 0.0855
0.9907, 0.0855
0.9907, 0.0855
0.9907, 0.0855
0.9907, 0.0826
0.9907, 0.0826
0.9907, 0.0798
0.9907, 0.0798
0.9907, 0.0798
0.9907, 0.0798
0.9907, 0.0798
0.9907, 0.0798
0.9907, 0.0798
0.9907, 0.0798
0.9907, 0.0769
0.9907, 0.0769
0.9907, 0.0769
0.9907, 0.0741
0.9907, 0.0741
0.9907, 0.0712
0.9907, 0.0712
0.9907, 0.0712
0.9907, 0.0712
0.9907, 0.0712
0.9907, 0.0712
0.9907, 0.0684
0.9907, 0.0684
0.9907, 0.0684
0.9907, 0.0655
0.9907, 0.0655
0.9907, 0.0655
0.9907, 0.0655
0.9907, 0.0655
0.9907, 0.0655
0.9907, 0.0655
0.9907, 0.0655
0.9907, 0.0627
0.9907, 0.0627
0.9856, 0.0627
0.9856, 0.0598
0.9856, 0.0598
0.9856, 0.0598
0.9856, 0.0598
0.9856, 0.0570
0.9856, 0.0570
0.9856, 0.0570
0.9856, 0.0570
0.9856, 0.0570
0.9856, 0.0570
0.9804, 0.0541
0.9804, 0.0513
0.9804, 0.0513
0.9753, 0.0513
0.9753, 0.0513
0.9702, 0.0513
0.9702, 0.0484
0.9702, 0.0484
0.9702, 0.0456
0.9702, 0.0456
0.9650, 0.0427
0.9650, 0.0427
0.9599, 0.0427
0.9599, 0.0427
0.9599, 0.0427
0.9548, 0.0399
0.9548, 0.0399
0.9548, 0.0399
0.9548, 0.0399
0.9496, 0.0399
0.9445, 0.0370
0.9445, 0.0370
0.9445, 0.0370
0.9445, 0.0370
0.9445, 0.0370
0.9445, 0.0370
0.9445, 0.0370
0.9445, 0.0370
0.9393, 0.0370
0.9393, 0.0370
0.9393, 0.0370
0.9393, 0.0370
0.9342, 0.0342
0.9342, 0.0342
0.9342, 0.0342
0.9342, 0.0342
0.9342, 0.0342
0.9291, 0.0313
0.9291, 0.0313
0.9291, 0.0313
0.9291, 0.0313
0.9239, 0.0313
0.9239, 0.0313
0.9188, 0.0285
0.9188, 0.0285
0.9188, 0.0285
0.9188, 0.0285
0.9188, 0.0285
0.9137, 0.0285
0.9137, 0.0285
0.9085, 0.0285
0.9085, 0.0285
0.9085, 0.0285
0.9085, 0.0285
0.9085, 0.0285
0.9085, 0.0285
0.8983, 0.0256
0.8931, 0.0256
0.8931, 0.0256
0.8931, 0.0256
0.8931, 0.0256
0.8880, 0.0228
0.8880, 0.0228
0.8829, 0.0228
0.8829, 0.0228
0.8777, 0.0228
0.8777, 0.0228
0.8777, 0.0228
0.8726, 0.0228
0.8726, 0.0228
0.8674, 0.0199
0.8674, 0.0199
0.8674, 0.0199
0.8674, 0.0199
0.8623, 0.0199
0.8572, 0.0199
0.8572, 0.0199
0.8520, 0.0171
0.8520, 0.0171
0.8520, 0.0171
0.8520, 0.0171
0.8520, 0.0171
0.8520, 0.0171
0.8469, 0.0171
0.8418, 0.0171
0.8418, 0.0171
0.8418, 0.0142
0.8418, 0.0142
0.8418, 0.0142
0.8418, 0.0142
0.8366, 0.0142
0.8366, 0.0142
0.8314, 0.0142
0.8314, 0.0142
0.8314, 0.0142
0.8263, 0.0142
0.8263, 0.0142
0.8263, 0.0142
0.8263, 0.0142
0.8211, 0.0114
0.8211, 0.0114
0.8160, 0.0114
0.8160, 0.0114
0.8160, 0.0114
0.8109, 0.0114
0.8109, 0.0114
0.8057, 0.0085
0.8057, 0.0085
0.8057, 0.0085
0.8057, 0.0085
0.8057, 0.0085
0.8006, 0.0085
0.8006, 0.0085
0.7954, 0.0085
0.7954, 0.0085
0.7903, 0.0085
0.7903, 0.0085
0.7903, 0.0085
0.7903, 0.0085
0.7903, 0.0085
0.7852, 0.0085
0.7852, 0.0085
0.7800, 0.0085
0.7800, 0.0085
0.7800, 0.0085
0.7800, 0.0085
0.7800, 0.0057
0.7749, 0.0057
0.7749, 0.0057
0.7698, 0.0057
0.7698, 0.0057
0.7646, 0.0057
0.7646, 0.0057
0.7646, 0.0057
0.7595, 0.0057
0.7595, 0.0057
0.7544, 0.0057
0.7544, 0.0057
0.7544, 0.0057
0.7544, 0.0057
0.7544, 0.0057
0.7544, 0.0057
0.7492, 0.0057
0.7441, 0.0057
0.7441, 0.0057
0.7390, 0.0028
0.7390, 0.0028
0.7390, 0.0028
0.7390, 0.0028
0.7338, 0.0028
0.7338, 0.0028
0.7287, 0.0028
0.7287, 0.0028
0.7287, 0.0028
0.7235, 0.0028
0.7235, 0.0028
0.7184, 0.0000
0.7184, 0.0000
0.7133, 0.0000
0.7081, 0.0000
0.7081, 0.0000
0.7030, 0.0000
0.7030, 0.0000
0.7030, 0.0000
0.7030, 0.0000
0.7030, 0.0000
0.7030, 0.0000
0.6979, 0.0000
0.6927, 0.0000
0.6927, 0.0000
0.6876, 0.0000
0.6876, 0.0000
0.6876, 0.0000
0.6876, 0.0000
0.6876, 0.0000
0.6876, 0.0000
0.6825, 0.0000
0.6773, 0.0000
0.6773, 0.0000
0.6773, 0.0000
0.6773, 0.0000
0.6722, 0.0000
0.6722, 0.0000
0.6670, 0.0000
0.6618, 0.0000
0.6618, 0.0000
0.6618, 0.0000
0.6618, 0.0000
0.6567, 0.0000
0.6567, 0.0000
0.6567, 0.0000
0.6567, 0.0000
0.6516, 0.0000
0.6516, 0.0000
0.6516, 0.0000
0.6516, 0.0000
0.6516, 0.0000
0.6516, 0.0000
0.6516, 0.0000
0.6516, 0.0000
0.6516, 0.0000
0.6464, 0.0000
0.6464, 0.0000
0.6464, 0.0000
0.6464, 0.0000
0.6413, 0.0000
0.6413, 0.0000
0.6413, 0.0000
0.6361, 0.0000
0.6361, 0.0000
0.6361, 0.0000
0.6361, 0.0000
0.6361, 0.0000
0.6361, 0.0000
0.6361, 0.0000
0.6361, 0.0000
0.6361, 0.0000
0.6361, 0.0000
0.6361, 0.0000
0.6310, 0.0000
0.6310, 0.0000
0.6310, 0.0000
0.6310, 0.0000
0.6259, 0.0000
0.6259, 0.0000
0.6259, 0.0000
0.6259, 0.0000
0.6259, 0.0028
0.6259, 0.0028
0.6259, 0.0028
0.6259, 0.0028
0.6259, 0.0028
0.6259, 0.0028
0.6259, 0.0028
0.6259, 0.0028
0.6259, 0.0028
0.6259, 0.0028
0.6259, 0.0028
0.6259, 0.0028
0.6259, 0.0028
0.6259, 0.0028
0.6259, 0.0028
0.6259, 0.0028
0.6259, 0.0028
0.6259, 0.0028
0.6259, 0.0028
0.6259, 0.0028
0.6259, 0.0028
0.6259, 0.0028
0.6259, 0.0028
0.6259, 0.0028
0.6259, 0.0028
0.6259, 0.0028
0.6259, 0.0028
0.6259, 0.0028
0.6259, 0.0028
0.6259, 0.0028
0.6259, 0.0028
0.6259, 0.0028
0.6259, 0.0028
0.6259, 0.0028
