0.0000, 0.9812
0.0150, 0.9812
0.0301, 0.9812
0.0677, 0.9812
0.0902, 0.9812
0.1278, 0.9812
0.1504, 0.9812
0.1880, 0.9812
0.2105, 0.9887
0.2481, 0.9887
0.2707, 0.9887
0.3083, 0.9887
0.3308, 0.9887
0.3534, 0.9887
0.3759, 0.9887
0.3985, 0.9887
0.4286, 0.9887
0.4436, 0.9887
0.4511, 0.9887
0.4586, 0.9887
0.4586, 0.9812
0.4586, 0.9737
0.4586, 0.9511
0.4586, 0.9436
0.4586, 0.9286
0.4586, 0.9211
0.4586, 0.9060
0.4586, 0.8835
0.4586, 0.8684
0.4586, 0.8534
0.4586, 0.8233
0.4586, 0.8083
0.4586, 0.7857
0.4586, 0.7481
0.4586, 0.7180
0.4586, 0.6804
0.4586, 0.6429
0.4586, 0.6128
0.4586, 0.5752
0.4586, 0.5451
0.4662, 0.5075
0.4662, 0.4774
0.4662, 0.4398
0.4662, 0.4023
0.4662, 0.3722
0.4662, 0.3496
0.4737, 0.3120
0.4737, 0.2895
0.4737, 0.2594
0.4737, 0.2368
0.4887, 0.2068
0.4887, 0.1842
0.4887, 0.1541
0.4962, 0.1391
0.4962, 0.1165
0.4962, 0.1015
0.5038, 0.0789
0.5038, 0.0639
0.5113, 0.0489
0.5113, 0.0413
0.5113, 0.0263
0.5113, 0.0188
0.5113, 0.0113
0.5113, 0.0413
0.5113, 0.0639
0.5113, 0.0940
0.5038, 0.1241
0.4962, 0.1692
0.4962, 0.2068
0.4962, 0.2594
0.4962, 0.3120
0.4962, 0.3722
0.4962, 0.4248
0.5038, 0.4850
0.5113, 0.5526
0.5188, 0.5978
0.5263, 0.6429
0.5338, 0.6955
0.5489, 0.7406
0.5564, 0.7707
0.5639, 0.8083
0.5714, 0.8308
0.5865, 0.8609
0.5940, 0.8835
0.6165, 0.8985
0.6316, 0.9135
0.6466, 0.9436
0.6767, 0.9587
0.6917, 0.9662
0.7143, 0.9737
0.7368, 0.9887
0.7519, 0.9887
0.7594, 0.9887
0.7744, 0.9887
0.7970, 0.9887
0.8120, 0.9887
0.8271, 0.9887
0.8421, 0.9887
0.8647, 0.9887
0.8872, 0.9812
0.9098, 0.9737
0.9323, 0.9662
0.9474, 0.9662
0.9624, 0.9587
0.9699, 0.9511
0.9699, 0.9436
0.9850, 0.9361
0.9925, 0.9361
0.9925, 0.9135
0.9925, 0.8985
0.9925, 0.8910
0.9925, 0.8760
0.9925, 0.8534
0.9775, 0.8384
0.9624, 0.8233
0.9399, 0.7932
0.9173, 0.7782
0.8947, 0.7632
0.8571, 0.7481
0.8346, 0.7256
0.8120, 0.7105
0.7819, 0.7030
0.7669, 0.6880
0.7594, 0.6880
0.7519, 0.6730
0.7444, 0.6654
0.7293, 0.6654
0.7519, 0.6654
0.7744, 0.6654
0.8045, 0.6654
0.8195, 0.6654
0.8421, 0.6654
0.8647, 0.6579
0.8797, 0.6579
0.8947, 0.6504
0.9098, 0.6504
0.9248, 0.6429
0.9399, 0.6354
0.9474, 0.6203
0.9624, 0.6053
0.9699, 0.5902
0.9850, 0.5827
0.9925, 0.5677
0.9925, 0.5451
1.0000, 0.5301
1.0000, 0.5150
1.0000, 0.5000
1.0000, 0.4774
1.0000, 0.4624
1.0000, 0.4474
0.9925, 0.4248
0.9775, 0.4098
0.9699, 0.4023
0.9549, 0.3947
0.9549, 0.3872
0.9474, 0.3797
0.9399, 0.3797
0.9323, 0.3722
0.9173, 0.3722
0.9098, 0.3571
0.9023, 0.3571
0.8947, 0.3496
0.8872, 0.3496
0.8797, 0.3496
0.8797, 0.3421
0.8722, 0.3421
0.8571, 0.3346
0.8496, 0.3346
0.8421, 0.3271
