0.0804, 0.4000
0.0804, 0.4000
0.0804, 0.4000
0.0804, 0.4000
0.0804, 0.4000
0.0804, 0.4000
0.0804, 0.4000
0.0804, 0.4000
0.0804, 0.4000
0.0804, 0.4000
0.0804, 0.4000
0.0804, 0.4000
0.0804, 0.4000
0.0804, 0.4000
0.0804, 0.4000
0.0804, 0.4000
0.0804, 0.4000
0.0804, 0.4000
0.0804, 0.4000
0.0804, 0.4000
0.0804, 0.4000
0.0804, 0.4000
0.0804, 0.4000
0.0804, 0.4000
0.0804, 0.4000
0.0804, 0.4000
0.0804, 0.4000
0.0804, 0.4000
0.0804, 0.4000
0.0804, 0.4000
0.0804, 0.4000
0.0804, 0.4000
0.0804, 0.4000
0.0804, 0.4000
0.0804, 0.4000
0.0804, 0.4000
0.0804, 0.4000
0.0804, 0.4000
0.0804, 0.4000
0.0804, 0.4000
0.0804, 0.4000
0.0804, 0.4000
0.0804, 0.4000
0.0804, 0.4000
0.0804, 0.4000
0.0804, 0.4000
0.0804, 0.4000
0.0804, 0.4000
0.0804, 0.4000
0.0804, 0.4000
0.0804, 0.4000
0.0804, 0.4000
0.0804, 0.4000
0.0804, 0.4000
0.0804, 0.4000
0.0804, 0.4000
0.0804, 0.4000
0.0804, 0.4000
0.0804, 0.4000
0.0804, 0.4000
0.0804, 0.4000
0.0804, 0.4000
0.0804, 0.4000
0.0804, 0.4000
0.0804, 0.4000
0.0804, 0.4000
0.0804, 0.4000
0.0804, 0.4000
0.0804, 0.4000
0.0804, 0.4000
0.0804, 0.4000
0.0804, 0.4000
0.0804, 0.4000
0.0804, 0.4000
0.0804, 0.4000
0.0804, 0.4000
0.0804, 0.4000
0.0804, 0.4000
0.0804, 0.4000
0.0804, 0.4000
0.0804, 0.4000
0.0804, 0.4000
0.0804, 0.4000
0.0804, 0.4000
0.0804, 0.4000
0.0804, 0.4000
0.0804, 0.4000
0.0804, 0.4000
0.0804, 0.4000
0.0804, 0.4000
0.0804, 0.4000
0.0804, 0.4000
0.0804, 0.4000
0.0804, 0.4000
0.0851, 0.4000
0.0851, 0.4000
0.0851, 0.4000
0.0851, 0.4000
0.0898, 0.4000
0.0898, 0.4000
0.0898, 0.4000
0.0898, 0.4000
0.0946, 0.4000
0.0946, 0.4000
0.0946, 0.4000
0.0994, 0.4000
0.0994, 0.4000
0.0994, 0.4000
0.0994, 0.4000
0.1041, 0.4000
0.1041, 0.4000
0.1041, 0.4000
0.1041, 0.4000
0.1088, 0.4000
0.1088, 0.4000
0.1088, 0.4000
0.1088, 0.4000
0.1088, 0.4000
0.1136, 0.4000
0.1136, 0.4000
0.1136, 0.4000
0.1136, 0.4000
0.1183, 0.4000
0.1183, 0.4000
0.1183, 0.4000
0.1183, 0.4000
0.1183, 0.4000
0.1183, 0.4000
0.1183, 0.4000
0.1183, 0.4000
0.1230, 0.4000
0.1230, 0.4000
0.1230, 0.4000
0.1230, 0.4000
0.1278, 0.4000
0.1278, 0.4000
0.1278, 0.4000
0.1278, 0.4000
0.1278, 0.4000
0.1278, 0.4000
0.1278, 0.4000
0.1278, 0.4000
0.1278, 0.4000
0.1325, 0.4000
0.1325, 0.4000
0.1325, 0.4000
0.1325, 0.4000
0.1372, 0.4000
0.1372, 0.4000
0.1372, 0.4000
0.1372, 0.4000
0.1372, 0.4000
0.1372, 0.4000
0.1372, 0.4000
0.1372, 0.4000
0.1421, 0.4000
0.1421, 0.4000
0.1421, 0.4000
0.1421, 0.4000
0.1421, 0.4000
0.1421, 0.4000
0.1421, 0.4000
0.1421, 0.4000
0.1421, 0.4000
0.1468, 0.4000
0.1468, 0.4000
0.1468, 0.4000
0.1468, 0.4000
0.1468, 0.4000
0.1468, 0.4000
0.1468, 0.4000
0.1515, 0.4000
0.1515, 0.4000
0.1515, 0.4000
0.1515, 0.4000
0.1515, 0.4000
0.1515, 0.4000
0.1515, 0.4000
0.1515, 0.4000
0.1563, 0.4000
0.1563, 0.4000
0.1563, 0.4000
0.1563, 0.4000
0.1610, 0.4000
0.1610, 0.4000
0.1610, 0.4000
0.1610, 0.4000
0.1610, 0.4000
0.1610, 0.4000
0.1610, 0.4000
0.1610, 0.4000
0.1610, 0.4000
0.1657, 0.4000
0.1657, 0.4000
0.1657, 0.4000
0.1657, 0.4000
0.1657, 0.4000
0.1657, 0.4000
0.1657, 0.4000
0.1657, 0.4000
0.1657, 0.4000
0.1657, 0.4000
0.1657, 0.4000
0.1657, 0.4000
0.1657, 0.4000
0.1657, 0.4000
0.1657, 0.4000
0.1657, 0.4000
0.1657, 0.4000
0.1657, 0.4000
0.1705, 0.4000
0.1705, 0.4000
0.1705, 0.4000
0.1705, 0.4000
0.1705, 0.4000
0.1705, 0.4000
0.1705, 0.4000
0.1705, 0.4000
0.1752, 0.4000
0.1752, 0.4000
0.1752, 0.4000
0.1752, 0.4000
0.1752, 0.4000
0.1752, 0.4000
0.1752, 0.4000
0.1752, 0.4000
0.1752, 0.4000
0.1752, 0.4000
0.1752, 0.4000
0.1752, 0.4000
0.1752, 0.4000
0.1752, 0.4000
0.1752, 0.4000
0.1752, 0.4000
0.1752, 0.4000
0.1799, 0.4000
0.1799, 0.4000
0.1799, 0.4000
0.1799, 0.4000
0.1799, 0.4000
0.1799, 0.4000
0.1799, 0.4000
0.1799, 0.4000
0.1846, 0.4000
0.1846, 0.4000
0.1846, 0.4000
0.1846, 0.4000
0.1846, 0.4000
0.1846, 0.4000
0.1846, 0.4000
0.1846, 0.4000
0.1846, 0.4000
0.1895, 0.4000
0.1895, 0.4000
0.1895, 0.4000
0.1895, 0.4000
0.1895, 0.4000
0.1895, 0.4000
0.1895, 0.4000
0.1895, 0.4000
0.1895, 0.4000
0.1895, 0.4000
0.1895, 0.4000
0.1895, 0.4000
0.1895, 0.4000
0.1895, 0.4000
0.1895, 0.4000
0.1895, 0.4000
0.1895, 0.4000
0.1942, 0.4000
0.1942, 0.4000
0.1942, 0.4000
0.1942, 0.4000
0.1989, 0.4000
0.1989, 0.4000
0.1989, 0.4000
0.1989, 0.4000
0.1989, 0.4000
0.1989, 0.4000
0.1989, 0.4000
0.1989, 0.4000
0.1989, 0.4000
0.1989, 0.4000
0.1989, 0.4000
0.1989, 0.4000
0.2037, 0.4000
0.2037, 0.4000
0.2037, 0.4000
0.2037, 0.4000
0.2084, 0.4000
0.2084, 0.4000
0.2084, 0.4000
0.2084, 0.4000
0.2084, 0.4000
0.2084, 0.4000
0.2084, 0.4000
0.2084, 0.4000
0.2084, 0.4000
0.2084, 0.4000
0.2084, 0.4000
0.2084, 0.4000
0.2084, 0.4000
0.2131, 0.4000
0.2131, 0.4000
0.2131, 0.4000
0.2131, 0.4000
0.2131, 0.4000
0.2131, 0.4000
0.2131, 0.4000
0.2131, 0.4000
0.2131, 0.4000
0.2131, 0.4000
0.2131, 0.4000
0.2131, 0.4000
0.2131, 0.4000
0.2131, 0.4000
0.2131, 0.4000
0.2131, 0.4000
0.2131, 0.4000
0.2179, 0.4000
0.2179, 0.4000
0.2179, 0.4000
0.2179, 0.4000
0.2226, 0.4000
0.2226, 0.4000
0.2226, 0.4000
0.2226, 0.4000
0.2226, 0.4000
0.2226, 0.4000
0.2226, 0.4000
0.2226, 0.4000
0.2226, 0.4000
0.2226, 0.4000
0.2226, 0.4000
0.2226, 0.4000
0.2273, 0.4000
0.2273, 0.4000
0.2273, 0.4000
0.2273, 0.4000
0.2273, 0.4000
0.2273, 0.4000
0.2273, 0.4000
0.2273, 0.4000
0.2273, 0.4000
0.2273, 0.4000
0.2273, 0.4000
0.2273, 0.4000
0.2273, 0.4000
0.2322, 0.4000
0.2322, 0.4000
0.2322, 0.4000
0.2322, 0.4000
0.2322, 0.4000
0.2322, 0.4000
0.2322, 0.4000
0.2322, 0.4000
0.2322, 0.4000
0.2322, 0.4000
0.2322, 0.4000
0.2322, 0.4000
0.2322, 0.4000
0.2322, 0.4000
0.2322, 0.4000
0.2322, 0.4000
0.2322, 0.4000
0.2322, 0.4000
0.2322, 0.4000
0.2322, 0.4000
0.2322, 0.4000
0.2322, 0.4000
0.2322, 0.4000
0.2322, 0.4000
0.2322, 0.4000
0.2322, 0.4000
0.2369, 0.4000
0.2369, 0.4000
0.2369, 0.4000
0.2369, 0.4000
0.2369, 0.4000
0.2369, 0.4000
0.2369, 0.4000
0.2369, 0.4000
0.2369, 0.4000
0.2369, 0.4000
0.2369, 0.4000
0.2369, 0.4000
0.2369, 0.4000
0.2369, 0.4000
0.2369, 0.4000
0.2369, 0.4000
0.2369, 0.4000
0.2369, 0.4000
0.2369, 0.4000
0.2369, 0.4000
0.2416, 0.4000
0.2416, 0.4000
0.2416, 0.4000
0.2416, 0.4000
0.2416, 0.4000
0.2416, 0.4000
0.2416, 0.4000
0.2416, 0.4000
0.2416, 0.4000
0.2416, 0.4000
0.2416, 0.4000
0.2416, 0.4000
0.2416, 0.4000
0.2416, 0.4000
0.2416, 0.4000
0.2416, 0.4000
0.2416, 0.4000
0.2416, 0.4000
0.2416, 0.4000
0.2416, 0.4000
0.2416, 0.4000
0.2416, 0.4000
0.2416, 0.4000
0.2416, 0.4000
0.2416, 0.4000
0.2416, 0.4000
0.2416, 0.4000
0.2416, 0.4000
0.2416, 0.4000
0.2416, 0.4000
0.2416, 0.4000
0.2416, 0.4000
0.2416, 0.4000
0.2416, 0.4000
0.2416, 0.4000
0.2416, 0.4000
0.2416, 0.4000
0.2416, 0.4000
0.2463, 0.4000
0.2463, 0.4000
0.2463, 0.4000
0.2463, 0.4000
0.2463, 0.4000
0.2463, 0.4000
0.2463, 0.4000
0.2463, 0.4000
0.2463, 0.4000
0.2463, 0.4000
0.2463, 0.4000
0.2463, 0.4000
0.2463, 0.4000
0.2463, 0.4000
0.2463, 0.4000
0.2463, 0.4000
0.2463, 0.4000
0.2463, 0.4000
0.2463, 0.4000
0.2463, 0.4000
0.2463, 0.4000
0.2463, 0.4000
0.2463, 0.4000
0.2463, 0.4000
0.2463, 0.4000
0.2463, 0.4000
0.2463, 0.4000
0.2463, 0.4000
0.2463, 0.4000
0.2463, 0.4000
0.2463, 0.4000
0.2463, 0.4000
0.2463, 0.4000
0.2463, 0.4000
0.2463, 0.4000
0.2463, 0.4000
0.2463, 0.4000
0.2463, 0.4000
0.2463, 0.4000
0.2463, 0.4000
0.2463, 0.4000
0.2463, 0.4000
0.2463, 0.4000
0.2463, 0.4000
0.2463, 0.4000
0.2463, 0.3972
0.2463, 0.3972
0.2463, 0.3972
0.2463, 0.3972
0.2511, 0.3972
0.2511, 0.3972
0.2511, 0.3972
0.2511, 0.3972
0.2511, 0.3972
0.2511, 0.3972
0.2511, 0.3972
0.2511, 0.3972
0.2511, 0.3944
0.2511, 0.3944
0.2511, 0.3944
0.2511, 0.3944
0.2511, 0.3944
0.2511, 0.3944
0.2511, 0.3944
0.2511, 0.3944
0.2511, 0.3944
0.2511, 0.3944
0.2511, 0.3944
0.2511, 0.3944
0.2558, 0.3915
0.2558, 0.3915
0.2558, 0.3915
0.2558, 0.3915
0.2558, 0.3915
0.2558, 0.3915
0.2558, 0.3915
0.2558, 0.3915
0.2558, 0.3915
0.2558, 0.3915
0.2558, 0.3915
0.2558, 0.3915
0.2558, 0.3915
0.2558, 0.3915
0.2558, 0.3915
0.2558, 0.3915
0.2558, 0.3915
0.2558, 0.3915
0.2558, 0.3915
0.2558, 0.3915
0.2558, 0.3915
0.2605, 0.3887
0.2605, 0.3887
0.2605, 0.3887
0.2605, 0.3887
0.2605, 0.3887
0.2605, 0.3887
0.2605, 0.3887
0.2605, 0.3887
0.2605, 0.3859
0.2605, 0.3859
0.2605, 0.3859
0.2605, 0.3859
0.2605, 0.3859
0.2605, 0.3859
0.2605, 0.3859
0.2605, 0.3859
0.2605, 0.3859
0.2605, 0.3859
0.2605, 0.3859
0.2605, 0.3859
0.2605, 0.3831
0.2605, 0.3831
0.2605, 0.3831
0.2605, 0.3831
0.2605, 0.3803
0.2605, 0.3803
0.2605, 0.3803
0.2605, 0.3775
0.2605, 0.3775
0.2605, 0.3775
0.2605, 0.3775
0.2605, 0.3775
0.2605, 0.3775
0.2605, 0.3775
0.2605, 0.3775
0.2605, 0.3775
0.2605, 0.3775
0.2605, 0.3775
0.2605, 0.3775
0.2605, 0.3746
0.2605, 0.3746
0.2605, 0.3746
0.2605, 0.3746
0.2605, 0.3746
0.2605, 0.3746
0.2605, 0.3746
0.2653, 0.3718
0.2653, 0.3718
0.2653, 0.3718
0.2653, 0.3718
0.2653, 0.3718
0.2653, 0.3718
0.2653, 0.3718
0.2653, 0.3718
0.2653, 0.3718
0.2653, 0.3718
0.2653, 0.3718
0.2653, 0.3718
0.2653, 0.3718
0.2653, 0.3718
0.2653, 0.3718
0.2653, 0.3718
0.2653, 0.3690
0.2653, 0.3690
0.2653, 0.3690
0.2653, 0.3690
0.2653, 0.3690
0.2653, 0.3690
0.2653, 0.3690
0.2653, 0.3662
0.2653, 0.3662
0.2653, 0.3662
0.2653, 0.3662
0.2653, 0.3634
0.2653, 0.3634
0.2653, 0.3634
0.2653, 0.3634
0.2653, 0.3634
0.2653, 0.3634
0.2653, 0.3634
0.2653, 0.3634
0.2700, 0.3634
0.2700, 0.3634
0.2700, 0.3634
0.2700, 0.3634
0.2700, 0.3634
0.2700, 0.3634
0.2700, 0.3634
0.2700, 0.3606
0.2700, 0.3606
0.2700, 0.3606
0.2700, 0.3606
0.2700, 0.3606
0.2700, 0.3606
0.2700, 0.3606
0.2700, 0.3577
0.2700, 0.3577
0.2700, 0.3577
0.2700, 0.3577
0.2700, 0.3577
0.2700, 0.3577
0.2700, 0.3577
0.2700, 0.3577
0.2700, 0.3577
0.2700, 0.3577
0.2700, 0.3577
0.2700, 0.3577
0.2700, 0.3577
0.2700, 0.3577
0.2700, 0.3577
0.2700, 0.3577
0.2700, 0.3577
0.2700, 0.3577
0.2700, 0.3577
0.2700, 0.3549
0.2700, 0.3549
0.2700, 0.3549
0.2700, 0.3549
0.2700, 0.3549
0.2700, 0.3549
0.2700, 0.3549
0.2700, 0.3549
0.2700, 0.3521
0.2700, 0.3521
0.2700, 0.3521
0.2700, 0.3521
0.2700, 0.3521
0.2700, 0.3521
0.2700, 0.3521
0.2700, 0.3521
0.2700, 0.3493
0.2700, 0.3493
0.2700, 0.3493
0.2700, 0.3493
0.2700, 0.3493
0.2700, 0.3493
0.2700, 0.3493
0.2700, 0.3493
0.2700, 0.3493
0.2700, 0.3493
0.2700, 0.3493
0.2700, 0.3493
0.2700, 0.3493
0.2700, 0.3493
0.2700, 0.3493
0.2700, 0.3465
0.2700, 0.3465
0.2700, 0.3465
0.2700, 0.3465
0.2700, 0.3437
0.2700, 0.3437
0.2700, 0.3437
0.2700, 0.3437
0.2700, 0.3437
0.2700, 0.3437
0.2700, 0.3437
0.2700, 0.3437
0.2700, 0.3437
0.2700, 0.3437
0.2700, 0.3437
0.2700, 0.3408
0.2700, 0.3408
0.2700, 0.3408
0.2700, 0.3408
0.2700, 0.3408
0.2700, 0.3408
0.2700, 0.3408
0.2700, 0.3408
0.2700, 0.3380
0.2700, 0.3380
0.2700, 0.3380
0.2700, 0.3380
0.2700, 0.3380
0.2700, 0.3380
0.2700, 0.3380
0.2700, 0.3380
0.2700, 0.3380
0.2700, 0.3380
0.2700, 0.3380
0.2700, 0.3380
0.2700, 0.3380
0.2700, 0.3380
0.2700, 0.3380
0.2700, 0.3352
0.2700, 0.3352
0.2700, 0.3352
0.2700, 0.3352
0.2700, 0.3352
0.2700, 0.3352
0.2700, 0.3352
0.2700, 0.3352
0.2700, 0.3324
0.2700, 0.3324
0.2700, 0.3324
0.2700, 0.3324
0.2700, 0.3324
0.2700, 0.3324
0.2700, 0.3324
0.2700, 0.3296
0.2700, 0.3296
0.2700, 0.3296
0.2700, 0.3296
0.2700, 0.3296
0.2700, 0.3296
0.2700, 0.3296
0.2700, 0.3296
0.2700, 0.3296
0.2700, 0.3296
0.2700, 0.3296
0.2700, 0.3296
0.2700, 0.3268
0.2700, 0.3268
0.2700, 0.3268
0.2700, 0.3268
0.2700, 0.3268
0.2700, 0.3268
0.2700, 0.3268
0.2700, 0.3239
0.2700, 0.3239
0.2700, 0.3239
0.2700, 0.3239
0.2700, 0.3239
0.2700, 0.3239
0.2700, 0.3239
0.2700, 0.3239
0.2700, 0.3239
0.2700, 0.3239
0.2700, 0.3239
0.2700, 0.3239
0.2700, 0.3239
0.2700, 0.3239
0.2700, 0.3239
0.2700, 0.3211
0.2700, 0.3211
0.2700, 0.3211
0.2700, 0.3211
0.2700, 0.3211
0.2700, 0.3211
0.2700, 0.3211
0.2700, 0.3183
0.2700, 0.3183
0.2700, 0.3183
0.2700, 0.3183
0.2700, 0.3183
0.2700, 0.3183
0.2700, 0.3183
0.2700, 0.3155
0.2700, 0.3155
0.2700, 0.3155
0.2700, 0.3155
0.2700, 0.3155
0.2700, 0.3155
0.2700, 0.3155
0.2700, 0.3155
0.2700, 0.3155
0.2700, 0.3155
0.2700, 0.3155
0.2700, 0.3155
0.2700, 0.3155
0.2700, 0.3155
0.2700, 0.3155
0.2700, 0.3127
0.2700, 0.3127
0.2700, 0.3127
0.2700, 0.3127
0.2700, 0.3127
0.2700, 0.3127
0.2700, 0.3099
0.2700, 0.3099
0.2700, 0.3099
0.2700, 0.3099
0.2700, 0.3099
0.2700, 0.3099
0.2700, 0.3099
0.2700, 0.3099
0.2700, 0.3099
0.2700, 0.3099
0.2700, 0.3099
0.2700, 0.3070
0.2700, 0.3070
0.2700, 0.3070
0.2748, 0.3042
0.2748, 0.3042
0.2748, 0.3042
0.2748, 0.3042
0.2748, 0.3042
0.2748, 0.3042
0.2748, 0.3042
0.2748, 0.3014
0.2748, 0.3014
0.2748, 0.3014
0.2748, 0.3014
0.2748, 0.3014
0.2748, 0.3014
0.2748, 0.3014
0.2748, 0.3014
0.2748, 0.3014
0.2748, 0.3014
0.2748, 0.3014
0.2748, 0.2986
0.2748, 0.2986
0.2748, 0.2986
0.2748, 0.2958
0.2748, 0.2958
0.2748, 0.2958
0.2748, 0.2958
0.2748, 0.2958
0.2748, 0.2958
0.2748, 0.2958
0.2748, 0.2958
0.2748, 0.2958
0.2748, 0.2958
0.2748, 0.2958
0.2748, 0.2930
0.2748, 0.2930
0.2748, 0.2930
0.2748, 0.2901
0.2748, 0.2901
0.2748, 0.2901
0.2748, 0.2901
0.2748, 0.2901
0.2748, 0.2901
0.2748, 0.2901
0.2748, 0.2901
0.2748, 0.2873
0.2748, 0.2873
0.2748, 0.2873
0.2748, 0.2873
0.2748, 0.2873
0.2748, 0.2873
0.2748, 0.2873
0.2748, 0.2873
0.2748, 0.2873
0.2748, 0.2873
0.2748, 0.2873
0.2748, 0.2845
0.2748, 0.2845
0.2748, 0.2845
0.2748, 0.2845
0.2748, 0.2845
0.2748, 0.2845
0.2748, 0.2845
0.2748, 0.2817
0.2748, 0.2817
0.2748, 0.2817
0.2748, 0.2817
0.2748, 0.2817
0.2748, 0.2817
0.2748, 0.2817
0.2748, 0.2817
0.2748, 0.2817
0.2748, 0.2817
0.2748, 0.2817
0.2748, 0.2817
0.2796, 0.2789
0.2796, 0.2789
0.2796, 0.2789
0.2796, 0.2761
0.2796, 0.2761
0.2796, 0.2761
0.2796, 0.2761
0.2796, 0.2761
0.2796, 0.2761
0.2796, 0.2761
0.2796, 0.2761
0.2796, 0.2732
0.2796, 0.2732
0.2796, 0.2732
0.2796, 0.2732
0.2796, 0.2732
0.2796, 0.2732
0.2796, 0.2732
0.2796, 0.2732
0.2796, 0.2732
0.2796, 0.2732
0.2796, 0.2704
0.2796, 0.2704
0.2796, 0.2704
0.2796, 0.2704
0.2796, 0.2704
0.2796, 0.2704
0.2796, 0.2704
0.2796, 0.2676
0.2796, 0.2676
0.2796, 0.2676
0.2796, 0.2676
0.2796, 0.2676
0.2796, 0.2676
0.2796, 0.2676
0.2796, 0.2676
0.2796, 0.2676
0.2796, 0.2676
0.2796, 0.2676
0.2796, 0.2648
0.2796, 0.2648
0.2796, 0.2648
0.2796, 0.2648
0.2796, 0.2648
0.2796, 0.2648
0.2796, 0.2648
0.2796, 0.2620
0.2796, 0.2620
0.2796, 0.2620
0.2796, 0.2620
0.2796, 0.2592
0.2796, 0.2592
0.2796, 0.2592
0.2796, 0.2592
0.2796, 0.2592
0.2796, 0.2592
0.2796, 0.2592
0.2796, 0.2592
0.2796, 0.2592
0.2796, 0.2592
0.2796, 0.2592
0.2796, 0.2592
0.2796, 0.2592
0.2796, 0.2592
0.2796, 0.2563
0.2796, 0.2563
0.2796, 0.2563
0.2796, 0.2535
0.2796, 0.2535
0.2796, 0.2535
0.2796, 0.2535
0.2796, 0.2535
0.2796, 0.2535
0.2796, 0.2535
0.2796, 0.2535
0.2796, 0.2535
0.2796, 0.2535
0.2796, 0.2507
0.2796, 0.2507
0.2796, 0.2507
0.2796, 0.2507
0.2796, 0.2507
0.2796, 0.2507
0.2796, 0.2507
0.2796, 0.2507
0.2796, 0.2507
0.2796, 0.2507
0.2796, 0.2507
0.2796, 0.2479
0.2796, 0.2479
0.2796, 0.2479
0.2796, 0.2479
0.2796, 0.2479
0.2796, 0.2479
0.2796, 0.2479
0.2796, 0.2479
0.2796, 0.2479
0.2796, 0.2479
0.2796, 0.2479
0.2796, 0.2479
0.2796, 0.2479
0.2796, 0.2479
0.2796, 0.2479
0.2796, 0.2479
0.2796, 0.2479
0.2796, 0.2479
0.2796, 0.2479
0.2796, 0.2479
0.2796, 0.2451
0.2796, 0.2451
0.2796, 0.2451
0.2796, 0.2423
0.2796, 0.2423
0.2796, 0.2423
0.2796, 0.2423
0.2796, 0.2423
0.2796, 0.2423
0.2796, 0.2423
0.2796, 0.2394
0.2796, 0.2394
0.2796, 0.2394
0.2796, 0.2394
0.2796, 0.2394
0.2796, 0.2394
0.2796, 0.2394
0.2796, 0.2394
0.2796, 0.2394
0.2796, 0.2394
0.2796, 0.2394
0.2796, 0.2394
0.2796, 0.2394
0.2796, 0.2394
0.2796, 0.2366
0.2796, 0.2366
0.2796, 0.2366
0.2796, 0.2366
0.2796, 0.2366
0.2796, 0.2366
0.2796, 0.2366
0.2796, 0.2338
0.2796, 0.2338
0.2796, 0.2338
0.2796, 0.2338
0.2796, 0.2338
0.2796, 0.2338
0.2796, 0.2338
0.2796, 0.2338
0.2796, 0.2338
0.2796, 0.2338
0.2796, 0.2338
0.2796, 0.2338
0.2796, 0.2338
0.2796, 0.2338
0.2796, 0.2338
0.2796, 0.2310
0.2796, 0.2310
0.2796, 0.2310
0.2796, 0.2310
0.2796, 0.2310
0.2796, 0.2310
0.2796, 0.2310
0.2796, 0.2282
0.2796, 0.2282
0.2796, 0.2282
0.2796, 0.2282
0.2796, 0.2282
0.2796, 0.2282
0.2796, 0.2254
0.2796, 0.2254
0.2796, 0.2254
0.2796, 0.2254
0.2796, 0.2254
0.2796, 0.2254
0.2796, 0.2254
0.2796, 0.2254
0.2796, 0.2254
0.2796, 0.2254
0.2796, 0.2254
0.2796, 0.2254
0.2796, 0.2254
0.2796, 0.2254
0.2796, 0.2254
0.2796, 0.2225
0.2796, 0.2225
0.2796, 0.2225
0.2796, 0.2197
0.2796, 0.2197
0.2796, 0.2197
0.2796, 0.2197
0.2796, 0.2197
0.2796, 0.2197
0.2796, 0.2197
0.2796, 0.2197
0.2796, 0.2197
0.2796, 0.2197
0.2796, 0.2197
0.2796, 0.2197
0.2796, 0.2197
0.2796, 0.2197
0.2796, 0.2169
0.2796, 0.2169
0.2796, 0.2169
0.2796, 0.2169
0.2796, 0.2169
0.2796, 0.2169
0.2796, 0.2169
0.2796, 0.2169
0.2796, 0.2141
0.2796, 0.2141
0.2796, 0.2141
0.2796, 0.2141
0.2796, 0.2141
0.2796, 0.2141
0.2796, 0.2113
0.2796, 0.2113
0.2796, 0.2113
0.2796, 0.2113
0.2796, 0.2113
0.2796, 0.2113
0.2796, 0.2113
0.2796, 0.2113
0.2796, 0.2113
0.2796, 0.2113
0.2796, 0.2113
0.2796, 0.2085
0.2796, 0.2085
0.2796, 0.2085
0.2796, 0.2085
0.2796, 0.2085
0.2796, 0.2085
0.2796, 0.2085
0.2796, 0.2056
0.2796, 0.2056
0.2796, 0.2056
0.2796, 0.2056
0.2796, 0.2056
0.2796, 0.2056
0.2796, 0.2056
0.2796, 0.2056
0.2796, 0.2056
0.2796, 0.2056
0.2796, 0.2056
0.2796, 0.2056
0.2796, 0.2056
0.2796, 0.2056
0.2796, 0.2056
0.2796, 0.2028
0.2796, 0.2028
0.2796, 0.2028
0.2796, 0.2000
0.2796, 0.2000
0.2796, 0.2000
0.2796, 0.2000
0.2796, 0.2000
0.2796, 0.2000
0.2796, 0.1972
0.2796, 0.1972
0.2796, 0.1972
0.2796, 0.1972
0.2796, 0.1972
0.2796, 0.1972
0.2796, 0.1972
0.2796, 0.1972
0.2796, 0.1972
0.2796, 0.1972
0.2796, 0.1944
0.2796, 0.1944
0.2796, 0.1944
0.2796, 0.1915
0.2796, 0.1915
0.2796, 0.1915
0.2796, 0.1915
0.2796, 0.1915
0.2796, 0.1915
0.2796, 0.1915
0.2796, 0.1915
0.2796, 0.1915
0.2796, 0.1915
0.2796, 0.1915
0.2796, 0.1915
0.2796, 0.1915
0.2796, 0.1915
0.2796, 0.1915
0.2796, 0.1887
0.2796, 0.1887
0.2796, 0.1887
0.2796, 0.1859
0.2796, 0.1859
0.2796, 0.1859
0.2796, 0.1859
0.2796, 0.1859
0.2796, 0.1859
0.2796, 0.1859
0.2796, 0.1831
0.2796, 0.1831
0.2796, 0.1831
0.2796, 0.1831
0.2796, 0.1831
0.2796, 0.1831
0.2796, 0.1831
0.2796, 0.1831
0.2796, 0.1831
0.2796, 0.1831
0.2796, 0.1803
0.2796, 0.1803
0.2796, 0.1803
0.2796, 0.1775
0.2796, 0.1775
0.2796, 0.1775
0.2796, 0.1775
0.2796, 0.1775
0.2796, 0.1775
0.2796, 0.1775
0.2796, 0.1775
0.2796, 0.1775
0.2796, 0.1775
0.2796, 0.1775
0.2796, 0.1746
0.2796, 0.1746
0.2796, 0.1746
0.2796, 0.1718
0.2796, 0.1718
0.2796, 0.1718
0.2796, 0.1690
0.2796, 0.1690
0.2796, 0.1690
0.2796, 0.1690
0.2796, 0.1690
0.2796, 0.1690
0.2796, 0.1690
0.2796, 0.1662
0.2796, 0.1662
0.2796, 0.1662
0.2796, 0.1634
0.2796, 0.1634
0.2796, 0.1634
0.2796, 0.1634
0.2796, 0.1634
0.2796, 0.1634
0.2796, 0.1634
0.2796, 0.1634
0.2796, 0.1634
0.2796, 0.1634
0.2796, 0.1606
0.2796, 0.1606
0.2796, 0.1606
0.2796, 0.1577
0.2796, 0.1577
0.2796, 0.1577
0.2796, 0.1577
0.2796, 0.1577
0.2796, 0.1577
0.2796, 0.1577
0.2796, 0.1549
0.2796, 0.1549
0.2796, 0.1549
0.2796, 0.1521
0.2796, 0.1521
0.2796, 0.1521
0.2796, 0.1521
0.2796, 0.1521
0.2796, 0.1521
0.2796, 0.1521
0.2796, 0.1493
0.2796, 0.1493
0.2796, 0.1493
0.2796, 0.1493
0.2796, 0.1493
0.2796, 0.1493
0.2796, 0.1465
0.2796, 0.1465
0.2796, 0.1465
0.2796, 0.1465
0.2796, 0.1437
0.2796, 0.1437
0.2796, 0.1437
0.2796, 0.1437
0.2796, 0.1437
0.2796, 0.1437
0.2796, 0.1408
0.2796, 0.1408
0.2796, 0.1408
0.2796, 0.1380
0.2796, 0.1380
0.2796, 0.1380
0.2796, 0.1352
0.2796, 0.1352
0.2796, 0.1352
0.2796, 0.1352
0.2796, 0.1352
0.2796, 0.1352
0.2796, 0.1324
0.2796, 0.1324
0.2796, 0.1324
0.2796, 0.1296
0.2796, 0.1296
0.2796, 0.1296
0.2796, 0.1296
0.2796, 0.1296
0.2796, 0.1296
0.2796, 0.1296
0.2796, 0.1296
0.2796, 0.1296
0.2796, 0.1296
0.2796, 0.1268
0.2796, 0.1268
0.2796, 0.1268
0.2796, 0.1268
0.2796, 0.1239
0.2796, 0.1239
0.2796, 0.1239
0.2796, 0.1211
0.2796, 0.1211
0.2796, 0.1211
0.2796, 0.1211
0.2796, 0.1211
0.2796, 0.1211
0.2796, 0.1211
0.2796, 0.1183
0.2796, 0.1183
0.2796, 0.1183
0.2796, 0.1127
0.2796, 0.1127
0.2796, 0.1127
0.2796, 0.1127
0.2796, 0.1127
0.2796, 0.1127
0.2796, 0.1127
0.2796, 0.1127
0.2796, 0.1127
0.2796, 0.1127
0.2796, 0.1099
0.2796, 0.1099
0.2796, 0.1099
0.2796, 0.1070
0.2796, 0.1070
0.2796, 0.1070
0.2796, 0.1070
0.2796, 0.1070
0.2796, 0.1070
0.2796, 0.1070
0.2796, 0.1042
0.2796, 0.1042
0.2796, 0.1042
0.2796, 0.1014
0.2796, 0.1014
0.2796, 0.1014
0.2796, 0.1014
0.2796, 0.1014
0.2796, 0.1014
0.2796, 0.1014
0.2796, 0.1014
0.2796, 0.1014
0.2796, 0.1014
0.2796, 0.0986
0.2796, 0.0986
0.2796, 0.0986
0.2796, 0.0958
0.2796, 0.0958
0.2796, 0.0958
0.2796, 0.0958
0.2796, 0.0930
0.2796, 0.0930
0.2796, 0.0930
0.2796, 0.0930
0.2796, 0.0930
0.2796, 0.0930
0.2796, 0.0930
0.2796, 0.0930
0.2796, 0.0930
0.2796, 0.0901
0.2796, 0.0901
0.2796, 0.0901
0.2796, 0.0873
0.2796, 0.0873
0.2796, 0.0873
0.2796, 0.0873
0.2796, 0.0873
0.2796, 0.0873
0.2796, 0.0873
0.2796, 0.0845
0.2796, 0.0845
0.2796, 0.0845
0.2796, 0.0845
0.2796, 0.0845
0.2796, 0.0845
0.2796, 0.0845
0.2796, 0.0817
0.2796, 0.0817
0.2796, 0.0817
0.2796, 0.0817
0.2796, 0.0817
0.2796, 0.0817
0.2796, 0.0789
0.2796, 0.0789
0.2796, 0.0789
0.2796, 0.0789
0.2796, 0.0789
0.2796, 0.0789
0.2796, 0.0789
0.2796, 0.0789
0.2796, 0.0789
0.2796, 0.0789
0.2796, 0.0761
0.2796, 0.0761
0.2796, 0.0761
0.2796, 0.0732
0.2796, 0.0732
0.2796, 0.0732
0.2796, 0.0732
0.2796, 0.0732
0.2796, 0.0732
0.2796, 0.0732
0.2796, 0.0732
0.2796, 0.0732
0.2796, 0.0732
0.2796, 0.0732
0.2796, 0.0732
0.2796, 0.0732
0.2796, 0.0732
0.2796, 0.0704
0.2796, 0.0704
0.2796, 0.0704
0.2796, 0.0676
0.2796, 0.0676
0.2796, 0.0676
0.2796, 0.0676
0.2796, 0.0676
0.2796, 0.0676
0.2796, 0.0676
0.2796, 0.0648
0.2796, 0.0648
0.2796, 0.0648
0.2796, 0.0648
0.2796, 0.0648
0.2796, 0.0648
0.2796, 0.0648
0.2796, 0.0648
0.2796, 0.0648
0.2796, 0.0648
0.2796, 0.0620
0.2796, 0.0620
0.2796, 0.0620
0.2796, 0.0592
0.2796, 0.0592
0.2796, 0.0592
0.2796, 0.0592
0.2796, 0.0592
0.2796, 0.0592
0.2748, 0.0592
0.2748, 0.0592
0.2748, 0.0592
0.2748, 0.0563
0.2748, 0.0563
0.2748, 0.0563
0.2748, 0.0563
0.2748, 0.0563
0.2748, 0.0563
0.2748, 0.0563
0.2748, 0.0535
0.2748, 0.0535
0.2748, 0.0535
0.2748, 0.0507
0.2748, 0.0507
0.2748, 0.0507
0.2748, 0.0507
0.2748, 0.0507
0.2748, 0.0507
0.2748, 0.0507
0.2748, 0.0507
0.2748, 0.0507
0.2748, 0.0507
0.2748, 0.0479
0.2748, 0.0479
0.2748, 0.0479
0.2748, 0.0451
0.2748, 0.0451
0.2748, 0.0451
0.2748, 0.0451
0.2748, 0.0451
0.2748, 0.0451
0.2748, 0.0451
0.2748, 0.0451
0.2748, 0.0451
0.2748, 0.0451
0.2748, 0.0451
0.2748, 0.0451
0.2748, 0.0451
0.2748, 0.0423
0.2748, 0.0423
0.2748, 0.0423
0.2748, 0.0394
0.2748, 0.0394
0.2748, 0.0394
0.2748, 0.0394
0.2748, 0.0394
0.2748, 0.0394
0.2748, 0.0366
0.2748, 0.0366
0.2748, 0.0366
0.2748, 0.0366
0.2748, 0.0366
0.2748, 0.0366
0.2748, 0.0366
0.2748, 0.0366
0.2748, 0.0366
0.2748, 0.0366
0.2748, 0.0366
0.2748, 0.0366
0.2748, 0.0366
0.2748, 0.0338
0.2748, 0.0338
0.2748, 0.0338
0.2748, 0.0338
0.2748, 0.0338
0.2748, 0.0338
0.2748, 0.0338
0.2748, 0.0310
0.2748, 0.0310
0.2748, 0.0310
0.2748, 0.0310
0.2748, 0.0310
0.2748, 0.0310
0.2748, 0.0310
0.2748, 0.0310
0.2748, 0.0310
0.2748, 0.0310
0.2748, 0.0310
0.2748, 0.0310
0.2748, 0.0310
0.2748, 0.0282
0.2748, 0.0282
0.2748, 0.0282
0.2748, 0.0282
0.2748, 0.0282
0.2748, 0.0282
0.2748, 0.0282
0.2748, 0.0254
0.2748, 0.0254
0.2748, 0.0254
0.2748, 0.0254
0.2748, 0.0254
0.2748, 0.0254
0.2748, 0.0225
0.2748, 0.0225
0.2748, 0.0225
0.2748, 0.0225
0.2748, 0.0225
0.2748, 0.0225
0.2748, 0.0225
0.2748, 0.0225
0.2748, 0.0225
0.2748, 0.0225
0.2748, 0.0225
0.2748, 0.0225
0.2748, 0.0225
0.2748, 0.0197
0.2748, 0.0197
0.2748, 0.0197
0.2748, 0.0169
0.2748, 0.0169
0.2748, 0.0169
0.2748, 0.0169
0.2748, 0.0169
0.2748, 0.0169
0.2748, 0.0169
0.2748, 0.0169
0.2748, 0.0169
0.2748, 0.0169
0.2748, 0.0169
0.2748, 0.0169
0.2748, 0.0169
0.2748, 0.0141
0.2748, 0.0141
0.2748, 0.0141
0.2748, 0.0141
0.2748, 0.0141
0.2748, 0.0141
0.2748, 0.0113
0.2748, 0.0113
0.2748, 0.0113
0.2748, 0.0113
0.2748, 0.0113
0.2748, 0.0113
0.2748, 0.0113
0.2748, 0.0113
0.2748, 0.0113
0.2748, 0.0113
0.2748, 0.0113
0.2748, 0.0113
0.2748, 0.0113
0.2748, 0.0085
0.2748, 0.0085
0.2748, 0.0085
0.2748, 0.0085
0.2748, 0.0085
0.2748, 0.0085
0.2748, 0.0085
0.2748, 0.0056
0.2748, 0.0056
0.2748, 0.0056
0.2748, 0.0056
0.2748, 0.0056
0.2748, 0.0056
0.2748, 0.0056
0.2748, 0.0056
0.2748, 0.0056
0.2748, 0.0028
0.2748, 0.0028
0.2748, 0.0028
0.2748, 0.0028
0.2748, 0.0028
0.2748, 0.0028
0.2748, 0.0028
0.2748, 0.0028
0.2748, 0.0028
0.2748, 0.0028
0.2748, 0.0028
0.2748, 0.0028
0.2748, 0.0028
0.2748, 0.0028
0.2748, 0.0028
0.2748, 0.0028
0.2748, 0.0028
0.2748, 0.0028
0.2748, 0.0028
0.2748, 0.0028
0.2748, 0.0028
0.2748, 0.0028
0.2748, 0.0028
0.2748, 0.0028
0.2748, 0.0028
0.2748, 0.0028
0.2748, 0.0028
0.2748, 0.0028
0.2748, 0.0028
0.2748, 0.0028
0.2748, 0.0028
0.2748, 0.0028
0.2748, 0.0028
0.2748, 0.0028
0.2748, 0.0028
0.2748, 0.0028
0.2748, 0.0028
0.2748, 0.0028
0.2748, 0.0000
0.2748, 0.0000
0.2748, 0.0000
0.2748, 0.0000
0.2748, 0.0000
0.2748, 0.0000
0.2748, 0.0000
0.2748, 0.0000
0.2748, 0.0000
0.2748, 0.0000
0.2748, 0.0000
0.2748, 0.0000
0.2748, 0.0000
0.2748, 0.0000
0.2748, 0.0000
0.2748, 0.0000
0.2748, 0.0000
0.2748, 0.0000
0.2748, 0.0000
0.2748, 0.0000
0.2748, 0.0000
0.2748, 0.0000
0.2748, 0.0000
0.2748, 0.0000
0.2748, 0.0000
0.2748, 0.0000
0.2748, 0.0000
0.2748, 0.0000
0.2748, 0.0000
0.2748, 0.0000
0.2748, 0.0000
0.2748, 0.0000
0.2748, 0.0000
0.2748, 0.0000
0.2748, 0.0000
0.2748, 0.0000
0.2748, 0.0000
0.2748, 0.0000
0.2748, 0.0000
0.2748, 0.0000
0.2748, 0.0000
0.2748, 0.0000
0.2748, 0.0000
0.2748, 0.0000
0.2748, 0.0000
0.2748, 0.0000
0.2748, 0.0000
0.2748, 0.0000
0.2748, 0.0000
0.2748, 0.0000
0.2748, 0.0000
0.2748, 0.0000
0.2748, 0.0000
0.2748, 0.0000
0.2748, 0.0000
0.2748, 0.0000
0.2748, 0.0000
0.2748, 0.0000
0.2748, 0.0000
0.2748, 0.0000
0.2748, 0.0000
0.2748, 0.0000
0.2748, 0.0000
0.2748, 0.0000
0.2748, 0.0000
0.2748, 0.0000
0.2748, 0.0000
0.2748, 0.0000
0.2748, 0.0000
0.2748, 0.0000
0.2748, 0.0000
0.2748, 0.0000
0.2748, 0.0000
0.2748, 0.0000
0.2748, 0.0000
0.2748, 0.0000
0.2748, 0.0000
0.2748, 0.0000
0.2748, 0.0000
0.2748, 0.0000
0.2748, 0.0000
0.2748, 0.0000
0.2748, 0.0000
0.2748, 0.0000
0.2748, 0.0000
0.2748, 0.0000
0.2748, 0.0000
0.2748, 0.0000
0.2748, 0.0000
0.2748, 0.0000
0.2748, 0.0028
0.2748, 0.0028
0.2748, 0.0028
0.2748, 0.0056
0.2748, 0.0056
0.2748, 0.0056
0.2748, 0.0056
0.2748, 0.0056
0.2748, 0.0056
0.2748, 0.0085
0.2748, 0.0085
0.2748, 0.0085
0.2748, 0.0085
0.2748, 0.0085
0.2748, 0.0085
0.2748, 0.0085
0.2748, 0.0085
0.2748, 0.0085
0.2748, 0.0085
0.2748, 0.0113
0.2748, 0.0113
0.2748, 0.0113
0.2748, 0.0141
0.2748, 0.0141
0.2748, 0.0141
0.2748, 0.0141
0.2748, 0.0141
0.2748, 0.0141
0.2748, 0.0141
0.2748, 0.0141
0.2748, 0.0141
0.2748, 0.0169
0.2748, 0.0169
0.2748, 0.0169
0.2748, 0.0197
0.2748, 0.0197
0.2748, 0.0197
0.2748, 0.0197
0.2748, 0.0197
0.2748, 0.0197
0.2796, 0.0197
0.2796, 0.0197
0.2796, 0.0197
0.2796, 0.0225
0.2796, 0.0225
0.2796, 0.0225
0.2796, 0.0254
0.2796, 0.0254
0.2796, 0.0254
0.2796, 0.0282
0.2796, 0.0282
0.2796, 0.0282
0.2796, 0.0282
0.2796, 0.0282
0.2796, 0.0282
0.2796, 0.0282
0.2796, 0.0282
0.2796, 0.0282
0.2796, 0.0310
0.2796, 0.0310
0.2796, 0.0310
0.2796, 0.0310
0.2796, 0.0310
0.2796, 0.0310
0.2843, 0.0338
0.2843, 0.0338
0.2843, 0.0338
0.2843, 0.0338
0.2843, 0.0338
0.2843, 0.0338
0.2843, 0.0338
0.2843, 0.0338
0.2843, 0.0338
0.2843, 0.0338
0.2843, 0.0338
0.2843, 0.0338
0.2843, 0.0338
0.2890, 0.0366
0.2890, 0.0366
0.2890, 0.0366
0.2890, 0.0366
0.2890, 0.0366
0.2890, 0.0366
0.2890, 0.0394
0.2890, 0.0394
0.2890, 0.0394
0.2890, 0.0394
0.2890, 0.0394
0.2890, 0.0394
0.2938, 0.0423
0.2938, 0.0423
0.2938, 0.0423
0.2938, 0.0423
0.2938, 0.0423
0.2938, 0.0423
0.2938, 0.0423
0.2938, 0.0423
0.2938, 0.0423
0.2938, 0.0423
0.2938, 0.0423
0.2938, 0.0423
0.2938, 0.0423
0.2938, 0.0423
0.2938, 0.0423
0.2938, 0.0423
0.2938, 0.0451
0.2938, 0.0451
0.2938, 0.0451
0.2938, 0.0451
0.2938, 0.0451
0.2938, 0.0451
0.2938, 0.0479
0.2938, 0.0479
0.2938, 0.0479
0.2985, 0.0479
0.2985, 0.0479
0.2985, 0.0479
0.2985, 0.0479
0.2985, 0.0479
0.2985, 0.0479
0.2985, 0.0479
0.2985, 0.0479
0.2985, 0.0479
0.2985, 0.0479
0.2985, 0.0479
0.2985, 0.0479
0.3032, 0.0507
0.3032, 0.0507
0.3032, 0.0507
0.3032, 0.0507
0.3032, 0.0507
0.3032, 0.0507
0.3032, 0.0535
0.3032, 0.0535
0.3032, 0.0535
0.3032, 0.0535
0.3032, 0.0535
0.3032, 0.0535
0.3032, 0.0563
0.3032, 0.0563
0.3032, 0.0563
0.3032, 0.0563
0.3032, 0.0563
0.3032, 0.0563
0.3032, 0.0563
0.3032, 0.0563
0.3032, 0.0563
0.3032, 0.0592
0.3032, 0.0592
0.3032, 0.0592
0.3079, 0.0592
0.3079, 0.0592
0.3079, 0.0620
0.3079, 0.0620
0.3079, 0.0620
0.3079, 0.0620
0.3079, 0.0620
0.3079, 0.0620
0.3079, 0.0620
0.3079, 0.0620
0.3079, 0.0620
0.3127, 0.0620
0.3127, 0.0620
0.3127, 0.0620
0.3127, 0.0620
0.3127, 0.0620
0.3127, 0.0620
0.3127, 0.0648
0.3127, 0.0648
0.3127, 0.0648
0.3127, 0.0648
0.3127, 0.0648
0.3127, 0.0648
0.3174, 0.0676
0.3174, 0.0676
0.3174, 0.0676
0.3174, 0.0704
0.3174, 0.0704
0.3174, 0.0704
0.3174, 0.0704
0.3174, 0.0704
0.3174, 0.0704
0.3174, 0.0704
0.3174, 0.0704
0.3174, 0.0704
0.3174, 0.0732
0.3174, 0.0732
0.3174, 0.0732
0.3222, 0.0761
0.3222, 0.0761
0.3222, 0.0761
0.3222, 0.0761
0.3222, 0.0761
0.3222, 0.0761
0.3222, 0.0761
0.3222, 0.0761
0.3222, 0.0761
0.3270, 0.0761
0.3270, 0.0761
0.3270, 0.0761
0.3270, 0.0789
0.3270, 0.0789
0.3270, 0.0789
0.3270, 0.0789
0.3270, 0.0789
0.3270, 0.0789
0.3270, 0.0817
0.3270, 0.0817
0.3270, 0.0817
0.3270, 0.0817
0.3270, 0.0817
0.3270, 0.0817
0.3270, 0.0817
0.3270, 0.0817
0.3270, 0.0817
0.3270, 0.0845
0.3270, 0.0845
0.3270, 0.0845
0.3317, 0.0845
0.3317, 0.0845
0.3317, 0.0845
0.3317, 0.0845
0.3317, 0.0845
0.3317, 0.0845
0.3317, 0.0845
0.3317, 0.0845
0.3364, 0.0873
0.3364, 0.0873
0.3364, 0.0873
0.3364, 0.0873
0.3364, 0.0873
0.3364, 0.0873
0.3364, 0.0901
0.3364, 0.0901
0.3412, 0.0901
0.3412, 0.0901
0.3412, 0.0901
0.3412, 0.0901
0.3412, 0.0901
0.3412, 0.0901
0.3412, 0.0901
0.3412, 0.0930
0.3412, 0.0930
0.3412, 0.0930
0.3412, 0.0930
0.3412, 0.0930
0.3412, 0.0930
0.3412, 0.0958
0.3412, 0.0958
0.3412, 0.0986
0.3412, 0.0986
0.3412, 0.0986
0.3459, 0.0986
0.3459, 0.0986
0.3459, 0.0986
0.3459, 0.0986
0.3459, 0.0986
0.3459, 0.0986
0.3459, 0.0986
0.3459, 0.0986
0.3459, 0.0986
0.3506, 0.1014
0.3506, 0.1014
0.3506, 0.1014
0.3506, 0.1014
0.3506, 0.1014
0.3506, 0.1014
0.3506, 0.1042
0.3506, 0.1042
0.3506, 0.1042
0.3506, 0.1042
0.3506, 0.1042
0.3506, 0.1042
0.3506, 0.1042
0.3506, 0.1042
0.3506, 0.1042
0.3506, 0.1042
0.3506, 0.1042
0.3506, 0.1042
0.3554, 0.1070
0.3554, 0.1070
0.3554, 0.1070
0.3554, 0.1099
0.3554, 0.1099
0.3554, 0.1099
0.3554, 0.1099
0.3554, 0.1099
0.3554, 0.1099
0.3601, 0.1099
0.3601, 0.1099
0.3601, 0.1099
0.3601, 0.1099
0.3601, 0.1099
0.3601, 0.1099
0.3601, 0.1127
0.3601, 0.1127
0.3601, 0.1127
0.3649, 0.1155
0.3649, 0.1155
0.3649, 0.1183
0.3649, 0.1183
0.3649, 0.1183
0.3649, 0.1183
0.3649, 0.1183
0.3649, 0.1183
0.3696, 0.1183
0.3696, 0.1183
0.3696, 0.1183
0.3696, 0.1211
0.3696, 0.1211
0.3696, 0.1211
0.3744, 0.1211
0.3744, 0.1211
0.3744, 0.1211
0.3744, 0.1239
0.3744, 0.1239
0.3744, 0.1239
0.3744, 0.1239
0.3744, 0.1239
0.3744, 0.1239
0.3744, 0.1239
0.3744, 0.1239
0.3744, 0.1268
0.3744, 0.1268
0.3744, 0.1268
0.3791, 0.1268
0.3791, 0.1268
0.3791, 0.1296
0.3791, 0.1296
0.3791, 0.1296
0.3791, 0.1324
0.3791, 0.1324
0.3791, 0.1324
0.3838, 0.1324
0.3838, 0.1324
0.3838, 0.1324
0.3838, 0.1324
0.3838, 0.1324
0.3886, 0.1352
0.3886, 0.1352
0.3886, 0.1352
0.3886, 0.1380
0.3886, 0.1380
0.3886, 0.1380
0.3886, 0.1380
0.3886, 0.1380
0.3886, 0.1380
0.3933, 0.1408
0.3933, 0.1408
0.3933, 0.1437
0.3933, 0.1437
0.3933, 0.1437
0.3980, 0.1465
0.3980, 0.1465
0.3980, 0.1465
0.3980, 0.1465
0.3980, 0.1465
0.3980, 0.1465
0.3980, 0.1465
0.3980, 0.1465
0.3980, 0.1465
0.4028, 0.1493
0.4028, 0.1493
0.4028, 0.1493
0.4028, 0.1521
0.4028, 0.1521
0.4028, 0.1521
0.4028, 0.1521
0.4028, 0.1521
0.4028, 0.1521
0.4075, 0.1521
0.4075, 0.1521
0.4075, 0.1549
0.4075, 0.1549
0.4075, 0.1549
0.4123, 0.1577
0.4123, 0.1577
0.4123, 0.1577
0.4123, 0.1606
0.4123, 0.1606
0.4123, 0.1606
0.4123, 0.1606
0.4123, 0.1606
0.4123, 0.1606
0.4171, 0.1634
0.4171, 0.1634
0.4171, 0.1634
0.4218, 0.1662
0.4218, 0.1662
0.4218, 0.1662
0.4218, 0.1662
0.4218, 0.1662
0.4218, 0.1718
0.4218, 0.1718
0.4218, 0.1718
0.4265, 0.1746
0.4265, 0.1746
0.4265, 0.1746
0.4313, 0.1775
0.4313, 0.1775
0.4313, 0.1775
0.4313, 0.1803
0.4313, 0.1803
0.4313, 0.1803
0.4360, 0.1831
0.4360, 0.1831
0.4360, 0.1859
0.4360, 0.1859
0.4360, 0.1859
0.4360, 0.1887
0.4360, 0.1887
0.4360, 0.1887
0.4360, 0.1915
0.4360, 0.1915
0.4407, 0.1915
0.4407, 0.1915
0.4407, 0.1915
0.4407, 0.1944
0.4407, 0.1944
0.4407, 0.1944
0.4454, 0.2000
0.4454, 0.2000
0.4454, 0.2000
0.4454, 0.2000
0.4454, 0.2000
0.4502, 0.2028
0.4502, 0.2028
0.4502, 0.2028
0.4502, 0.2085
0.4502, 0.2085
0.4502, 0.2085
0.4502, 0.2085
0.4502, 0.2085
0.4502, 0.2085
0.4502, 0.2113
0.4502, 0.2113
0.4550, 0.2141
0.4550, 0.2141
0.4550, 0.2141
0.4550, 0.2141
0.4550, 0.2141
0.4550, 0.2141
0.4550, 0.2169
0.4550, 0.2169
0.4550, 0.2169
0.4597, 0.2169
0.4597, 0.2169
0.4597, 0.2197
0.4597, 0.2197
0.4597, 0.2197
0.4597, 0.2225
0.4597, 0.2225
0.4597, 0.2225
0.4597, 0.2225
0.4597, 0.2225
0.4597, 0.2225
0.4597, 0.2254
0.4597, 0.2254
0.4597, 0.2254
0.4645, 0.2282
0.4645, 0.2282
0.4645, 0.2310
0.4645, 0.2310
0.4645, 0.2310
0.4692, 0.2338
0.4692, 0.2338
0.4692, 0.2338
0.4692, 0.2366
0.4692, 0.2366
0.4692, 0.2366
0.4739, 0.2366
0.4739, 0.2366
0.4739, 0.2394
0.4739, 0.2394
0.4739, 0.2394
0.4739, 0.2423
0.4739, 0.2423
0.4739, 0.2423
0.4787, 0.2423
0.4787, 0.2423
0.4787, 0.2451
0.4787, 0.2451
0.4787, 0.2451
0.4834, 0.2479
0.4834, 0.2479
0.4834, 0.2479
0.4834, 0.2507
0.4834, 0.2507
0.4834, 0.2507
0.4834, 0.2507
0.4834, 0.2507
0.4881, 0.2507
0.4881, 0.2507
0.4881, 0.2507
0.4881, 0.2535
0.4881, 0.2535
0.4929, 0.2563
0.4929, 0.2563
0.4929, 0.2563
0.4929, 0.2563
0.4929, 0.2563
0.4929, 0.2563
0.4976, 0.2592
0.4976, 0.2592
0.4976, 0.2620
0.4976, 0.2620
0.4976, 0.2620
0.4976, 0.2620
0.4976, 0.2620
0.4976, 0.2620
0.5024, 0.2648
0.5024, 0.2648
0.5024, 0.2648
0.5024, 0.2648
0.5024, 0.2648
0.5071, 0.2676
0.5071, 0.2676
0.5071, 0.2676
0.5071, 0.2704
0.5071, 0.2704
0.5071, 0.2704
0.5071, 0.2704
0.5071, 0.2704
0.5071, 0.2704
0.5119, 0.2732
0.5119, 0.2732
0.5119, 0.2732
0.5119, 0.2732
0.5119, 0.2732
0.5166, 0.2761
0.5166, 0.2761
0.5166, 0.2761
0.5166, 0.2761
0.5166, 0.2761
0.5166, 0.2761
0.5166, 0.2789
0.5166, 0.2789
0.5166, 0.2789
0.5166, 0.2789
0.5166, 0.2789
0.5166, 0.2789
0.5213, 0.2789
0.5213, 0.2789
0.5213, 0.2789
0.5213, 0.2817
0.5261, 0.2845
0.5261, 0.2845
0.5308, 0.2873
0.5308, 0.2901
0.5308, 0.2901
0.5308, 0.2901
0.5403, 0.2930
0.5403, 0.2930
0.5403, 0.2958
0.5403, 0.2958
0.5403, 0.2986
0.5403, 0.2986
0.5451, 0.2986
0.5451, 0.2986
0.5451, 0.2986
0.5451, 0.3014
0.5451, 0.3014
0.5451, 0.3014
0.5498, 0.3042
0.5498, 0.3042
0.5546, 0.3042
0.5546, 0.3042
0.5546, 0.3042
0.5546, 0.3042
0.5546, 0.3042
0.5546, 0.3042
0.5546, 0.3070
0.5546, 0.3070
0.5593, 0.3099
0.5593, 0.3099
0.5593, 0.3099
0.5593, 0.3099
0.5593, 0.3099
0.5593, 0.3099
0.5640, 0.3127
0.5640, 0.3127
0.5640, 0.3127
0.5640, 0.3127
0.5640, 0.3127
0.5640, 0.3127
0.5687, 0.3155
0.5687, 0.3155
0.5687, 0.3183
0.5687, 0.3183
0.5687, 0.3183
0.5735, 0.3183
0.5735, 0.3183
0.5735, 0.3183
0.5782, 0.3183
0.5782, 0.3183
0.5782, 0.3183
0.5782, 0.3211
0.5782, 0.3211
0.5782, 0.3239
0.5782, 0.3239
0.5782, 0.3239
0.5829, 0.3239
0.5829, 0.3239
0.5829, 0.3268
0.5829, 0.3268
0.5829, 0.3268
0.5877, 0.3268
0.5877, 0.3268
0.5877, 0.3268
0.5877, 0.3296
0.5877, 0.3296
0.5877, 0.3324
0.5877, 0.3324
0.5877, 0.3324
0.5925, 0.3324
0.5925, 0.3324
0.5925, 0.3324
0.5972, 0.3324
0.5972, 0.3324
0.6020, 0.3352
0.6020, 0.3352
0.6020, 0.3352
0.6020, 0.3380
0.6020, 0.3380
0.6020, 0.3380
0.6020, 0.3408
0.6020, 0.3408
0.6067, 0.3408
0.6067, 0.3408
0.6067, 0.3408
0.6067, 0.3408
0.6067, 0.3408
0.6114, 0.3437
0.6114, 0.3437
0.6114, 0.3437
0.6114, 0.3437
0.6114, 0.3437
0.6114, 0.3437
0.6162, 0.3465
0.6162, 0.3465
0.6162, 0.3465
0.6162, 0.3465
0.6162, 0.3465
0.6209, 0.3465
0.6209, 0.3465
0.6209, 0.3465
0.6209, 0.3465
0.6209, 0.3465
0.6256, 0.3493
0.6256, 0.3493
0.6256, 0.3493
0.6256, 0.3493
0.6256, 0.3493
0.6256, 0.3521
0.6256, 0.3521
0.6256, 0.3521
0.6304, 0.3521
0.6304, 0.3521
0.6304, 0.3521
0.6352, 0.3549
0.6352, 0.3549
0.6352, 0.3549
0.6352, 0.3549
0.6352, 0.3549
0.6352, 0.3549
0.6352, 0.3549
0.6399, 0.3549
0.6399, 0.3549
0.6399, 0.3549
0.6399, 0.3577
0.6399, 0.3577
0.6446, 0.3577
0.6446, 0.3577
0.6446, 0.3577
0.6494, 0.3606
0.6494, 0.3606
0.6494, 0.3606
0.6494, 0.3606
0.6494, 0.3606
0.6494, 0.3606
0.6541, 0.3606
0.6541, 0.3606
0.6588, 0.3634
0.6588, 0.3634
0.6588, 0.3634
0.6588, 0.3634
0.6588, 0.3634
0.6588, 0.3634
0.6588, 0.3634
0.6588, 0.3634
0.6588, 0.3634
0.6636, 0.3662
0.6636, 0.3662
0.6636, 0.3662
0.6636, 0.3662
0.6636, 0.3662
0.6683, 0.3690
0.6683, 0.3690
0.6683, 0.3690
0.6683, 0.3690
0.6683, 0.3690
0.6730, 0.3690
0.6730, 0.3690
0.6730, 0.3690
0.6778, 0.3718
0.6778, 0.3718
0.6778, 0.3718
0.6826, 0.3718
0.6826, 0.3718
0.6826, 0.3746
0.6826, 0.3746
0.6826, 0.3746
0.6826, 0.3746
0.6826, 0.3746
0.6826, 0.3746
0.6921, 0.3746
0.6921, 0.3746
0.6921, 0.3775
0.6921, 0.3775
0.6968, 0.3803
0.6968, 0.3803
0.6968, 0.3803
0.7015, 0.3803
0.7015, 0.3803
0.7062, 0.3831
0.7062, 0.3831
0.7110, 0.3831
0.7110, 0.3831
0.7110, 0.3831
0.7110, 0.3831
0.7157, 0.3859
0.7157, 0.3859
0.7204, 0.3859
0.7204, 0.3859
0.7204, 0.3859
0.7204, 0.3887
0.7253, 0.3887
0.7253, 0.3887
0.7253, 0.3887
0.7300, 0.3887
0.7300, 0.3887
0.7347, 0.3887
0.7347, 0.3887
0.7347, 0.3887
0.7347, 0.3887
0.7395, 0.3915
0.7395, 0.3915
0.7442, 0.3915
0.7442, 0.3915
0.7442, 0.3915
0.7442, 0.3915
0.7442, 0.3915
0.7489, 0.3915
0.7489, 0.3915
0.7537, 0.3944
0.7537, 0.3944
0.7537, 0.3944
0.7537, 0.3944
0.7537, 0.3944
0.7584, 0.3944
0.7584, 0.3944
0.7631, 0.3972
0.7631, 0.3972
0.7678, 0.3972
0.7678, 0.3972
0.7678, 0.3972
0.7678, 0.3972
0.7727, 0.3972
0.7727, 0.3972
0.7727, 0.3972
0.7774, 0.3972
0.7774, 0.3972
0.7774, 0.3972
0.7774, 0.3972
0.7821, 0.3972
0.7821, 0.3972
0.7869, 0.3972
0.7869, 0.3972
0.7916, 0.3972
0.7916, 0.3972
0.7916, 0.3972
0.7916, 0.3972
0.7916, 0.3972
0.7963, 0.3972
0.7963, 0.3972
0.8011, 0.3972
0.8011, 0.3972
0.8058, 0.3972
0.8058, 0.3972
0.8105, 0.3972
0.8105, 0.3972
0.8154, 0.3972
0.8154, 0.3972
0.8201, 0.3972
0.8201, 0.3972
0.8248, 0.3972
0.8248, 0.3972
0.8295, 0.3972
0.8295, 0.3972
0.8343, 0.3972
0.8343, 0.3972
0.8390, 0.3972
0.8390, 0.3972
0.8437, 0.3972
0.8437, 0.3972
0.8437, 0.3972
0.8437, 0.3972
0.8437, 0.3972
0.8485, 0.3972
0.8485, 0.3972
0.8485, 0.3972
0.8485, 0.3972
0.8532, 0.3972
0.8532, 0.3972
0.8532, 0.3972
0.8532, 0.3972
0.8532, 0.3972
0.8579, 0.3972
0.8579, 0.3972
0.8628, 0.3972
0.8628, 0.3972
0.8675, 0.3972
0.8675, 0.3972
0.8675, 0.3972
0.8675, 0.3972
0.8675, 0.3972
0.8722, 0.3972
0.8722, 0.3972
0.8770, 0.3972
0.8770, 0.3972
0.8770, 0.3972
0.8770, 0.3972
0.8817, 0.3972
0.8817, 0.3972
0.8864, 0.3972
0.8864, 0.3972
0.8864, 0.3972
0.8864, 0.3972
0.8864, 0.3972
0.8912, 0.3944
0.8912, 0.3944
0.8959, 0.3944
0.8959, 0.3944
0.9006, 0.3944
0.9006, 0.3944
0.9006, 0.3915
0.9006, 0.3915
0.9006, 0.3915
0.9006, 0.3915
0.9006, 0.3915
0.9006, 0.3915
0.9006, 0.3915
0.9006, 0.3915
0.9006, 0.3915
0.9054, 0.3915
0.9054, 0.3915
0.9054, 0.3887
0.9054, 0.3887
0.9102, 0.3887
0.9102, 0.3887
0.9102, 0.3859
0.9102, 0.3859
0.9149, 0.3859
0.9149, 0.3859
0.9196, 0.3859
0.9196, 0.3859
0.9244, 0.3831
0.9244, 0.3831
0.9244, 0.3803
0.9244, 0.3803
0.9244, 0.3803
0.9244, 0.3803
0.9244, 0.3803
0.9291, 0.3775
0.9291, 0.3775
0.9291, 0.3775
0.9291, 0.3775
0.9338, 0.3775
0.9338, 0.3775
0.9338, 0.3775
0.9338, 0.3775
0.9338, 0.3775
0.9338, 0.3746
0.9338, 0.3746
0.9338, 0.3746
0.9338, 0.3746
0.9338, 0.3718
0.9338, 0.3718
0.9386, 0.3718
0.9386, 0.3718
0.9386, 0.3718
0.9386, 0.3718
0.9386, 0.3718
0.9433, 0.3690
0.9433, 0.3690
0.9433, 0.3662
0.9433, 0.3662
0.9480, 0.3662
0.9480, 0.3662
0.9480, 0.3634
0.9480, 0.3634
0.9480, 0.3634
0.9480, 0.3634
0.9480, 0.3634
0.9480, 0.3634
0.9480, 0.3634
0.9480, 0.3606
0.9480, 0.3606
0.9529, 0.3606
0.9529, 0.3606
0.9529, 0.3577
0.9529, 0.3577
0.9529, 0.3577
0.9529, 0.3577
0.9576, 0.3549
0.9576, 0.3549
0.9576, 0.3549
0.9576, 0.3549
0.9576, 0.3549
0.9576, 0.3521
0.9576, 0.3521
0.9576, 0.3493
0.9576, 0.3493
0.9576, 0.3493
0.9576, 0.3493
0.9576, 0.3465
0.9576, 0.3465
0.9576, 0.3465
0.9576, 0.3465
0.9576, 0.3437
0.9576, 0.3437
0.9623, 0.3437
0.9623, 0.3437
0.9623, 0.3408
0.9623, 0.3408
0.9623, 0.3408
0.9623, 0.3380
0.9623, 0.3380
0.9623, 0.3380
0.9623, 0.3380
0.9623, 0.3352
0.9623, 0.3352
0.9623, 0.3352
0.9623, 0.3352
0.9623, 0.3324
0.9623, 0.3324
0.9623, 0.3324
0.9623, 0.3324
0.9670, 0.3296
0.9670, 0.3296
0.9670, 0.3296
0.9670, 0.3296
0.9670, 0.3296
0.9670, 0.3296
0.9670, 0.3296
0.9670, 0.3268
0.9670, 0.3268
0.9670, 0.3239
0.9670, 0.3239
0.9670, 0.3239
0.9670, 0.3239
0.9670, 0.3239
0.9670, 0.3239
0.9670, 0.3239
0.9670, 0.3211
0.9670, 0.3211
0.9670, 0.3183
0.9670, 0.3183
0.9670, 0.3183
0.9670, 0.3183
0.9670, 0.3155
0.9670, 0.3155
0.9670, 0.3155
0.9670, 0.3155
0.9670, 0.3155
0.9670, 0.3155
0.9670, 0.3155
0.9670, 0.3127
0.9670, 0.3127
0.9670, 0.3127
0.9670, 0.3127
0.9670, 0.3099
0.9670, 0.3099
0.9670, 0.3099
0.9670, 0.3099
0.9670, 0.3099
0.9670, 0.3099
0.9670, 0.3099
0.9670, 0.3070
0.9670, 0.3070
0.9670, 0.3042
0.9670, 0.3042
0.9670, 0.3042
0.9670, 0.3042
0.9670, 0.3014
0.9670, 0.3014
0.9670, 0.3014
0.9670, 0.3014
0.9670, 0.3014
0.9670, 0.3014
0.9670, 0.3014
0.9670, 0.2986
0.9670, 0.2986
0.9670, 0.2958
0.9670, 0.2958
0.9670, 0.2958
0.9670, 0.2958
0.9670, 0.2958
0.9670, 0.2958
0.9670, 0.2958
0.9670, 0.2930
0.9670, 0.2930
0.9670, 0.2901
0.9670, 0.2901
0.9670, 0.2873
0.9670, 0.2873
0.9670, 0.2873
0.9670, 0.2873
0.9670, 0.2873
0.9670, 0.2873
0.9670, 0.2873
0.9670, 0.2845
0.9670, 0.2845
0.9670, 0.2817
0.9670, 0.2817
0.9670, 0.2817
0.9670, 0.2817
0.9670, 0.2817
0.9670, 0.2817
0.9670, 0.2789
0.9670, 0.2789
0.9623, 0.2789
0.9623, 0.2789
0.9623, 0.2761
0.9623, 0.2761
0.9623, 0.2732
0.9623, 0.2732
0.9623, 0.2732
0.9623, 0.2732
0.9623, 0.2732
0.9623, 0.2732
0.9623, 0.2732
0.9623, 0.2704
0.9623, 0.2704
0.9623, 0.2676
0.9623, 0.2676
0.9623, 0.2676
0.9623, 0.2676
0.9623, 0.2648
0.9623, 0.2648
0.9623, 0.2648
0.9623, 0.2648
0.9623, 0.2648
0.9623, 0.2620
0.9623, 0.2620
0.9576, 0.2592
0.9576, 0.2592
0.9576, 0.2592
0.9576, 0.2592
0.9576, 0.2592
0.9576, 0.2592
0.9576, 0.2592
0.9576, 0.2592
0.9529, 0.2563
0.9529, 0.2563
0.9529, 0.2563
0.9529, 0.2563
0.9529, 0.2535
0.9529, 0.2535
0.9529, 0.2535
0.9529, 0.2535
0.9529, 0.2535
0.9529, 0.2535
0.9529, 0.2535
0.9529, 0.2507
0.9529, 0.2507
0.9480, 0.2507
0.9480, 0.2507
0.9480, 0.2479
0.9480, 0.2479
0.9433, 0.2451
0.9433, 0.2451
0.9433, 0.2451
0.9433, 0.2451
0.9386, 0.2451
0.9386, 0.2451
0.9386, 0.2423
0.9386, 0.2423
0.9386, 0.2423
0.9386, 0.2423
0.9386, 0.2394
0.9386, 0.2394
0.9338, 0.2394
0.9338, 0.2394
0.9338, 0.2394
0.9338, 0.2394
0.9338, 0.2394
0.9338, 0.2394
0.9338, 0.2394
0.9291, 0.2394
0.9291, 0.2394
0.9291, 0.2366
0.9291, 0.2366
0.9291, 0.2366
0.9291, 0.2366
0.9291, 0.2366
0.9291, 0.2366
0.9291, 0.2366
0.9244, 0.2338
0.9244, 0.2338
0.9244, 0.2338
0.9244, 0.2338
0.9196, 0.2338
0.9196, 0.2338
0.9149, 0.2338
0.9149, 0.2338
0.9149, 0.2310
0.9149, 0.2310
0.9149, 0.2310
0.9149, 0.2310
0.9102, 0.2282
0.9102, 0.2282
0.9102, 0.2282
0.9102, 0.2282
0.9054, 0.2254
0.9054, 0.2254
0.9054, 0.2254
0.9054, 0.2254
0.9054, 0.2254
0.9006, 0.2254
0.9006, 0.2254
0.8959, 0.2254
0.8959, 0.2254
0.8959, 0.2254
0.8959, 0.2254
0.8912, 0.2225
0.8912, 0.2225
0.8912, 0.2225
0.8912, 0.2225
0.8864, 0.2197
0.8864, 0.2197
0.8817, 0.2197
0.8817, 0.2197
0.8817, 0.2197
0.8817, 0.2197
0.8770, 0.2197
0.8770, 0.2197
0.8722, 0.2197
0.8722, 0.2197
0.8722, 0.2197
0.8722, 0.2197
0.8722, 0.2197
0.8675, 0.2169
0.8675, 0.2169
0.8675, 0.2169
0.8675, 0.2169
0.8628, 0.2169
0.8628, 0.2169
0.8579, 0.2141
0.8579, 0.2141
0.8579, 0.2141
0.8579, 0.2141
0.8532, 0.2141
0.8532, 0.2141
0.8485, 0.2141
0.8485, 0.2141
0.8485, 0.2113
0.8485, 0.2113
0.8485, 0.2113
0.8485, 0.2113
0.8437, 0.2113
0.8437, 0.2113
0.8390, 0.2113
0.8390, 0.2113
0.8390, 0.2113
0.8343, 0.2113
0.8343, 0.2113
0.8343, 0.2113
0.8343, 0.2113
0.8295, 0.2113
0.8295, 0.2113
0.8201, 0.2113
0.8201, 0.2113
0.8201, 0.2113
0.8201, 0.2113
0.8154, 0.2113
0.8154, 0.2113
0.8105, 0.2113
0.8105, 0.2113
0.8105, 0.2085
0.8105, 0.2085
0.8058, 0.2085
0.8058, 0.2085
0.8011, 0.2085
0.8011, 0.2085
0.7963, 0.2085
0.7963, 0.2085
0.7963, 0.2085
0.7963, 0.2085
0.7963, 0.2085
0.7963, 0.2085
0.7916, 0.2085
0.7916, 0.2085
0.7869, 0.2085
0.7869, 0.2085
0.7869, 0.2085
0.7869, 0.2085
0.7869, 0.2085
0.7869, 0.2085
0.7869, 0.2085
0.7821, 0.2085
0.7821, 0.2085
0.7774, 0.2085
0.7774, 0.2085
0.7774, 0.2085
0.7774, 0.2085
0.7774, 0.2085
0.7774, 0.2085
0.7727, 0.2085
0.7727, 0.2085
0.7678, 0.2085
0.7678, 0.2085
0.7631, 0.2085
0.7631, 0.2085
0.7584, 0.2085
0.7584, 0.2085
0.7537, 0.2085
0.7537, 0.2085
0.7489, 0.2085
0.7489, 0.2085
0.7489, 0.2085
0.7489, 0.2085
0.7489, 0.2085
0.7489, 0.2085
0.7489, 0.2085
0.7489, 0.2085
0.7489, 0.2085
0.7489, 0.2085
0.7489, 0.2085
0.7489, 0.2085
0.7489, 0.2085
0.7489, 0.2085
0.7489, 0.2085
0.7489, 0.2085
0.7489, 0.2085
0.7489, 0.2085
0.7489, 0.2085
0.7489, 0.2085
0.7489, 0.2085
0.7489, 0.2085
0.7489, 0.2085
0.7489, 0.2085
0.7489, 0.2085
0.7489, 0.2085
0.7489, 0.2085
0.7489, 0.2085
0.7489, 0.2085
0.7489, 0.2085
0.7489, 0.2085
0.7489, 0.2085
0.7489, 0.2085
0.7489, 0.2085
0.7489, 0.2085
0.7489, 0.2085
0.7489, 0.2085
0.7489, 0.2085
0.7489, 0.2085
0.7489, 0.2085
0.7489, 0.2085
0.7489, 0.2085
0.7489, 0.2085
0.7489, 0.2085
0.7489, 0.2085
0.7489, 0.2085
0.7489, 0.2085
0.7489, 0.2085
0.7489, 0.2085
0.7489, 0.2085
0.7489, 0.2085
0.7489, 0.2085
0.7489, 0.2085
0.7489, 0.2085
0.7489, 0.2085
0.7489, 0.2085
0.7489, 0.2085
0.7489, 0.2085
0.7489, 0.2085
0.7489, 0.2085
0.7489, 0.2085
0.7489, 0.2085
0.7489, 0.2085
0.7489, 0.2085
0.7489, 0.2085
0.7489, 0.2085
0.7489, 0.2085
0.7489, 0.2085
0.7489, 0.2085
0.7489, 0.2085
0.7489, 0.2085
0.7489, 0.2085
0.7489, 0.2085
0.7489, 0.2085
0.7489, 0.2085
0.7489, 0.2085
0.7489, 0.2085
0.7489, 0.2085
0.7489, 0.2085
0.7489, 0.2085
0.7489, 0.2085
0.7489, 0.2085
0.7489, 0.2085
0.7489, 0.2085
0.7489, 0.2085
0.7489, 0.2085
0.7489, 0.2085
0.7489, 0.2085
0.7489, 0.2085
0.7489, 0.2085
0.7489, 0.2085
0.7489, 0.2085
0.7489, 0.2085
0.7489, 0.2085
0.7489, 0.2085
0.7489, 0.2085
0.7489, 0.2085
0.7489, 0.2085
0.7489, 0.2085
0.7489, 0.2085
0.7489, 0.2085
0.7489, 0.2085
0.7489, 0.2085
0.7489, 0.2085
0.7489, 0.2085
0.7489, 0.2085
0.7489, 0.2085
0.7489, 0.2085
0.7489, 0.2085
0.7489, 0.2085
0.7489, 0.2085
0.7489, 0.2085
0.7489, 0.2085
0.7489, 0.2085
0.7489, 0.2085
0.7489, 0.2085
0.7489, 0.2085
0.7489, 0.2085
0.7537, 0.2085
0.7537, 0.2085
0.7537, 0.2085
0.7537, 0.2085
0.7584, 0.2085
0.7584, 0.2085
0.7584, 0.2085
0.7584, 0.2085
0.7584, 0.2085
0.7584, 0.2085
0.7631, 0.2085
0.7631, 0.2085
0.7678, 0.2085
0.7678, 0.2085
0.7678, 0.2085
0.7678, 0.2085
0.7678, 0.2085
0.7678, 0.2085
0.7678, 0.2085
0.7727, 0.2085
0.7727, 0.2085
0.7774, 0.2085
0.7774, 0.2085
0.7821, 0.2085
0.7821, 0.2085
0.7821, 0.2085
0.7821, 0.2085
0.7869, 0.2085
0.7869, 0.2085
0.7916, 0.2085
0.7916, 0.2085
0.7916, 0.2085
0.7916, 0.2085
0.7963, 0.2085
0.7963, 0.2085
0.8011, 0.2085
0.8011, 0.2085
0.8058, 0.2085
0.8058, 0.2085
0.8058, 0.2085
0.8058, 0.2085
0.8105, 0.2085
0.8105, 0.2085
0.8105, 0.2085
0.8105, 0.2085
0.8154, 0.2085
0.8154, 0.2085
0.8154, 0.2085
0.8154, 0.2085
0.8154, 0.2085
0.8154, 0.2085
0.8154, 0.2056
0.8154, 0.2056
0.8201, 0.2056
0.8201, 0.2056
0.8248, 0.2056
0.8248, 0.2056
0.8248, 0.2056
0.8248, 0.2056
0.8295, 0.2056
0.8295, 0.2056
0.8295, 0.2056
0.8295, 0.2056
0.8343, 0.2056
0.8343, 0.2056
0.8343, 0.2056
0.8343, 0.2056
0.8390, 0.2056
0.8390, 0.2056
0.8390, 0.2056
0.8390, 0.2056
0.8437, 0.2056
0.8437, 0.2056
0.8485, 0.2056
0.8485, 0.2056
0.8485, 0.2056
0.8485, 0.2056
0.8532, 0.2056
0.8532, 0.2056
0.8579, 0.2056
0.8579, 0.2056
0.8579, 0.2056
0.8579, 0.2056
0.8628, 0.2056
0.8628, 0.2056
0.8628, 0.2056
0.8628, 0.2056
0.8628, 0.2028
0.8628, 0.2028
0.8675, 0.2028
0.8675, 0.2028
0.8722, 0.2028
0.8722, 0.2028
0.8722, 0.2028
0.8722, 0.2028
0.8722, 0.2028
0.8722, 0.2028
0.8770, 0.2000
0.8770, 0.2000
0.8817, 0.2000
0.8817, 0.2000
0.8864, 0.2000
0.8864, 0.2000
0.8864, 0.1972
0.8864, 0.1972
0.8864, 0.1972
0.8864, 0.1972
0.8912, 0.1972
0.8912, 0.1972
0.8959, 0.1972
0.8959, 0.1972
0.8959, 0.1972
0.8959, 0.1972
0.9006, 0.1944
0.9006, 0.1944
0.9054, 0.1944
0.9054, 0.1944
0.9054, 0.1944
0.9054, 0.1944
0.9102, 0.1915
0.9102, 0.1915
0.9102, 0.1915
0.9102, 0.1915
0.9102, 0.1915
0.9102, 0.1915
0.9149, 0.1915
0.9149, 0.1915
0.9196, 0.1915
0.9196, 0.1915
0.9196, 0.1887
0.9196, 0.1887
0.9196, 0.1887
0.9196, 0.1887
0.9244, 0.1859
0.9244, 0.1859
0.9244, 0.1859
0.9244, 0.1859
0.9244, 0.1859
0.9244, 0.1859
0.9291, 0.1859
0.9291, 0.1859
0.9291, 0.1859
0.9291, 0.1859
0.9291, 0.1831
0.9291, 0.1831
0.9291, 0.1831
0.9291, 0.1831
0.9338, 0.1831
0.9338, 0.1831
0.9338, 0.1831
0.9338, 0.1831
0.9338, 0.1831
0.9338, 0.1831
0.9338, 0.1831
0.9338, 0.1831
0.9386, 0.1803
0.9386, 0.1803
0.9386, 0.1803
0.9386, 0.1803
0.9433, 0.1775
0.9433, 0.1775
0.9433, 0.1775
0.9433, 0.1775
0.9433, 0.1775
0.9433, 0.1775
0.9480, 0.1746
0.9480, 0.1746
0.9480, 0.1746
0.9480, 0.1746
0.9480, 0.1718
0.9480, 0.1718
0.9529, 0.1718
0.9529, 0.1718
0.9529, 0.1690
0.9529, 0.1690
0.9576, 0.1690
0.9576, 0.1690
0.9576, 0.1690
0.9576, 0.1690
0.9576, 0.1690
0.9576, 0.1690
0.9576, 0.1690
0.9576, 0.1662
0.9623, 0.1662
0.9623, 0.1662
0.9670, 0.1634
0.9670, 0.1634
0.9670, 0.1634
0.9670, 0.1634
0.9670, 0.1634
0.9670, 0.1634
0.9670, 0.1606
0.9670, 0.1606
0.9670, 0.1577
0.9670, 0.1577
0.9718, 0.1549
0.9718, 0.1549
0.9718, 0.1549
0.9718, 0.1549
0.9765, 0.1549
0.9765, 0.1549
0.9765, 0.1521
0.9765, 0.1521
0.9765, 0.1521
0.9765, 0.1521
0.9812, 0.1493
0.9812, 0.1493
0.9812, 0.1493
0.9812, 0.1493
0.9812, 0.1493
0.9812, 0.1493
0.9812, 0.1493
0.9812, 0.1493
0.9812, 0.1493
0.9812, 0.1465
0.9812, 0.1465
0.9812, 0.1465
0.9812, 0.1465
0.9812, 0.1437
0.9812, 0.1437
0.9812, 0.1437
0.9812, 0.1437
0.9812, 0.1408
0.9812, 0.1408
0.9860, 0.1408
0.9860, 0.1408
0.9860, 0.1380
0.9860, 0.1352
0.9860, 0.1352
0.9860, 0.1352
0.9860, 0.1352
0.9860, 0.1352
0.9860, 0.1352
0.9860, 0.1324
0.9860, 0.1324
0.9860, 0.1324
0.9860, 0.1324
0.9860, 0.1296
0.9860, 0.1296
0.9907, 0.1296
0.9907, 0.1296
0.9907, 0.1268
0.9907, 0.1268
0.9907, 0.1268
0.9907, 0.1268
0.9907, 0.1239
0.9907, 0.1239
0.9907, 0.1211
0.9907, 0.1211
0.9907, 0.1211
0.9907, 0.1211
0.9907, 0.1211
0.9907, 0.1211
0.9907, 0.1183
0.9907, 0.1183
0.9907, 0.1155
0.9907, 0.1155
0.9907, 0.1155
0.9907, 0.1155
0.9907, 0.1155
0.9907, 0.1155
0.9907, 0.1127
0.9907, 0.1127
0.9907, 0.1127
0.9907, 0.1127
0.9907, 0.1099
0.9907, 0.1099
0.9907, 0.1099
0.9907, 0.1099
0.9907, 0.1070
0.9907, 0.1070
0.9907, 0.1070
0.9907, 0.1070
0.9907, 0.1070
0.9907, 0.1070
0.9907, 0.1070
0.9907, 0.1070
0.9907, 0.1042
0.9907, 0.1042
0.9907, 0.1042
0.9907, 0.1042
0.9907, 0.1014
0.9907, 0.1014
0.9907, 0.1014
0.9907, 0.1014
0.9907, 0.1014
0.9907, 0.1014
0.9907, 0.0986
0.9907, 0.0986
0.9907, 0.0958
0.9907, 0.0958
0.9907, 0.0958
0.9907, 0.0958
0.9907, 0.0930
0.9907, 0.0930
0.9907, 0.0930
0.9907, 0.0930
0.9907, 0.0930
0.9907, 0.0930
0.9907, 0.0930
0.9907, 0.0930
0.9907, 0.0901
0.9907, 0.0901
0.9907, 0.0873
0.9907, 0.0873
0.9907, 0.0873
0.9907, 0.0873
0.9907, 0.0873
0.9907, 0.0873
0.9907, 0.0845
0.9907, 0.0845
0.9907, 0.0845
0.9907, 0.0845
0.9907, 0.0817
0.9907, 0.0817
0.9907, 0.0817
0.9907, 0.0817
0.9860, 0.0817
0.9860, 0.0817
0.9860, 0.0789
0.9860, 0.0789
0.9860, 0.0789
0.9860, 0.0789
0.9860, 0.0789
0.9860, 0.0789
0.9860, 0.0789
0.9860, 0.0789
0.9860, 0.0761
0.9860, 0.0761
0.9860, 0.0761
0.9860, 0.0761
0.9860, 0.0732
0.9860, 0.0732
0.9860, 0.0732
0.9860, 0.0732
0.9812, 0.0732
0.9812, 0.0732
0.9812, 0.0704
0.9812, 0.0704
0.9812, 0.0704
0.9812, 0.0676
0.9812, 0.0676
0.9765, 0.0676
0.9765, 0.0676
0.9765, 0.0648
0.9765, 0.0648
0.9765, 0.0648
0.9765, 0.0648
0.9765, 0.0648
0.9765, 0.0648
0.9718, 0.0648
0.9718, 0.0648
0.9718, 0.0620
0.9718, 0.0620
0.9718, 0.0592
0.9718, 0.0592
0.9718, 0.0592
0.9718, 0.0592
0.9718, 0.0592
0.9718, 0.0592
0.9718, 0.0592
0.9718, 0.0592
0.9670, 0.0592
0.9670, 0.0563
0.9670, 0.0563
0.9670, 0.0563
0.9670, 0.0563
0.9623, 0.0535
0.9623, 0.0535
0.9623, 0.0535
0.9623, 0.0535
0.9623, 0.0535
0.9623, 0.0535
0.9623, 0.0535
0.9623, 0.0535
0.9623, 0.0535
0.9623, 0.0535
0.9623, 0.0507
0.9576, 0.0507
0.9576, 0.0507
0.9576, 0.0507
0.9576, 0.0507
0.9529, 0.0479
0.9529, 0.0479
0.9529, 0.0479
0.9529, 0.0479
0.9480, 0.0451
0.9480, 0.0451
0.9480, 0.0451
0.9480, 0.0451
0.9480, 0.0451
0.9480, 0.0451
0.9480, 0.0451
0.9480, 0.0451
0.9433, 0.0451
0.9433, 0.0423
0.9386, 0.0423
0.9386, 0.0423
0.9386, 0.0394
0.9291, 0.0394
0.9244, 0.0394
0.9244, 0.0394
0.9244, 0.0366
0.9244, 0.0366
0.9244, 0.0366
0.9244, 0.0366
0.9196, 0.0366
0.9196, 0.0366
0.9196, 0.0338
0.9196, 0.0338
0.9149, 0.0338
0.9149, 0.0338
0.9149, 0.0310
0.9149, 0.0310
0.9149, 0.0310
0.9149, 0.0310
0.9102, 0.0310
0.9102, 0.0310
0.9102, 0.0310
0.9102, 0.0310
0.9054, 0.0310
0.9054, 0.0310
0.9006, 0.0310
0.9006, 0.0310
0.9006, 0.0310
0.9006, 0.0310
0.9006, 0.0310
0.9006, 0.0310
0.9006, 0.0282
0.9006, 0.0282
0.8959, 0.0282
0.8959, 0.0282
0.8959, 0.0282
0.8912, 0.0282
0.8912, 0.0282
0.8912, 0.0254
0.8912, 0.0254
0.8864, 0.0254
0.8864, 0.0254
0.8864, 0.0254
0.8864, 0.0254
0.8817, 0.0254
0.8817, 0.0254
0.8770, 0.0254
0.8770, 0.0254
0.8770, 0.0254
0.8770, 0.0254
0.8770, 0.0225
0.8770, 0.0225
0.8722, 0.0225
0.8722, 0.0225
0.8722, 0.0225
0.8722, 0.0225
0.8675, 0.0197
0.8675, 0.0197
0.8675, 0.0197
0.8675, 0.0197
0.8675, 0.0197
0.8675, 0.0197
0.8628, 0.0197
0.8579, 0.0169
0.8579, 0.0169
0.8579, 0.0169
0.8579, 0.0169
0.8532, 0.0169
0.8532, 0.0169
0.8532, 0.0169
0.8532, 0.0169
0.8532, 0.0169
0.8532, 0.0169
0.8485, 0.0169
0.8485, 0.0169
0.8485, 0.0169
0.8485, 0.0169
0.8437, 0.0141
0.8437, 0.0141
0.8437, 0.0141
0.8437, 0.0141
0.8437, 0.0141
0.8437, 0.0141
0.8390, 0.0141
0.8390, 0.0141
0.8343, 0.0141
0.8343, 0.0113
0.8343, 0.0113
0.8295, 0.0113
0.8295, 0.0113
0.8248, 0.0113
0.8248, 0.0113
0.8201, 0.0113
0.8201, 0.0113
0.8201, 0.0113
0.8201, 0.0113
0.8154, 0.0113
0.8154, 0.0113
0.8105, 0.0113
0.8105, 0.0113
0.8105, 0.0113
0.8105, 0.0113
0.8058, 0.0113
0.8058, 0.0113
0.8058, 0.0113
0.8058, 0.0113
0.7963, 0.0113
0.7963, 0.0113
0.7963, 0.0113
0.7916, 0.0113
0.7916, 0.0113
0.7869, 0.0113
0.7869, 0.0113
0.7821, 0.0113
0.7821, 0.0113
0.7821, 0.0113
0.7821, 0.0113
0.7774, 0.0113
0.7774, 0.0113
0.7727, 0.0085
0.7727, 0.0085
0.7678, 0.0085
0.7631, 0.0085
0.7631, 0.0085
0.7584, 0.0085
0.7584, 0.0085
0.7584, 0.0085
0.7584, 0.0085
0.7537, 0.0085
0.7537, 0.0085
0.7442, 0.0085
0.7442, 0.0085
0.7442, 0.0085
0.7395, 0.0085
0.7395, 0.0085
0.7347, 0.0085
0.7347, 0.0085
0.7300, 0.0085
0.7300, 0.0085
0.7253, 0.0085
0.7253, 0.0085
0.7204, 0.0056
0.7204, 0.0056
0.7204, 0.0056
0.7157, 0.0056
0.7157, 0.0056
0.7062, 0.0056
0.7062, 0.0056
0.7062, 0.0056
0.7062, 0.0056
0.7015, 0.0056
0.7015, 0.0056
0.6968, 0.0028
0.6968, 0.0028
0.6968, 0.0028
0.6968, 0.0028
0.6921, 0.0028
0.6921, 0.0028
0.6826, 0.0028
0.6826, 0.0028
0.6826, 0.0028
0.6778, 0.0028
0.6778, 0.0028
0.6730, 0.0028
0.6730, 0.0028
0.6683, 0.0028
0.6683, 0.0028
0.6636, 0.0028
0.6636, 0.0028
0.6636, 0.0028
0.6636, 0.0028
0.6588, 0.0028
0.6588, 0.0028
0.6588, 0.0028
0.6588, 0.0028
0.6541, 0.0028
0.6541, 0.0028
0.6541, 0.0028
0.6541, 0.0028
0.6494, 0.0028
0.6446, 0.0028
0.6446, 0.0028
0.6446, 0.0028
0.6446, 0.0028
0.6446, 0.0028
0.6446, 0.0028
0.6446, 0.0028
0.6446, 0.0028
0.6446, 0.0028
0.6446, 0.0028
0.6446, 0.0028
0.6446, 0.0028
0.6446, 0.0028
0.6446, 0.0028
0.6446, 0.0028
0.6446, 0.0028
0.6446, 0.0028
0.6446, 0.0028
0.6446, 0.0028
0.6446, 0.0028
0.6446, 0.0028
0.6446, 0.0028
0.6446, 0.0028
0.6446, 0.0028
0.6446, 0.0028
0.6446, 0.0028
0.6446, 0.0028
0.6446, 0.0028
0.6446, 0.0028
0.6446, 0.0028
0.6446, 0.0028
0.6446, 0.0028
0.6446, 0.0028
0.6446, 0.0028
0.6446, 0.0028
0.6446, 0.0028
0.6446, 0.0028
0.6446, 0.0028
0.6446, 0.0028
0.6446, 0.0028
0.6446, 0.0028
0.6446, 0.0028
0.6446, 0.0028
0.6446, 0.0028
0.6446, 0.0028
0.6446, 0.0028
0.6446, 0.0028
0.6446, 0.0028
0.6446, 0.0028
0.6446, 0.0028
0.6446, 0.0028
0.6446, 0.0028
0.6446, 0.0028
0.6446, 0.0028
0.6446, 0.0028
0.6446, 0.0028
0.6446, 0.0028
0.6446, 0.0028
0.6446, 0.0028
0.6446, 0.0028
0.6446, 0.0028
0.6446, 0.0028
0.6446, 0.0028
0.6446, 0.0028
0.6446, 0.0028
0.6446, 0.0028
0.6446, 0.0028
0.6446, 0.0028
0.6446, 0.0028
0.6446, 0.0028
0.6446, 0.0028
0.6446, 0.0028
0.6446, 0.0028
0.6446, 0.0028
0.6446, 0.0028
0.6446, 0.0028
0.6446, 0.0028
0.6446, 0.0028
0.6446, 0.0028
0.6446, 0.0028
0.6446, 0.0028
0.6446, 0.0028
0.6446, 0.0028
0.6446, 0.0028
0.6446, 0.0028
0.6446, 0.0028
0.6446, 0.0028
0.6446, 0.0028
0.6446, 0.0028
0.6446, 0.0028
0.6446, 0.0028
0.6446, 0.0028
0.6446, 0.0028
0.6446, 0.0028
0.6446, 0.0028
0.6446, 0.0028
0.6446, 0.0028
0.6446, 0.0028
0.6446, 0.0028
0.6446, 0.0028
0.6446, 0.0028
0.6446, 0.0028
0.6446, 0.0028
0.6446, 0.0028
0.6446, 0.0028
