0.0081, 0.9024
0.0163, 0.9024
0.0407, 0.9024
0.0976, 0.9024
0.1545, 0.9024
0.1951, 0.9024
0.2276, 0.9024
0.2521, 0.9024
0.2683, 0.9024
0.3008, 0.9024
0.3171, 0.9106
0.3252, 0.9106
0.3496, 0.9106
0.3577, 0.9106
0.3577, 0.8943
0.3659, 0.8618
0.3659, 0.8455
0.3740, 0.8130
0.3740, 0.7967
0.3740, 0.7724
0.3740, 0.7480
0.3740, 0.7317
0.3740, 0.6992
0.3821, 0.6667
0.3821, 0.6341
0.3903, 0.6016
0.3903, 0.5691
0.3903, 0.5285
0.3984, 0.4959
0.3984, 0.4634
0.4146, 0.4309
0.4228, 0.3821
0.4228, 0.3577
0.4228, 0.3171
0.4309, 0.2927
0.4390, 0.2602
0.4390, 0.2358
0.4390, 0.2032
0.4390, 0.1870
0.4472, 0.1707
0.4472, 0.1382
0.4472, 0.1220
0.4472, 0.1057
0.4472, 0.0976
0.4472, 0.0732
0.4553, 0.0569
0.4553, 0.0407
0.4553, 0.0325
0.4553, 0.0244
0.4553, 0.0081
0.4553, 0.0000
0.4553, 0.0163
0.4472, 0.0488
0.4472, 0.0894
0.4390, 0.1220
0.4390, 0.1626
0.4309, 0.1951
0.4309, 0.2439
0.4309, 0.2845
0.4309, 0.3171
0.4309, 0.3577
0.4309, 0.3821
0.4390, 0.4065
0.4472, 0.4472
0.4553, 0.4715
0.4797, 0.5041
0.4878, 0.5285
0.4959, 0.5691
0.5122, 0.5935
0.5122, 0.6260
0.5285, 0.6504
0.5366, 0.6910
0.5528, 0.7154
0.5610, 0.7561
0.5610, 0.7724
0.5691, 0.7967
0.5773, 0.8211
0.5854, 0.8374
0.5935, 0.8455
0.5935, 0.8618
0.6179, 0.8862
0.6260, 0.8943
0.6341, 0.9024
0.6423, 0.9106
0.6586, 0.9268
0.6829, 0.9349
0.6992, 0.9431
0.7155, 0.9675
0.7317, 0.9756
0.7561, 0.9837
0.7642, 0.9919
0.7724, 0.9919
0.7805, 1.0000
0.7886, 1.0000
0.7968, 1.0000
0.8049, 1.0000
0.8211, 1.0000
0.8293, 1.0000
0.8374, 1.0000
0.8455, 0.9837
0.8618, 0.9756
0.8699, 0.9512
0.8862, 0.9431
0.9024, 0.9268
0.9106, 0.9106
0.9187, 0.9024
0.9187, 0.8780
0.9268, 0.8699
0.9268, 0.8618
0.9350, 0.8455
0.9350, 0.8293
0.9350, 0.8130
0.9350, 0.7967
0.9350, 0.7805
0.9350, 0.7724
0.9350, 0.7642
0.9268, 0.7398
0.9106, 0.7317
0.8943, 0.7236
0.8699, 0.7073
0.8455, 0.6992
0.8293, 0.6829
0.7968, 0.6748
0.7805, 0.6748
0.7642, 0.6667
0.7480, 0.6667
0.7398, 0.6667
0.7317, 0.6667
0.7236, 0.6667
0.7155, 0.6667
0.7073, 0.6667
0.7073, 0.6585
0.6992, 0.6585
0.6911, 0.6585
0.7073, 0.6585
0.7236, 0.6504
0.7561, 0.6504
0.7724, 0.6504
0.7886, 0.6504
0.7968, 0.6423
0.8049, 0.6423
0.8293, 0.6341
0.8455, 0.6341
0.8618, 0.6260
0.8862, 0.6097
0.8943, 0.6097
0.9106, 0.6016
0.9268, 0.5935
0.9350, 0.5935
0.9512, 0.5854
0.9512, 0.5772
0.9593, 0.5772
0.9675, 0.5691
0.9675, 0.5610
0.9756, 0.5610
0.9838, 0.5366
0.9838, 0.5285
0.9919, 0.5203
0.9919, 0.5122
0.9919, 0.5041
0.9919, 0.4797
0.9919, 0.4715
0.9838, 0.4472
0.9756, 0.4309
0.9593, 0.4065
0.9350, 0.3902
0.9187, 0.3740
0.9024, 0.3577
0.8943, 0.3333
0.8699, 0.3171
0.8618, 0.3090
0.8537, 0.2927
0.8455, 0.2764
0.8374, 0.2764
0.8293, 0.2683
0.8293, 0.2602
0.8130, 0.2602
0.8049, 0.2602
0.8049, 0.2520
0.7968, 0.2520
0.7968, 0.2439
0.7886, 0.2439
0.7805, 0.2439
0.7805, 0.2358
0.7724, 0.2358
0.7642, 0.2358
0.7480, 0.2358
