0.0000, 0.8023
0.0058, 0.8023
0.0174, 0.8023
0.0349, 0.8023
0.0523, 0.8023
0.0814, 0.7965
0.1105, 0.7907
0.1453, 0.7849
0.1860, 0.7791
0.2267, 0.7791
0.2558, 0.7733
0.2849, 0.7674
0.3140, 0.7674
0.3372, 0.7616
0.3663, 0.7500
0.3779, 0.7500
0.3837, 0.7500
0.3895, 0.7500
0.4012, 0.7384
0.4070, 0.7268
0.4070, 0.7151
0.4128, 0.6977
0.4128, 0.6802
0.4128, 0.6628
0.4128, 0.6337
0.4128, 0.5930
0.4128, 0.5581
0.4128, 0.5175
0.4128, 0.4593
0.4128, 0.4128
0.4128, 0.3605
0.4070, 0.3256
0.4070, 0.2907
0.4070, 0.2674
0.4070, 0.2500
0.4070, 0.2209
0.4070, 0.2093
0.4070, 0.1977
0.4070, 0.1860
0.4070, 0.1686
0.4070, 0.1628
0.4070, 0.1570
0.4070, 0.1512
0.4070, 0.1454
0.4070, 0.1395
0.4070, 0.1512
0.3953, 0.1686
0.3953, 0.1919
0.3895, 0.2151
0.3895, 0.2500
0.3895, 0.2791
0.3895, 0.3082
0.3895, 0.3430
0.3895, 0.3779
0.4012, 0.4012
0.4070, 0.4302
0.4128, 0.4477
0.4186, 0.4767
0.4302, 0.4942
0.4360, 0.5175
0.4477, 0.5349
0.4593, 0.5523
0.4651, 0.5756
0.4767, 0.5930
0.4825, 0.6163
0.5000, 0.6337
0.5116, 0.6628
0.5233, 0.6802
0.5291, 0.6919
0.5465, 0.7151
0.5523, 0.7268
0.5639, 0.7384
0.5698, 0.7558
0.5756, 0.7616
0.5930, 0.7733
0.6047, 0.7849
0.6163, 0.7907
0.6279, 0.8081
0.6453, 0.8140
0.6570, 0.8198
0.6686, 0.8314
0.6918, 0.8314
0.7035, 0.8372
0.7209, 0.8488
0.7442, 0.8488
0.7558, 0.8547
0.7674, 0.8547
0.7849, 0.8605
0.7965, 0.8605
0.8023, 0.8605
0.8081, 0.8605
0.8198, 0.8605
0.8314, 0.8605
0.8372, 0.8605
0.8488, 0.8605
0.8546, 0.8605
0.8605, 0.8605
0.8779, 0.8605
0.8895, 0.8547
0.9011, 0.8430
0.9070, 0.8372
0.9128, 0.8314
0.9302, 0.8256
0.9302, 0.8140
0.9360, 0.8081
0.9419, 0.7907
0.9419, 0.7791
0.9419, 0.7674
0.9419, 0.7500
0.9419, 0.7384
0.9360, 0.7326
0.9244, 0.7209
0.9186, 0.7151
0.9128, 0.7093
0.9011, 0.6919
0.8895, 0.6860
0.8721, 0.6802
0.8605, 0.6744
0.8430, 0.6686
0.8256, 0.6628
0.8023, 0.6512
0.7907, 0.6454
0.7732, 0.6395
0.7616, 0.6337
0.7558, 0.6337
0.7500, 0.6279
0.7442, 0.6279
0.7384, 0.6279
0.7267, 0.6279
0.7209, 0.6279
0.7151, 0.6221
0.7093, 0.6221
0.7093, 0.6163
0.7151, 0.6163
0.7384, 0.6047
0.7558, 0.5988
0.7732, 0.5988
0.7965, 0.5930
0.8081, 0.5930
0.8314, 0.5930
0.8430, 0.5872
0.8546, 0.5872
0.8779, 0.5814
0.8953, 0.5814
0.9186, 0.5756
0.9360, 0.5698
0.9535, 0.5581
0.9651, 0.5581
0.9825, 0.5465
0.9884, 0.5465
0.9942, 0.5407
0.9942, 0.5349
1.0000, 0.5291
1.0000, 0.5175
1.0000, 0.5058
1.0000, 0.5000
1.0000, 0.4942
1.0000, 0.4826
1.0000, 0.4767
0.9942, 0.4593
0.9825, 0.4477
0.9651, 0.4361
0.9477, 0.4244
0.9360, 0.4070
0.9128, 0.3953
0.8953, 0.3895
0.8837, 0.3779
0.8663, 0.3663
0.8546, 0.3605
0.8430, 0.3547
0.8198, 0.3430
0.8081, 0.3430
0.7791, 0.3372
0.7674, 0.3256
0.7558, 0.3256
0.7442, 0.3140
0.7384, 0.3140
0.7267, 0.3082
0.7209, 0.3082
0.7151, 0.3082
0.7093, 0.3082
0.7035, 0.3082
0.6977, 0.3082
