0.0420, 0.7622
0.0559, 0.7622
0.0769, 0.7622
0.1119, 0.7622
0.1468, 0.7622
0.1818, 0.7622
0.2028, 0.7622
0.2308, 0.7622
0.2517, 0.7622
0.2797, 0.7622
0.2937, 0.7622
0.3077, 0.7622
0.3217, 0.7622
0.3427, 0.7622
0.3567, 0.7622
0.3706, 0.7622
0.3776, 0.7622
0.3986, 0.7622
0.4056, 0.7622
0.4126, 0.7483
0.4196, 0.7343
0.4196, 0.7133
0.4266, 0.6853
0.4336, 0.6573
0.4476, 0.6294
0.4476, 0.5944
0.4476, 0.5594
0.4476, 0.5245
0.4476, 0.4965
0.4476, 0.4545
0.4476, 0.4196
0.4406, 0.3776
0.4406, 0.3287
0.4336, 0.2937
0.4266, 0.2517
0.4196, 0.2098
0.4196, 0.1818
0.4196, 0.1608
0.4126, 0.1259
0.4126, 0.1119
0.4126, 0.0979
0.4126, 0.0839
0.4126, 0.0629
0.4126, 0.0559
0.4126, 0.0489
0.4126, 0.0350
0.4126, 0.0280
0.4126, 0.0210
0.4126, 0.0070
0.4126, 0.0000
0.4126, 0.0140
0.4126, 0.0350
0.4056, 0.0769
0.4056, 0.1119
0.4056, 0.1608
0.3986, 0.2168
0.3986, 0.2797
0.3986, 0.3357
0.3986, 0.3916
0.4056, 0.4406
0.4056, 0.4895
0.4196, 0.5385
0.4266, 0.5874
0.4476, 0.6224
0.4545, 0.6643
0.4685, 0.7063
0.4825, 0.7343
0.4965, 0.7762
0.5175, 0.8112
0.5315, 0.8392
0.5524, 0.8741
0.5734, 0.8951
0.5874, 0.9301
0.5944, 0.9441
0.6014, 0.9580
0.6224, 0.9650
0.6294, 0.9860
0.6364, 0.9860
0.6503, 0.9930
0.6643, 1.0000
0.6923, 1.0000
0.7063, 1.0000
0.7273, 1.0000
0.7483, 1.0000
0.7622, 1.0000
0.7762, 1.0000
0.7972, 1.0000
0.8112, 0.9790
0.8322, 0.9720
0.8532, 0.9580
0.8741, 0.9441
0.8881, 0.9301
0.9161, 0.9091
0.9301, 0.8881
0.9371, 0.8741
0.9441, 0.8462
0.9511, 0.8252
0.9580, 0.7972
0.9580, 0.7762
0.9580, 0.7622
0.9511, 0.7343
0.9371, 0.7133
0.9231, 0.7063
0.9021, 0.6853
0.8811, 0.6783
0.8671, 0.6713
0.8462, 0.6643
0.8322, 0.6643
0.8182, 0.6643
0.8042, 0.6573
0.7832, 0.6573
0.7762, 0.6573
0.7692, 0.6573
0.7552, 0.6573
0.7483, 0.6573
0.7483, 0.6503
0.7483, 0.6433
0.7483, 0.6294
0.7622, 0.6154
0.7832, 0.6084
0.8112, 0.6014
0.8322, 0.5944
0.8532, 0.5874
0.8671, 0.5664
0.8811, 0.5594
0.8951, 0.5524
0.9021, 0.5454
0.9161, 0.5385
0.9301, 0.5105
0.9371, 0.5035
0.9441, 0.4895
0.9511, 0.4825
0.9511, 0.4685
0.9511, 0.4475
0.9511, 0.4336
0.9511, 0.4126
0.9371, 0.3916
0.9301, 0.3776
0.9091, 0.3636
0.8951, 0.3357
0.8811, 0.3217
0.8671, 0.3077
0.8462, 0.3007
0.8322, 0.2797
0.8182, 0.2727
0.7902, 0.2587
0.7762, 0.2448
0.7552, 0.2378
0.7343, 0.2238
0.7203, 0.2168
0.7063, 0.2098
0.6923, 0.2098
0.6853, 0.2098
0.6643, 0.2028
0.6573, 0.2028
0.6503, 0.2028
0.6503, 0.1958
0.6433, 0.1958
