0.1287, 0.0029
0.1287, 0.0088
0.1287, 0.0205
0.1345, 0.0439
0.1404, 0.0614
0.1520, 0.0906
0.1520, 0.1140
0.1579, 0.1433
0.1637, 0.1667
0.1755, 0.2017
0.1813, 0.2310
0.1930, 0.2544
0.2105, 0.2895
0.2222, 0.3129
0.2281, 0.3421
0.2398, 0.3596
0.2573, 0.3889
0.2690, 0.4064
0.2865, 0.4357
0.3041, 0.4591
0.3158, 0.4825
0.3333, 0.5059
0.3567, 0.5351
0.3801, 0.5702
0.4094, 0.5936
0.4328, 0.6287
0.4620, 0.6520
0.4971, 0.6871
0.5205, 0.7164
0.5497, 0.7398
0.5789, 0.7632
0.6140, 0.7865
0.6491, 0.8099
0.6842, 0.8275
0.7135, 0.8450
0.7485, 0.8684
0.7836, 0.8860
0.8129, 0.9035
0.8480, 0.9211
0.8772, 0.9327
0.8947, 0.9386
0.9123, 0.9561
0.9357, 0.9620
0.9474, 0.9737
0.9591, 0.9737
0.9766, 0.9854
0.9825, 0.9854
0.9883, 0.9854
0.9941, 0.9971
1.0000, 0.9971

0.2690, 0.5819
0.2632, 0.5760
0.2632, 0.5702
0.2573, 0.5585
0.2456, 0.5526
0.2456, 0.5468
0.2398, 0.5409
0.2339, 0.5351
0.2281, 0.5292
0.2222, 0.5234
0.2164, 0.5117
0.2105, 0.5059
0.1988, 0.5059
0.1930, 0.5059
0.1871, 0.5000
0.1813, 0.4941
0.1696, 0.4941
0.1637, 0.4941
0.1462, 0.4883
0.1404, 0.4883
0.1287, 0.4883
0.1170, 0.4883
0.1111, 0.4883
0.0994, 0.4883
0.0877, 0.4883
0.0819, 0.4883
0.0760, 0.4883
0.0702, 0.4941
0.0643, 0.5000
0.0526, 0.5059
0.0468, 0.5059
0.0409, 0.5175
0.0351, 0.5234
0.0292, 0.5292
0.0234, 0.5292
0.0234, 0.5351
0.0176, 0.5351
0.0059, 0.5409
0.0000, 0.5409
