1.0000, 0.9005
0.9948, 0.9005
0.9738, 0.9005
0.9633, 0.9005
0.9319, 0.9005
0.9162, 0.9005
0.8848, 0.9005
0.8534, 0.8953
0.8272, 0.8901
0.7958, 0.8796
0.7592, 0.8639
0.7277, 0.8586
0.6859, 0.8482
0.6387, 0.8272
0.5969, 0.8168
0.5550, 0.8063
0.5183, 0.7853
0.4974, 0.7749
0.4607, 0.7592
0.4241, 0.7277
0.3927, 0.7016
0.3613, 0.6754
0.3403, 0.6387
0.3089, 0.6021
0.2880, 0.5654
0.2618, 0.5288
0.2461, 0.4869
0.2251, 0.4555
0.2094, 0.4189
0.1885, 0.3770
0.1780, 0.3403
0.1623, 0.3089
0.1414, 0.2827
0.1257, 0.2513
0.1099, 0.2199
0.0890, 0.1885
0.0785, 0.1675
0.0576, 0.1518
0.0471, 0.1309
0.0419, 0.1257
0.0367, 0.1152
0.0314, 0.1100
0.0262, 0.0995

0.2984, 0.6754
0.2932, 0.6597
0.2723, 0.6440
0.2618, 0.6335
0.2565, 0.6283
0.2461, 0.6126
0.2304, 0.6073
0.2251, 0.6021
0.2147, 0.5969
0.2094, 0.5916
0.2042, 0.5916
0.1885, 0.5864
0.1780, 0.5759
0.1728, 0.5759
0.1675, 0.5759
0.1623, 0.5707
0.1571, 0.5707
0.1466, 0.5707
0.1414, 0.5654
0.1361, 0.5654
0.1309, 0.5654
0.1257, 0.5654
0.1204, 0.5654
0.1152, 0.5602
0.1099, 0.5602
0.0995, 0.5602
0.0942, 0.5602
0.0890, 0.5602
0.0838, 0.5602
0.0785, 0.5602
0.0733, 0.5602
0.0681, 0.5654
0.0576, 0.5654
0.0524, 0.5812
0.0419, 0.5812
0.0367, 0.5864
0.0314, 0.5916
0.0262, 0.5916
0.0157, 0.5916
0.0157, 0.5969
0.0105, 0.5969
0.0105, 0.6021
0.0052, 0.6021
0.0000, 0.6073
