0.1788, 0.0033
0.1788, 0.0232
0.1854, 0.0430
0.1987, 0.0629
0.2185, 0.0894
0.2252, 0.1093
0.2384, 0.1424
0.2516, 0.1622
0.2715, 0.1954
0.2848, 0.2218
0.3046, 0.2616
0.3311, 0.3013
0.3444, 0.3344
0.3775, 0.3742
0.3907, 0.4205
0.4172, 0.4669
0.4503, 0.5066
0.4834, 0.5530
0.4967, 0.5861
0.5364, 0.6325
0.5629, 0.6788
0.5960, 0.7186
0.6225, 0.7384
0.6556, 0.7782
0.6821, 0.8046
0.7086, 0.8311
0.7351, 0.8510
0.7616, 0.8709
0.7881, 0.8974
0.8146, 0.9106
0.8344, 0.9239
0.8543, 0.9437
0.8874, 0.9503
0.9007, 0.9636
0.9272, 0.9702
0.9404, 0.9768
0.9537, 0.9901
0.9735, 0.9901
0.9801, 0.9901
0.9868, 0.9967
0.9934, 0.9967
1.0000, 0.9967

0.3841, 0.4404
0.3709, 0.4404
0.3642, 0.4338
0.3576, 0.4338
0.3444, 0.4338
0.3311, 0.4271
0.3112, 0.4271
0.2914, 0.4271
0.2715, 0.4271
0.2384, 0.4205
0.2185, 0.4205
0.1920, 0.4205
0.1656, 0.4205
0.1457, 0.4205
0.1192, 0.4205
0.1060, 0.4205
0.0795, 0.4205
0.0662, 0.4271
0.0530, 0.4271
0.0331, 0.4338
0.0199, 0.4338
0.0132, 0.4338
0.0066, 0.4338
0.0000, 0.4338
