0.1352, 0.0000
0.1352, 0.0126
0.1352, 0.0252
0.1352, 0.0377
0.1352, 0.0503
0.1352, 0.0755
0.1415, 0.0881
0.1478, 0.1195
0.1478, 0.1321
0.1541, 0.1635
0.1667, 0.1824
0.1730, 0.2201
0.1730, 0.2390
0.1855, 0.2767
0.1918, 0.2956
0.1981, 0.3333
0.2170, 0.3648
0.2296, 0.3900
0.2358, 0.4214
0.2484, 0.4466
0.2673, 0.4780
0.2799, 0.5094
0.2924, 0.5346
0.3176, 0.5723
0.3365, 0.5975
0.3553, 0.6289
0.3805, 0.6541
0.4056, 0.6855
0.4308, 0.7044
0.4560, 0.7358
0.4811, 0.7547
0.5063, 0.7862
0.5377, 0.8113
0.5566, 0.8365
0.5943, 0.8553
0.6132, 0.8742
0.6446, 0.8994
0.6698, 0.9182
0.7075, 0.9371
0.7390, 0.9560
0.7641, 0.9623
0.7893, 0.9748
0.8145, 0.9874
0.8396, 0.9937
0.8585, 1.0000
0.8648, 1.0000
0.8774, 1.0000
0.8962, 1.0000
0.9025, 1.0000
0.9088, 1.0000

0.3302, 0.7044
0.3239, 0.7044
0.3113, 0.6981
0.3050, 0.6918
0.2924, 0.6792
0.2736, 0.6667
0.2673, 0.6667
0.2547, 0.6541
0.2484, 0.6478
0.2296, 0.6415
0.2170, 0.6226
0.2107, 0.6164
0.2044, 0.6101
0.1918, 0.6038
0.1855, 0.5975
0.1730, 0.5912
0.1667, 0.5912
0.1604, 0.5849
0.1541, 0.5723
0.1478, 0.5723
0.1478, 0.5660
0.1415, 0.5660
0.1352, 0.5598
0.1226, 0.5598
0.1164, 0.5598
0.1101, 0.5598
0.1038, 0.5660
0.0975, 0.5786
0.0912, 0.5786
