0.3017, 0.0000
0.2961, 0.0223
0.2905, 0.0447
0.2905, 0.0615
0.2905, 0.0838
0.2905, 0.1062
0.2905, 0.1341
0.2905, 0.1508
0.2905, 0.1788
0.2961, 0.2123
0.3073, 0.2514
0.3184, 0.2793
0.3352, 0.3129
0.3464, 0.3352
0.3631, 0.3631
0.3743, 0.3855
0.3911, 0.4190
0.4134, 0.4525
0.4302, 0.4749
0.4469, 0.5140
0.4749, 0.5475
0.4916, 0.5698
0.5140, 0.6034
0.5307, 0.6369
0.5642, 0.6704
0.5810, 0.7039
0.6145, 0.7318
0.6313, 0.7654
0.6648, 0.7989
0.6927, 0.8268
0.7095, 0.8548
0.7374, 0.8771
0.7654, 0.9050
0.7989, 0.9162
0.8324, 0.9386
0.8547, 0.9553
0.8827, 0.9721
0.8994, 0.9777
0.9218, 0.9832
0.9274, 0.9944
0.9385, 1.0000
0.9441, 1.0000

0.4134, 0.4190
0.4022, 0.4190
0.3911, 0.4134
0.3687, 0.4134
0.3352, 0.4078
0.3017, 0.4078
0.2626, 0.4078
0.2402, 0.4078
0.2123, 0.4078
0.2011, 0.4078
0.1899, 0.4078
0.1844, 0.4078
0.1732, 0.4078
0.1676, 0.4078
0.1620, 0.4078
0.1564, 0.4078
0.1452, 0.4134
0.1285, 0.4246
0.1229, 0.4414
0.1117, 0.4525
0.1061, 0.4581
0.0950, 0.4693
0.0894, 0.4860
0.0782, 0.4916
0.0782, 0.5028
0.0726, 0.5084
0.0670, 0.5140
0.0615, 0.5195
0.0615, 0.5363
0.0559, 0.5363
0.0559, 0.5419
0.0559, 0.5475
