0.2395, 0.0000
0.2395, 0.0060
0.2395, 0.0239
0.2395, 0.0479
0.2395, 0.0599
0.2455, 0.0898
0.2515, 0.1078
0.2635, 0.1258
0.2754, 0.1497
0.2814, 0.1677
0.2934, 0.1976
0.3114, 0.2216
0.3233, 0.2455
0.3353, 0.2814
0.3593, 0.3114
0.3713, 0.3413
0.3832, 0.3713
0.3952, 0.4012
0.4132, 0.4371
0.4311, 0.4611
0.4431, 0.4970
0.4611, 0.5210
0.4731, 0.5449
0.4850, 0.5689
0.5030, 0.5928
0.5210, 0.6108
0.5329, 0.6407
0.5569, 0.6707
0.5689, 0.6946
0.5928, 0.7245
0.6168, 0.7485
0.6347, 0.7784
0.6647, 0.7964
0.6766, 0.8204
0.7066, 0.8443
0.7246, 0.8743
0.7545, 0.8862
0.7725, 0.9042
0.7904, 0.9282
0.8204, 0.9401
0.8383, 0.9521
0.8683, 0.9761
0.8862, 0.9820
0.9102, 0.9880
0.9221, 0.9940
0.9221, 1.0000
0.9221, 0.9940

0.4850, 0.4551
0.4790, 0.4491
0.4611, 0.4491
0.4491, 0.4491
0.4311, 0.4431
0.4072, 0.4431
0.3772, 0.4371
0.3473, 0.4311
0.3233, 0.4311
0.2934, 0.4192
0.2754, 0.4192
0.2515, 0.4192
0.2395, 0.4132
0.2275, 0.4132
0.2216, 0.4132
0.2096, 0.4132
0.2036, 0.4132
0.1976, 0.4132
0.1856, 0.4132
0.1796, 0.4311
0.1617, 0.4371
0.1557, 0.4431
0.1437, 0.4551
0.1317, 0.4671
0.1317, 0.4791
0.1138, 0.4910
0.1078, 0.4970
0.1018, 0.5090
0.0958, 0.5270
0.0898, 0.5329
0.0838, 0.5449
0.0838, 0.5509
0.0779, 0.5569
0.0779, 0.5629
