0.2221, 0.0000
0.2221, 0.0000
0.2221, 0.0000
0.2221, 0.0000
0.2221, 0.0000
0.2221, 0.0000
0.2221, 0.0000
0.2221, 0.0000
0.2221, 0.0000
0.2221, 0.0000
0.2221, 0.0000
0.2221, 0.0000
0.2221, 0.0000
0.2221, 0.0000
0.2221, 0.0000
0.2221, 0.0000
0.2221, 0.0000
0.2221, 0.0000
0.2221, 0.0000
0.2221, 0.0000
0.2221, 0.0000
0.2221, 0.0000
0.2221, 0.0000
0.2221, 0.0000
0.2221, 0.0000
0.2221, 0.0000
0.2221, 0.0000
0.2221, 0.0000
0.2221, 0.0000
0.2221, 0.0000
0.2221, 0.0000
0.2221, 0.0000
0.2221, 0.0000
0.2221, 0.0000
0.2221, 0.0000
0.2221, 0.0000
0.2221, 0.0000
0.2221, 0.0000
0.2221, 0.0000
0.2221, 0.0000
0.2221, 0.0000
0.2221, 0.0000
0.2221, 0.0000
0.2221, 0.0000
0.2221, 0.0000
0.2221, 0.0000
0.2221, 0.0000
0.2221, 0.0000
0.2221, 0.0000
0.2221, 0.0000
0.2221, 0.0025
0.2221, 0.0025
0.2221, 0.0025
0.2221, 0.0025
0.2221, 0.0051
0.2221, 0.0051
0.2221, 0.0051
0.2221, 0.0051
0.2221, 0.0051
0.2221, 0.0051
0.2221, 0.0051
0.2221, 0.0051
0.2221, 0.0051
0.2221, 0.0076
0.2221, 0.0076
0.2221, 0.0076
0.2221, 0.0076
0.2221, 0.0126
0.2221, 0.0126
0.2221, 0.0126
0.2221, 0.0126
0.2221, 0.0126
0.2221, 0.0126
0.2221, 0.0126
0.2221, 0.0126
0.2221, 0.0126
0.2221, 0.0126
0.2221, 0.0126
0.2221, 0.0126
0.2221, 0.0126
0.2221, 0.0126
0.2221, 0.0152
0.2221, 0.0152
0.2221, 0.0152
0.2221, 0.0152
0.2221, 0.0177
0.2221, 0.0177
0.2221, 0.0177
0.2221, 0.0177
0.2263, 0.0177
0.2263, 0.0177
0.2263, 0.0177
0.2263, 0.0177
0.2263, 0.0177
0.2263, 0.0202
0.2263, 0.0202
0.2263, 0.0202
0.2263, 0.0202
0.2305, 0.0202
0.2305, 0.0202
0.2305, 0.0202
0.2305, 0.0202
0.2305, 0.0227
0.2305, 0.0227
0.2305, 0.0227
0.2305, 0.0227
0.2305, 0.0253
0.2305, 0.0253
0.2305, 0.0253
0.2305, 0.0253
0.2305, 0.0253
0.2305, 0.0253
0.2305, 0.0253
0.2305, 0.0253
0.2305, 0.0253
0.2305, 0.0278
0.2305, 0.0278
0.2305, 0.0278
0.2305, 0.0278
0.2305, 0.0278
0.2305, 0.0278
0.2305, 0.0278
0.2305, 0.0278
0.2347, 0.0303
0.2347, 0.0303
0.2347, 0.0303
0.2347, 0.0303
0.2347, 0.0303
0.2347, 0.0303
0.2347, 0.0303
0.2347, 0.0303
0.2347, 0.0303
0.2347, 0.0328
0.2347, 0.0328
0.2347, 0.0328
0.2347, 0.0328
0.2389, 0.0354
0.2389, 0.0354
0.2389, 0.0354
0.2389, 0.0354
0.2389, 0.0379
0.2389, 0.0379
0.2389, 0.0379
0.2389, 0.0379
0.2389, 0.0379
0.2389, 0.0379
0.2389, 0.0379
0.2389, 0.0379
0.2389, 0.0379
0.2389, 0.0379
0.2389, 0.0379
0.2389, 0.0379
0.2389, 0.0379
0.2389, 0.0404
0.2389, 0.0404
0.2389, 0.0404
0.2389, 0.0404
0.2389, 0.0404
0.2389, 0.0404
0.2389, 0.0404
0.2389, 0.0404
0.2389, 0.0404
0.2389, 0.0429
0.2389, 0.0429
0.2389, 0.0429
0.2389, 0.0429
0.2389, 0.0429
0.2389, 0.0429
0.2389, 0.0429
0.2389, 0.0429
0.2389, 0.0429
0.2389, 0.0429
0.2389, 0.0429
0.2389, 0.0429
0.2432, 0.0455
0.2432, 0.0455
0.2432, 0.0455
0.2432, 0.0480
0.2432, 0.0480
0.2432, 0.0480
0.2432, 0.0480
0.2432, 0.0480
0.2432, 0.0480
0.2432, 0.0480
0.2432, 0.0480
0.2432, 0.0480
0.2473, 0.0480
0.2473, 0.0480
0.2473, 0.0480
0.2473, 0.0480
0.2473, 0.0480
0.2473, 0.0505
0.2473, 0.0505
0.2473, 0.0505
0.2473, 0.0505
0.2473, 0.0505
0.2473, 0.0505
0.2473, 0.0505
0.2473, 0.0505
0.2473, 0.0530
0.2473, 0.0530
0.2473, 0.0530
0.2473, 0.0530
0.2516, 0.0556
0.2516, 0.0556
0.2516, 0.0556
0.2516, 0.0556
0.2516, 0.0556
0.2516, 0.0556
0.2516, 0.0556
0.2516, 0.0556
0.2516, 0.0556
0.2516, 0.0556
0.2516, 0.0556
0.2516, 0.0556
0.2516, 0.0581
0.2516, 0.0581
0.2516, 0.0581
0.2516, 0.0581
0.2516, 0.0581
0.2516, 0.0581
0.2516, 0.0581
0.2516, 0.0581
0.2516, 0.0581
0.2516, 0.0581
0.2516, 0.0581
0.2516, 0.0581
0.2516, 0.0606
0.2516, 0.0606
0.2516, 0.0606
0.2516, 0.0606
0.2516, 0.0606
0.2516, 0.0606
0.2516, 0.0606
0.2516, 0.0606
0.2516, 0.0606
0.2516, 0.0606
0.2516, 0.0606
0.2516, 0.0606
0.2516, 0.0606
0.2558, 0.0631
0.2558, 0.0631
0.2558, 0.0631
0.2558, 0.0631
0.2558, 0.0657
0.2558, 0.0657
0.2558, 0.0657
0.2558, 0.0657
0.2558, 0.0657
0.2558, 0.0657
0.2558, 0.0657
0.2558, 0.0657
0.2558, 0.0657
0.2558, 0.0682
0.2558, 0.0682
0.2558, 0.0682
0.2558, 0.0682
0.2558, 0.0682
0.2558, 0.0682
0.2558, 0.0682
0.2558, 0.0682
0.2600, 0.0707
0.2600, 0.0707
0.2600, 0.0707
0.2600, 0.0707
0.2600, 0.0707
0.2600, 0.0732
0.2600, 0.0732
0.2600, 0.0732
0.2600, 0.0732
0.2600, 0.0732
0.2600, 0.0732
0.2600, 0.0732
0.2600, 0.0732
0.2600, 0.0732
0.2600, 0.0732
0.2600, 0.0732
0.2600, 0.0732
0.2600, 0.0732
0.2600, 0.0758
0.2600, 0.0758
0.2600, 0.0758
0.2600, 0.0758
0.2600, 0.0758
0.2600, 0.0758
0.2600, 0.0758
0.2600, 0.0783
0.2600, 0.0783
0.2600, 0.0783
0.2600, 0.0783
0.2600, 0.0783
0.2600, 0.0783
0.2600, 0.0783
0.2600, 0.0783
0.2600, 0.0783
0.2600, 0.0808
0.2600, 0.0808
0.2600, 0.0808
0.2600, 0.0808
0.2642, 0.0808
0.2642, 0.0808
0.2642, 0.0808
0.2642, 0.0808
0.2642, 0.0808
0.2642, 0.0808
0.2642, 0.0808
0.2642, 0.0808
0.2642, 0.0808
0.2642, 0.0808
0.2642, 0.0808
0.2642, 0.0808
0.2642, 0.0833
0.2642, 0.0833
0.2642, 0.0833
0.2642, 0.0833
0.2642, 0.0833
0.2642, 0.0833
0.2642, 0.0833
0.2642, 0.0833
0.2642, 0.0859
0.2642, 0.0859
0.2642, 0.0859
0.2642, 0.0859
0.2684, 0.0859
0.2684, 0.0859
0.2684, 0.0859
0.2684, 0.0859
0.2684, 0.0859
0.2684, 0.0859
0.2684, 0.0859
0.2684, 0.0859
0.2684, 0.0859
0.2684, 0.0859
0.2684, 0.0859
0.2684, 0.0859
0.2684, 0.0859
0.2684, 0.0859
0.2684, 0.0859
0.2684, 0.0859
0.2684, 0.0884
0.2684, 0.0884
0.2684, 0.0884
0.2684, 0.0884
0.2684, 0.0884
0.2684, 0.0884
0.2684, 0.0884
0.2684, 0.0884
0.2684, 0.0884
0.2684, 0.0909
0.2684, 0.0909
0.2684, 0.0909
0.2684, 0.0909
0.2684, 0.0934
0.2684, 0.0934
0.2684, 0.0934
0.2684, 0.0934
0.2726, 0.0934
0.2726, 0.0934
0.2726, 0.0934
0.2726, 0.0934
0.2726, 0.0934
0.2726, 0.0934
0.2726, 0.0934
0.2726, 0.0934
0.2726, 0.0960
0.2726, 0.0960
0.2726, 0.0960
0.2726, 0.0960
0.2726, 0.0960
0.2726, 0.0960
0.2726, 0.0960
0.2726, 0.0960
0.2726, 0.0985
0.2726, 0.0985
0.2726, 0.0985
0.2726, 0.0985
0.2726, 0.0985
0.2726, 0.0985
0.2726, 0.0985
0.2726, 0.0985
0.2726, 0.0985
0.2726, 0.0985
0.2726, 0.0985
0.2726, 0.0985
0.2726, 0.0985
0.2726, 0.0985
0.2726, 0.0985
0.2726, 0.0985
0.2726, 0.1010
0.2726, 0.1010
0.2726, 0.1010
0.2726, 0.1010
0.2726, 0.1010
0.2726, 0.1010
0.2726, 0.1010
0.2726, 0.1010
0.2726, 0.1035
0.2726, 0.1035
0.2726, 0.1035
0.2726, 0.1035
0.2768, 0.1061
0.2768, 0.1061
0.2768, 0.1061
0.2768, 0.1061
0.2768, 0.1061
0.2768, 0.1061
0.2768, 0.1061
0.2768, 0.1061
0.2768, 0.1061
0.2768, 0.1061
0.2768, 0.1061
0.2768, 0.1061
0.2768, 0.1061
0.2768, 0.1061
0.2768, 0.1061
0.2768, 0.1061
0.2768, 0.1061
0.2768, 0.1061
0.2768, 0.1061
0.2768, 0.1061
0.2811, 0.1061
0.2811, 0.1061
0.2811, 0.1061
0.2811, 0.1061
0.2811, 0.1086
0.2811, 0.1086
0.2811, 0.1086
0.2811, 0.1086
0.2811, 0.1086
0.2811, 0.1086
0.2811, 0.1086
0.2811, 0.1086
0.2811, 0.1111
0.2811, 0.1111
0.2811, 0.1111
0.2811, 0.1111
0.2811, 0.1111
0.2811, 0.1111
0.2811, 0.1111
0.2811, 0.1111
0.2811, 0.1111
0.2811, 0.1111
0.2811, 0.1111
0.2811, 0.1111
0.2811, 0.1111
0.2811, 0.1111
0.2811, 0.1111
0.2811, 0.1111
0.2811, 0.1136
0.2811, 0.1136
0.2811, 0.1136
0.2811, 0.1136
0.2811, 0.1136
0.2811, 0.1136
0.2811, 0.1136
0.2811, 0.1136
0.2811, 0.1162
0.2811, 0.1162
0.2811, 0.1162
0.2811, 0.1162
0.2811, 0.1162
0.2811, 0.1162
0.2811, 0.1162
0.2811, 0.1162
0.2852, 0.1187
0.2852, 0.1187
0.2852, 0.1187
0.2852, 0.1187
0.2852, 0.1187
0.2852, 0.1187
0.2852, 0.1187
0.2852, 0.1187
0.2852, 0.1187
0.2852, 0.1187
0.2852, 0.1187
0.2852, 0.1187
0.2852, 0.1187
0.2852, 0.1187
0.2852, 0.1187
0.2852, 0.1187
0.2852, 0.1187
0.2852, 0.1187
0.2852, 0.1187
0.2895, 0.1212
0.2895, 0.1212
0.2895, 0.1212
0.2895, 0.1212
0.2895, 0.1212
0.2895, 0.1212
0.2895, 0.1212
0.2895, 0.1212
0.2895, 0.1237
0.2895, 0.1237
0.2895, 0.1237
0.2895, 0.1237
0.2895, 0.1237
0.2895, 0.1237
0.2895, 0.1237
0.2895, 0.1237
0.2895, 0.1237
0.2895, 0.1237
0.2895, 0.1237
0.2895, 0.1263
0.2895, 0.1263
0.2895, 0.1263
0.2895, 0.1263
0.2895, 0.1263
0.2895, 0.1263
0.2895, 0.1263
0.2895, 0.1263
0.2895, 0.1263
0.2895, 0.1263
0.2895, 0.1263
0.2895, 0.1263
0.2937, 0.1288
0.2937, 0.1288
0.2937, 0.1288
0.2937, 0.1288
0.2937, 0.1288
0.2937, 0.1288
0.2937, 0.1288
0.2937, 0.1288
0.2937, 0.1288
0.2937, 0.1288
0.2937, 0.1288
0.2937, 0.1288
0.2937, 0.1288
0.2937, 0.1288
0.2937, 0.1288
0.2979, 0.1313
0.2979, 0.1313
0.2979, 0.1313
0.2979, 0.1313
0.2979, 0.1313
0.2979, 0.1313
0.2979, 0.1313
0.2979, 0.1338
0.2979, 0.1338
0.2979, 0.1338
0.3021, 0.1364
0.3021, 0.1364
0.3021, 0.1364
0.3021, 0.1364
0.3021, 0.1364
0.3021, 0.1364
0.3021, 0.1364
0.3021, 0.1364
0.3021, 0.1389
0.3021, 0.1389
0.3021, 0.1389
0.3021, 0.1389
0.3021, 0.1389
0.3021, 0.1389
0.3021, 0.1389
0.3021, 0.1389
0.3021, 0.1414
0.3021, 0.1414
0.3021, 0.1414
0.3021, 0.1414
0.3021, 0.1414
0.3021, 0.1414
0.3021, 0.1414
0.3021, 0.1414
0.3021, 0.1414
0.3021, 0.1414
0.3021, 0.1414
0.3021, 0.1414
0.3063, 0.1439
0.3063, 0.1439
0.3063, 0.1439
0.3063, 0.1439
0.3063, 0.1439
0.3063, 0.1439
0.3063, 0.1439
0.3063, 0.1439
0.3063, 0.1465
0.3063, 0.1465
0.3063, 0.1465
0.3105, 0.1490
0.3105, 0.1490
0.3105, 0.1490
0.3105, 0.1490
0.3105, 0.1490
0.3105, 0.1490
0.3105, 0.1490
0.3105, 0.1490
0.3105, 0.1490
0.3105, 0.1490
0.3105, 0.1490
0.3105, 0.1490
0.3105, 0.1515
0.3105, 0.1515
0.3105, 0.1515
0.3105, 0.1515
0.3105, 0.1515
0.3105, 0.1515
0.3105, 0.1515
0.3105, 0.1540
0.3105, 0.1540
0.3105, 0.1540
0.3105, 0.1540
0.3148, 0.1540
0.3148, 0.1540
0.3148, 0.1540
0.3148, 0.1540
0.3148, 0.1540
0.3148, 0.1540
0.3148, 0.1540
0.3148, 0.1540
0.3148, 0.1566
0.3148, 0.1566
0.3148, 0.1566
0.3189, 0.1566
0.3189, 0.1566
0.3189, 0.1566
0.3189, 0.1566
0.3189, 0.1591
0.3189, 0.1591
0.3189, 0.1591
0.3189, 0.1616
0.3189, 0.1616
0.3189, 0.1616
0.3189, 0.1616
0.3232, 0.1616
0.3232, 0.1616
0.3232, 0.1616
0.3232, 0.1641
0.3232, 0.1641
0.3232, 0.1641
0.3232, 0.1641
0.3232, 0.1667
0.3232, 0.1667
0.3232, 0.1667
0.3232, 0.1667
0.3232, 0.1667
0.3232, 0.1667
0.3232, 0.1667
0.3232, 0.1667
0.3232, 0.1667
0.3232, 0.1667
0.3232, 0.1667
0.3232, 0.1692
0.3232, 0.1692
0.3232, 0.1692
0.3232, 0.1692
0.3274, 0.1717
0.3274, 0.1717
0.3274, 0.1717
0.3274, 0.1717
0.3274, 0.1717
0.3274, 0.1717
0.3274, 0.1717
0.3274, 0.1717
0.3274, 0.1742
0.3274, 0.1742
0.3274, 0.1742
0.3315, 0.1742
0.3315, 0.1742
0.3315, 0.1742
0.3315, 0.1742
0.3315, 0.1742
0.3315, 0.1742
0.3315, 0.1768
0.3315, 0.1768
0.3315, 0.1768
0.3315, 0.1768
0.3315, 0.1793
0.3315, 0.1793
0.3315, 0.1793
0.3315, 0.1793
0.3315, 0.1793
0.3315, 0.1793
0.3315, 0.1793
0.3358, 0.1818
0.3358, 0.1818
0.3358, 0.1818
0.3358, 0.1843
0.3358, 0.1843
0.3358, 0.1843
0.3358, 0.1843
0.3358, 0.1843
0.3358, 0.1843
0.3358, 0.1843
0.3400, 0.1869
0.3400, 0.1869
0.3400, 0.1869
0.3400, 0.1869
0.3400, 0.1869
0.3400, 0.1869
0.3400, 0.1869
0.3400, 0.1869
0.3400, 0.1869
0.3400, 0.1869
0.3400, 0.1869
0.3442, 0.1894
0.3442, 0.1894
0.3442, 0.1894
0.3442, 0.1894
0.3442, 0.1894
0.3442, 0.1894
0.3442, 0.1894
0.3442, 0.1894
0.3442, 0.1919
0.3442, 0.1919
0.3442, 0.1919
0.3442, 0.1919
0.3442, 0.1919
0.3442, 0.1919
0.3442, 0.1944
0.3442, 0.1944
0.3442, 0.1944
0.3442, 0.1944
0.3484, 0.1944
0.3484, 0.1944
0.3484, 0.1944
0.3484, 0.1944
0.3484, 0.1970
0.3484, 0.1970
0.3484, 0.1970
0.3484, 0.1995
0.3484, 0.1995
0.3484, 0.1995
0.3526, 0.1995
0.3526, 0.1995
0.3526, 0.1995
0.3526, 0.1995
0.3526, 0.1995
0.3526, 0.1995
0.3526, 0.1995
0.3526, 0.1995
0.3526, 0.2020
0.3526, 0.2020
0.3526, 0.2020
0.3526, 0.2020
0.3526, 0.2020
0.3526, 0.2020
0.3526, 0.2020
0.3526, 0.2045
0.3526, 0.2045
0.3526, 0.2045
0.3526, 0.2045
0.3526, 0.2045
0.3526, 0.2045
0.3526, 0.2045
0.3526, 0.2045
0.3568, 0.2045
0.3568, 0.2045
0.3568, 0.2045
0.3568, 0.2045
0.3568, 0.2045
0.3568, 0.2045
0.3568, 0.2045
0.3568, 0.2071
0.3568, 0.2071
0.3568, 0.2071
0.3611, 0.2071
0.3611, 0.2071
0.3611, 0.2071
0.3611, 0.2096
0.3611, 0.2096
0.3611, 0.2096
0.3611, 0.2096
0.3652, 0.2096
0.3652, 0.2096
0.3652, 0.2096
0.3652, 0.2096
0.3652, 0.2096
0.3652, 0.2096
0.3652, 0.2096
0.3652, 0.2096
0.3652, 0.2096
0.3652, 0.2096
0.3652, 0.2096
0.3652, 0.2121
0.3652, 0.2121
0.3652, 0.2121
0.3695, 0.2121
0.3695, 0.2121
0.3695, 0.2121
0.3695, 0.2121
0.3695, 0.2146
0.3695, 0.2146
0.3695, 0.2146
0.3737, 0.2146
0.3737, 0.2146
0.3737, 0.2146
0.3737, 0.2146
0.3737, 0.2172
0.3737, 0.2172
0.3737, 0.2172
0.3737, 0.2172
0.3737, 0.2172
0.3737, 0.2172
0.3737, 0.2172
0.3737, 0.2172
0.3737, 0.2172
0.3737, 0.2172
0.3737, 0.2172
0.3737, 0.2172
0.3737, 0.2172
0.3737, 0.2172
0.3779, 0.2172
0.3779, 0.2172
0.3779, 0.2172
0.3779, 0.2172
0.3779, 0.2197
0.3779, 0.2197
0.3779, 0.2197
0.3821, 0.2197
0.3821, 0.2197
0.3821, 0.2197
0.3821, 0.2222
0.3821, 0.2222
0.3821, 0.2222
0.3821, 0.2222
0.3821, 0.2222
0.3821, 0.2222
0.3821, 0.2222
0.3821, 0.2222
0.3863, 0.2222
0.3863, 0.2222
0.3863, 0.2222
0.3863, 0.2222
0.3863, 0.2222
0.3863, 0.2222
0.3863, 0.2222
0.3863, 0.2222
0.3863, 0.2222
0.3863, 0.2222
0.3863, 0.2222
0.3863, 0.2222
0.3863, 0.2222
0.3863, 0.2222
0.3863, 0.2247
0.3863, 0.2247
0.3863, 0.2247
0.3863, 0.2247
0.3863, 0.2247
0.3863, 0.2247
0.3863, 0.2247
0.3905, 0.2247
0.3905, 0.2247
0.3905, 0.2247
0.3905, 0.2247
0.3905, 0.2247
0.3905, 0.2247
0.3905, 0.2247
0.3905, 0.2273
0.3905, 0.2273
0.3905, 0.2273
0.3905, 0.2273
0.3947, 0.2273
0.3947, 0.2273
0.3947, 0.2298
0.3947, 0.2298
0.3947, 0.2298
0.3947, 0.2298
0.3947, 0.2298
0.3947, 0.2298
0.3947, 0.2298
0.3947, 0.2298
0.3990, 0.2298
0.3990, 0.2298
0.3990, 0.2298
0.3990, 0.2298
0.3990, 0.2298
0.3990, 0.2298
0.4031, 0.2323
0.4031, 0.2323
0.4031, 0.2323
0.4031, 0.2323
0.4031, 0.2323
0.4074, 0.2323
0.4074, 0.2348
0.4074, 0.2348
0.4074, 0.2348
0.4074, 0.2348
0.4115, 0.2348
0.4115, 0.2348
0.4115, 0.2348
0.4158, 0.2374
0.4200, 0.2424
0.4200, 0.2424
0.4200, 0.2424
0.4200, 0.2424
0.4242, 0.2424
0.4242, 0.2424
0.4242, 0.2424
0.4242, 0.2424
0.4242, 0.2424
0.4242, 0.2424
0.4242, 0.2449
0.4242, 0.2449
0.4242, 0.2449
0.4242, 0.2449
0.4242, 0.2449
0.4242, 0.2449
0.4242, 0.2449
0.4284, 0.2475
0.4284, 0.2475
0.4284, 0.2475
0.4284, 0.2475
0.4284, 0.2475
0.4284, 0.2475
0.4284, 0.2475
0.4284, 0.2475
0.4284, 0.2475
0.4284, 0.2475
0.4284, 0.2475
0.4327, 0.2475
0.4327, 0.2475
0.4327, 0.2500
0.4327, 0.2500
0.4327, 0.2500
0.4327, 0.2500
0.4368, 0.2500
0.4368, 0.2500
0.4368, 0.2500
0.4368, 0.2525
0.4368, 0.2525
0.4368, 0.2525
0.4368, 0.2525
0.4368, 0.2525
0.4368, 0.2525
0.4368, 0.2525
0.4411, 0.2551
0.4411, 0.2551
0.4411, 0.2551
0.4411, 0.2551
0.4411, 0.2551
0.4411, 0.2551
0.4411, 0.2551
0.4411, 0.2551
0.4453, 0.2551
0.4453, 0.2551
0.4453, 0.2551
0.4453, 0.2576
0.4453, 0.2576
0.4453, 0.2576
0.4453, 0.2576
0.4453, 0.2576
0.4453, 0.2576
0.4453, 0.2576
0.4453, 0.2601
0.4453, 0.2601
0.4453, 0.2601
0.4453, 0.2601
0.4453, 0.2601
0.4453, 0.2601
0.4453, 0.2601
0.4453, 0.2601
0.4494, 0.2601
0.4494, 0.2601
0.4494, 0.2601
0.4494, 0.2601
0.4494, 0.2601
0.4494, 0.2601
0.4537, 0.2626
0.4537, 0.2626
0.4537, 0.2626
0.4537, 0.2626
0.4537, 0.2626
0.4537, 0.2626
0.4537, 0.2626
0.4579, 0.2652
0.4579, 0.2652
0.4579, 0.2652
0.4579, 0.2652
0.4579, 0.2652
0.4579, 0.2652
0.4579, 0.2652
0.4579, 0.2677
0.4579, 0.2677
0.4579, 0.2677
0.4579, 0.2677
0.4579, 0.2677
0.4579, 0.2677
0.4579, 0.2677
0.4579, 0.2677
0.4621, 0.2677
0.4621, 0.2677
0.4621, 0.2677
0.4621, 0.2677
0.4621, 0.2677
0.4621, 0.2677
0.4621, 0.2677
0.4663, 0.2677
0.4663, 0.2677
0.4663, 0.2677
0.4663, 0.2702
0.4663, 0.2702
0.4663, 0.2702
0.4663, 0.2702
0.4663, 0.2702
0.4663, 0.2702
0.4663, 0.2702
0.4663, 0.2727
0.4663, 0.2727
0.4663, 0.2727
0.4706, 0.2727
0.4706, 0.2727
0.4706, 0.2727
0.4706, 0.2727
0.4706, 0.2727
0.4706, 0.2727
0.4706, 0.2727
0.4747, 0.2727
0.4747, 0.2727
0.4747, 0.2727
0.4747, 0.2727
0.4747, 0.2727
0.4747, 0.2727
0.4747, 0.2727
0.4790, 0.2753
0.4790, 0.2753
0.4790, 0.2753
0.4790, 0.2753
0.4790, 0.2753
0.4790, 0.2753
0.4790, 0.2753
0.4790, 0.2753
0.4790, 0.2753
0.4790, 0.2753
0.4790, 0.2753
0.4790, 0.2778
0.4790, 0.2778
0.4790, 0.2778
0.4790, 0.2778
0.4790, 0.2778
0.4790, 0.2778
0.4790, 0.2778
0.4831, 0.2778
0.4831, 0.2778
0.4831, 0.2778
0.4831, 0.2803
0.4831, 0.2803
0.4831, 0.2803
0.4874, 0.2803
0.4874, 0.2803
0.4874, 0.2803
0.4874, 0.2803
0.4874, 0.2803
0.4874, 0.2803
0.4874, 0.2803
0.4874, 0.2803
0.4874, 0.2803
0.4874, 0.2803
0.4874, 0.2803
0.4874, 0.2803
0.4916, 0.2803
0.4916, 0.2803
0.4916, 0.2803
0.4916, 0.2828
0.4916, 0.2828
0.4916, 0.2828
0.4916, 0.2828
0.4958, 0.2828
0.4958, 0.2828
0.4958, 0.2828
0.4958, 0.2828
0.4958, 0.2828
0.4958, 0.2828
0.4958, 0.2828
0.5000, 0.2854
0.5000, 0.2854
0.5000, 0.2854
0.5000, 0.2854
0.5000, 0.2854
0.5000, 0.2854
0.5000, 0.2854
0.5000, 0.2854
0.5000, 0.2854
0.5000, 0.2854
0.5000, 0.2854
0.5000, 0.2854
0.5000, 0.2854
0.5042, 0.2854
0.5042, 0.2854
0.5042, 0.2854
0.5084, 0.2854
0.5084, 0.2854
0.5084, 0.2854
0.5084, 0.2879
0.5084, 0.2879
0.5084, 0.2879
0.5084, 0.2879
0.5084, 0.2879
0.5084, 0.2879
0.5126, 0.2879
0.5126, 0.2879
0.5126, 0.2879
0.5126, 0.2904
0.5126, 0.2904
0.5126, 0.2904
0.5169, 0.2904
0.5169, 0.2904
0.5169, 0.2904
0.5210, 0.2904
0.5210, 0.2904
0.5210, 0.2904
0.5210, 0.2904
0.5210, 0.2904
0.5210, 0.2904
0.5210, 0.2904
0.5210, 0.2904
0.5210, 0.2904
0.5210, 0.2904
0.5210, 0.2904
0.5210, 0.2904
0.5210, 0.2904
0.5210, 0.2904
0.5210, 0.2904
0.5253, 0.2904
0.5253, 0.2904
0.5253, 0.2904
0.5294, 0.2929
0.5294, 0.2929
0.5294, 0.2929
0.5294, 0.2929
0.5294, 0.2929
0.5294, 0.2929
0.5294, 0.2929
0.5294, 0.2929
0.5294, 0.2929
0.5294, 0.2929
0.5294, 0.2955
0.5294, 0.2955
0.5294, 0.2955
0.5337, 0.2955
0.5337, 0.2955
0.5337, 0.2955
0.5337, 0.2955
0.5337, 0.2955
0.5337, 0.2955
0.5337, 0.2955
0.5379, 0.2955
0.5379, 0.2955
0.5379, 0.2955
0.5379, 0.2980
0.5379, 0.2980
0.5379, 0.2980
0.5421, 0.2980
0.5421, 0.2980
0.5421, 0.2980
0.5421, 0.2980
0.5421, 0.2980
0.5421, 0.2980
0.5421, 0.2980
0.5421, 0.2980
0.5421, 0.2980
0.5421, 0.2980
0.5421, 0.2980
0.5463, 0.2980
0.5463, 0.2980
0.5463, 0.2980
0.5463, 0.2980
0.5463, 0.2980
0.5463, 0.2980
0.5506, 0.2980
0.5506, 0.2980
0.5506, 0.2980
0.5506, 0.3005
0.5506, 0.3005
0.5506, 0.3005
0.5506, 0.3005
0.5506, 0.3005
0.5506, 0.3005
0.5506, 0.3005
0.5506, 0.3005
0.5506, 0.3005
0.5506, 0.3005
0.5547, 0.3030
0.5547, 0.3030
0.5547, 0.3030
0.5547, 0.3030
0.5547, 0.3030
0.5547, 0.3030
0.5547, 0.3030
0.5589, 0.3030
0.5589, 0.3030
0.5589, 0.3030
0.5589, 0.3030
0.5589, 0.3030
0.5589, 0.3030
0.5589, 0.3030
0.5589, 0.3030
0.5589, 0.3030
0.5589, 0.3030
0.5632, 0.3030
0.5632, 0.3030
0.5632, 0.3030
0.5632, 0.3056
0.5632, 0.3056
0.5632, 0.3056
0.5673, 0.3056
0.5673, 0.3056
0.5673, 0.3056
0.5673, 0.3056
0.5716, 0.3081
0.5716, 0.3081
0.5716, 0.3081
0.5716, 0.3081
0.5716, 0.3081
0.5716, 0.3081
0.5716, 0.3106
0.5716, 0.3106
0.5716, 0.3106
0.5758, 0.3106
0.5758, 0.3106
0.5758, 0.3106
0.5800, 0.3106
0.5800, 0.3106
0.5800, 0.3106
0.5800, 0.3106
0.5800, 0.3106
0.5800, 0.3106
0.5800, 0.3106
0.5800, 0.3106
0.5800, 0.3106
0.5800, 0.3106
0.5800, 0.3106
0.5800, 0.3106
0.5800, 0.3106
0.5800, 0.3106
0.5800, 0.3106
0.5842, 0.3106
0.5842, 0.3106
0.5842, 0.3106
0.5842, 0.3106
0.5842, 0.3106
0.5842, 0.3106
0.5885, 0.3131
0.5885, 0.3131
0.5885, 0.3131
0.5885, 0.3131
0.5885, 0.3131
0.5885, 0.3131
0.5885, 0.3131
0.5926, 0.3131
0.5926, 0.3131
0.5926, 0.3131
0.5926, 0.3131
0.5926, 0.3131
0.5926, 0.3131
0.5926, 0.3131
0.5926, 0.3157
0.5926, 0.3157
0.5926, 0.3157
0.5969, 0.3157
0.5969, 0.3157
0.5969, 0.3157
0.6010, 0.3157
0.6010, 0.3157
0.6010, 0.3157
0.6010, 0.3157
0.6010, 0.3157
0.6010, 0.3157
0.6010, 0.3157
0.6010, 0.3157
0.6010, 0.3157
0.6010, 0.3157
0.6053, 0.3157
0.6053, 0.3157
0.6053, 0.3157
0.6053, 0.3157
0.6053, 0.3157
0.6053, 0.3157
0.6095, 0.3157
0.6095, 0.3157
0.6095, 0.3157
0.6095, 0.3182
0.6095, 0.3182
0.6095, 0.3182
0.6137, 0.3182
0.6137, 0.3182
0.6137, 0.3182
0.6137, 0.3182
0.6137, 0.3182
0.6137, 0.3182
0.6137, 0.3182
0.6137, 0.3182
0.6137, 0.3182
0.6137, 0.3182
0.6179, 0.3207
0.6179, 0.3207
0.6179, 0.3207
0.6221, 0.3207
0.6221, 0.3207
0.6221, 0.3207
0.6221, 0.3207
0.6221, 0.3207
0.6221, 0.3207
0.6221, 0.3207
0.6221, 0.3207
0.6221, 0.3207
0.6221, 0.3207
0.6221, 0.3207
0.6221, 0.3207
0.6263, 0.3232
0.6263, 0.3232
0.6263, 0.3232
0.6263, 0.3232
0.6263, 0.3232
0.6263, 0.3232
0.6263, 0.3232
0.6305, 0.3232
0.6305, 0.3232
0.6305, 0.3232
0.6305, 0.3232
0.6305, 0.3232
0.6305, 0.3232
0.6305, 0.3232
0.6305, 0.3232
0.6305, 0.3232
0.6305, 0.3232
0.6348, 0.3232
0.6348, 0.3232
0.6348, 0.3232
0.6348, 0.3232
0.6348, 0.3232
0.6348, 0.3232
0.6348, 0.3232
0.6348, 0.3232
0.6348, 0.3232
0.6348, 0.3232
0.6389, 0.3232
0.6389, 0.3232
0.6389, 0.3232
0.6389, 0.3232
0.6389, 0.3232
0.6389, 0.3232
0.6432, 0.3258
0.6432, 0.3258
0.6432, 0.3258
0.6432, 0.3258
0.6432, 0.3258
0.6432, 0.3258
0.6432, 0.3258
0.6432, 0.3258
0.6432, 0.3258
0.6432, 0.3258
0.6473, 0.3258
0.6473, 0.3258
0.6473, 0.3258
0.6473, 0.3258
0.6473, 0.3258
0.6473, 0.3258
0.6473, 0.3258
0.6516, 0.3283
0.6516, 0.3283
0.6516, 0.3283
0.6516, 0.3283
0.6516, 0.3283
0.6516, 0.3283
0.6516, 0.3283
0.6516, 0.3283
0.6516, 0.3283
0.6516, 0.3283
0.6558, 0.3283
0.6558, 0.3283
0.6558, 0.3283
0.6558, 0.3283
0.6558, 0.3283
0.6558, 0.3283
0.6558, 0.3283
0.6558, 0.3283
0.6558, 0.3283
0.6558, 0.3283
0.6600, 0.3308
0.6600, 0.3308
0.6600, 0.3308
0.6642, 0.3308
0.6642, 0.3308
0.6642, 0.3308
0.6642, 0.3308
0.6642, 0.3308
0.6642, 0.3308
0.6642, 0.3308
0.6642, 0.3308
0.6642, 0.3308
0.6642, 0.3308
0.6642, 0.3308
0.6642, 0.3308
0.6642, 0.3308
0.6685, 0.3308
0.6685, 0.3308
0.6685, 0.3308
0.6685, 0.3333
0.6685, 0.3333
0.6685, 0.3333
0.6726, 0.3333
0.6726, 0.3333
0.6726, 0.3333
0.6726, 0.3333
0.6726, 0.3333
0.6726, 0.3333
0.6726, 0.3333
0.6768, 0.3359
0.6768, 0.3359
0.6768, 0.3359
0.6768, 0.3359
0.6768, 0.3359
0.6768, 0.3359
0.6768, 0.3359
0.6768, 0.3359
0.6768, 0.3359
0.6768, 0.3359
0.6811, 0.3359
0.6811, 0.3359
0.6811, 0.3359
0.6811, 0.3359
0.6811, 0.3359
0.6811, 0.3359
0.6852, 0.3359
0.6852, 0.3359
0.6852, 0.3359
0.6852, 0.3359
0.6852, 0.3359
0.6852, 0.3359
0.6852, 0.3359
0.6852, 0.3359
0.6852, 0.3359
0.6852, 0.3359
0.6895, 0.3384
0.6895, 0.3384
0.6895, 0.3384
0.6895, 0.3384
0.6895, 0.3384
0.6895, 0.3384
0.6937, 0.3384
0.6937, 0.3384
0.6937, 0.3384
0.6937, 0.3384
0.6937, 0.3384
0.6937, 0.3384
0.6937, 0.3384
0.6979, 0.3409
0.6979, 0.3409
0.6979, 0.3409
0.6979, 0.3409
0.6979, 0.3409
0.6979, 0.3409
0.6979, 0.3409
0.6979, 0.3409
0.6979, 0.3409
0.6979, 0.3409
0.7021, 0.3409
0.7021, 0.3409
0.7021, 0.3409
0.7021, 0.3409
0.7021, 0.3409
0.7021, 0.3409
0.7064, 0.3409
0.7064, 0.3409
0.7064, 0.3409
0.7064, 0.3409
0.7064, 0.3409
0.7064, 0.3409
0.7064, 0.3409
0.7064, 0.3409
0.7064, 0.3409
0.7064, 0.3409
0.7105, 0.3409
0.7105, 0.3409
0.7105, 0.3409
0.7148, 0.3434
0.7148, 0.3434
0.7148, 0.3434
0.7148, 0.3434
0.7148, 0.3434
0.7148, 0.3434
0.7189, 0.3434
0.7189, 0.3434
0.7189, 0.3434
0.7232, 0.3434
0.7232, 0.3434
0.7232, 0.3434
0.7274, 0.3460
0.7274, 0.3460
0.7274, 0.3460
0.7274, 0.3460
0.7274, 0.3460
0.7274, 0.3460
0.7316, 0.3460
0.7316, 0.3460
0.7316, 0.3460
0.7358, 0.3485
0.7358, 0.3485
0.7358, 0.3485
0.7358, 0.3485
0.7358, 0.3485
0.7358, 0.3485
0.7400, 0.3485
0.7400, 0.3485
0.7400, 0.3485
0.7442, 0.3485
0.7442, 0.3485
0.7442, 0.3485
0.7484, 0.3485
0.7484, 0.3485
0.7484, 0.3485
0.7527, 0.3485
0.7527, 0.3485
0.7568, 0.3485
0.7568, 0.3485
0.7568, 0.3485
0.7611, 0.3485
0.7611, 0.3485
0.7611, 0.3485
0.7611, 0.3485
0.7611, 0.3485
0.7611, 0.3485
0.7611, 0.3485
0.7652, 0.3510
0.7652, 0.3510
0.7695, 0.3510
0.7695, 0.3510
0.7695, 0.3510
0.7695, 0.3510
0.7695, 0.3510
0.7695, 0.3510
0.7695, 0.3510
0.7695, 0.3510
0.7695, 0.3510
0.7695, 0.3510
0.7737, 0.3510
0.7737, 0.3510
0.7737, 0.3510
0.7779, 0.3510
0.7779, 0.3510
0.7779, 0.3510
0.7821, 0.3510
0.7821, 0.3510
0.7863, 0.3510
0.7863, 0.3510
0.7863, 0.3510
0.7905, 0.3535
0.7905, 0.3535
0.7905, 0.3535
0.7905, 0.3535
0.7905, 0.3535
0.7905, 0.3535
0.7905, 0.3535
0.7990, 0.3535
0.7990, 0.3535
0.7990, 0.3535
0.8074, 0.3535
0.8074, 0.3535
0.8074, 0.3535
0.8074, 0.3535
0.8074, 0.3535
0.8074, 0.3535
0.8158, 0.3535
0.8158, 0.3535
0.8158, 0.3535
0.8200, 0.3535
0.8200, 0.3535
0.8200, 0.3535
0.8243, 0.3535
0.8243, 0.3535
0.8243, 0.3535
0.8284, 0.3535
0.8284, 0.3535
0.8284, 0.3535
0.8327, 0.3535
0.8327, 0.3535
0.8327, 0.3535
0.8368, 0.3535
0.8368, 0.3535
0.8368, 0.3535
0.8411, 0.3535
0.8411, 0.3535
0.8411, 0.3535
0.8411, 0.3535
0.8411, 0.3535
0.8411, 0.3535
0.8411, 0.3535
0.8411, 0.3535
0.8411, 0.3535
0.8453, 0.3535
0.8453, 0.3535
0.8453, 0.3535
0.8494, 0.3535
0.8494, 0.3535
0.8494, 0.3535
0.8537, 0.3535
0.8537, 0.3535
0.8537, 0.3535
0.8579, 0.3535
0.8579, 0.3535
0.8579, 0.3535
0.8621, 0.3535
0.8621, 0.3535
0.8621, 0.3535
0.8621, 0.3535
0.8621, 0.3535
0.8621, 0.3535
0.8621, 0.3535
0.8663, 0.3535
0.8663, 0.3535
0.8663, 0.3535
0.8706, 0.3535
0.8706, 0.3535
0.8706, 0.3535
0.8747, 0.3535
0.8747, 0.3535
0.8747, 0.3535
0.8747, 0.3535
0.8747, 0.3535
0.8747, 0.3535
0.8832, 0.3535
0.8832, 0.3535
0.8832, 0.3535
0.8874, 0.3535
0.8874, 0.3535
0.8874, 0.3535
0.8874, 0.3535
0.8874, 0.3535
0.8874, 0.3535
0.8916, 0.3535
0.8916, 0.3535
0.8916, 0.3535
0.8958, 0.3535
0.8958, 0.3535
0.8958, 0.3535
0.9000, 0.3535
0.9000, 0.3535
0.9000, 0.3535
0.9042, 0.3535
0.9042, 0.3535
0.9042, 0.3535
0.9084, 0.3535
0.9084, 0.3535
0.9084, 0.3535
0.9084, 0.3535
0.9084, 0.3535
0.9084, 0.3535
0.9126, 0.3535
0.9126, 0.3535
0.9126, 0.3535
0.9169, 0.3535
0.9169, 0.3535
0.9169, 0.3535
0.9169, 0.3535
0.9169, 0.3535
0.9169, 0.3535
0.9169, 0.3535
0.9169, 0.3535
0.9169, 0.3535
0.9210, 0.3535
0.9210, 0.3535
0.9253, 0.3535
0.9253, 0.3535
0.9253, 0.3535
0.9295, 0.3535
0.9295, 0.3535
0.9295, 0.3535
0.9295, 0.3535
0.9295, 0.3535
0.9295, 0.3535
0.9295, 0.3535
0.9295, 0.3535
0.9337, 0.3535
0.9337, 0.3535
0.9337, 0.3535
0.9337, 0.3535
0.9337, 0.3535
0.9337, 0.3535
0.9379, 0.3535
0.9379, 0.3535
0.9379, 0.3535
0.9379, 0.3535
0.9379, 0.3535
0.9379, 0.3535
0.9379, 0.3535
0.9379, 0.3535
0.9379, 0.3535
0.9379, 0.3535
0.9379, 0.3535
0.9379, 0.3535
0.9379, 0.3535
0.9379, 0.3535
0.9379, 0.3535
0.9379, 0.3535
0.9379, 0.3535
0.9379, 0.3535
0.9379, 0.3535
0.9422, 0.3535
0.9422, 0.3535
0.9422, 0.3535
0.9422, 0.3535
0.9422, 0.3535
0.9422, 0.3535
0.9422, 0.3535
0.9422, 0.3535
0.9422, 0.3535
0.9463, 0.3535
0.9463, 0.3535
0.9463, 0.3535
0.9463, 0.3535
0.9463, 0.3535
0.9463, 0.3535
0.9506, 0.3535
0.9506, 0.3535
0.9506, 0.3535
0.9506, 0.3535
0.9506, 0.3535
0.9506, 0.3535
0.9506, 0.3535
0.9506, 0.3535
0.9506, 0.3535
0.9506, 0.3535
0.9506, 0.3535
0.9506, 0.3535
0.9506, 0.3535
0.9506, 0.3535
0.9506, 0.3535
0.9547, 0.3535
0.9547, 0.3535
0.9547, 0.3535
0.9547, 0.3535
0.9547, 0.3535
0.9547, 0.3535
0.9547, 0.3535
0.9547, 0.3535
0.9547, 0.3535
0.9547, 0.3535
0.9547, 0.3535
0.9547, 0.3535
0.9547, 0.3535
0.9547, 0.3535
0.9547, 0.3535
0.9547, 0.3535
0.9547, 0.3535
0.9547, 0.3535
0.9547, 0.3535
0.9547, 0.3535
0.9547, 0.3535
0.9590, 0.3535
0.9590, 0.3535
0.9590, 0.3535
0.9590, 0.3535
0.9590, 0.3535
0.9590, 0.3535
0.9590, 0.3535
0.9590, 0.3535
0.9590, 0.3535
0.9632, 0.3535
0.9632, 0.3535
0.9632, 0.3535
0.9673, 0.3535
0.9673, 0.3535
0.9673, 0.3535
0.9673, 0.3535
0.9673, 0.3535
0.9673, 0.3535
0.9673, 0.3535
0.9673, 0.3535
0.9673, 0.3535
0.9716, 0.3535
0.9716, 0.3535
0.9716, 0.3535
0.9716, 0.3535
0.9716, 0.3535
0.9716, 0.3535
0.9716, 0.3535
0.9716, 0.3535
0.9716, 0.3535
0.9716, 0.3535
0.9716, 0.3535
0.9716, 0.3535
0.9716, 0.3535
0.9716, 0.3535
0.9716, 0.3535
0.9716, 0.3535
0.9716, 0.3535
0.9716, 0.3535
0.9716, 0.3535
0.9716, 0.3535
0.9716, 0.3535
0.9716, 0.3535

0.1506, 0.2525
0.1506, 0.2525
0.1506, 0.2525
0.1506, 0.2525
0.1506, 0.2525
0.1506, 0.2525
0.1506, 0.2525
0.1506, 0.2525
0.1506, 0.2525
0.1506, 0.2525
0.1506, 0.2525
0.1506, 0.2525
0.1506, 0.2525
0.1506, 0.2525
0.1506, 0.2525
0.1506, 0.2525
0.1506, 0.2525
0.1506, 0.2525
0.1506, 0.2525
0.1506, 0.2525
0.1506, 0.2525
0.1506, 0.2525
0.1506, 0.2525
0.1506, 0.2525
0.1506, 0.2525
0.1506, 0.2525
0.1506, 0.2525
0.1506, 0.2525
0.1506, 0.2525
0.1506, 0.2525
0.1506, 0.2525
0.1506, 0.2525
0.1506, 0.2525
0.1506, 0.2525
0.1506, 0.2525
0.1506, 0.2525
0.1506, 0.2525
0.1506, 0.2525
0.1506, 0.2525
0.1506, 0.2525
0.1506, 0.2525
0.1506, 0.2525
0.1506, 0.2525
0.1506, 0.2525
0.1506, 0.2525
0.1506, 0.2525
0.1506, 0.2525
0.1506, 0.2525
0.1506, 0.2525
0.1506, 0.2525
0.1506, 0.2525
0.1506, 0.2525
0.1506, 0.2525
0.1506, 0.2525
0.1506, 0.2525
0.1506, 0.2525
0.1506, 0.2525
0.1506, 0.2525
0.1506, 0.2525
0.1506, 0.2525
0.1506, 0.2525
0.1506, 0.2525
0.1506, 0.2525
0.1506, 0.2525
0.1506, 0.2525
0.1506, 0.2525
0.1506, 0.2525
0.1506, 0.2525
0.1506, 0.2525
0.1506, 0.2525
0.1506, 0.2525
0.1506, 0.2525
0.1506, 0.2525
0.1506, 0.2525
0.1506, 0.2525
0.1506, 0.2525
0.1506, 0.2525
0.1506, 0.2525
0.1506, 0.2525
0.1506, 0.2525
0.1506, 0.2525
0.1506, 0.2525
0.1506, 0.2525
0.1506, 0.2525
0.1506, 0.2525
0.1506, 0.2525
0.1506, 0.2525
0.1506, 0.2525
0.1506, 0.2525
0.1506, 0.2525
0.1506, 0.2525
0.1463, 0.2525
0.1463, 0.2525
0.1463, 0.2525
0.1463, 0.2525
0.1463, 0.2525
0.1463, 0.2525
0.1463, 0.2525
0.1463, 0.2525
0.1463, 0.2525
0.1463, 0.2525
0.1463, 0.2525
0.1463, 0.2525
0.1463, 0.2525
0.1463, 0.2525
0.1463, 0.2525
0.1463, 0.2525
0.1463, 0.2525
0.1421, 0.2525
0.1421, 0.2525
0.1421, 0.2525
0.1421, 0.2525
0.1421, 0.2525
0.1421, 0.2525
0.1421, 0.2525
0.1421, 0.2525
0.1421, 0.2525
0.1421, 0.2525
0.1421, 0.2525
0.1421, 0.2525
0.1421, 0.2525
0.1421, 0.2500
0.1421, 0.2500
0.1421, 0.2500
0.1421, 0.2500
0.1379, 0.2500
0.1379, 0.2500
0.1379, 0.2500
0.1379, 0.2500
0.1379, 0.2475
0.1379, 0.2475
0.1379, 0.2475
0.1379, 0.2475
0.1379, 0.2475
0.1379, 0.2475
0.1379, 0.2475
0.1379, 0.2475
0.1379, 0.2475
0.1379, 0.2475
0.1379, 0.2475
0.1379, 0.2475
0.1379, 0.2475
0.1379, 0.2475
0.1379, 0.2475
0.1379, 0.2475
0.1379, 0.2475
0.1379, 0.2475
0.1379, 0.2475
0.1379, 0.2475
0.1379, 0.2475
0.1379, 0.2475
0.1379, 0.2475
0.1379, 0.2475
0.1379, 0.2475
0.1379, 0.2475
0.1379, 0.2475
0.1379, 0.2475
0.1379, 0.2475
0.1379, 0.2475
0.1379, 0.2475
0.1379, 0.2475
0.1379, 0.2475
0.1379, 0.2475
0.1379, 0.2475
0.1379, 0.2475
0.1379, 0.2475
0.1379, 0.2475
0.1379, 0.2475
0.1379, 0.2449
0.1379, 0.2449
0.1379, 0.2449
0.1379, 0.2449
0.1379, 0.2449
0.1379, 0.2449
0.1379, 0.2449
0.1379, 0.2449
0.1379, 0.2449
0.1379, 0.2449
0.1379, 0.2449
0.1379, 0.2449
0.1379, 0.2449
0.1379, 0.2449
0.1337, 0.2449
0.1337, 0.2449
0.1337, 0.2449
0.1337, 0.2449
0.1337, 0.2449
0.1337, 0.2449
0.1337, 0.2449
0.1337, 0.2449
0.1337, 0.2424
0.1337, 0.2424
0.1337, 0.2424
0.1337, 0.2424
0.1337, 0.2424
0.1337, 0.2424
0.1337, 0.2424
0.1337, 0.2424
0.1337, 0.2424
0.1337, 0.2424
0.1337, 0.2424
0.1337, 0.2424
0.1337, 0.2424
0.1337, 0.2424
0.1337, 0.2424
0.1294, 0.2424
0.1294, 0.2424
0.1294, 0.2424
0.1294, 0.2424
0.1294, 0.2424
0.1294, 0.2424
0.1294, 0.2424
0.1294, 0.2424
0.1294, 0.2424
0.1294, 0.2399
0.1294, 0.2399
0.1294, 0.2399
0.1294, 0.2399
0.1294, 0.2399
0.1294, 0.2399
0.1294, 0.2399
0.1294, 0.2374
0.1294, 0.2374
0.1294, 0.2374
0.1294, 0.2374
0.1294, 0.2374
0.1294, 0.2374
0.1294, 0.2374
0.1294, 0.2374
0.1294, 0.2374
0.1294, 0.2374
0.1294, 0.2374
0.1294, 0.2374
0.1294, 0.2374
0.1294, 0.2348
0.1294, 0.2348
0.1294, 0.2348
0.1294, 0.2348
0.1294, 0.2348
0.1294, 0.2348
0.1294, 0.2348
0.1294, 0.2348
0.1294, 0.2348
0.1294, 0.2348
0.1294, 0.2348
0.1294, 0.2348
0.1294, 0.2348
0.1294, 0.2348
0.1294, 0.2348
0.1294, 0.2348
0.1294, 0.2348
0.1294, 0.2348
0.1294, 0.2348
0.1294, 0.2348
0.1294, 0.2348
0.1253, 0.2323
0.1253, 0.2323
0.1253, 0.2323
0.1253, 0.2323
0.1253, 0.2323
0.1253, 0.2323
0.1253, 0.2323
0.1253, 0.2323
0.1253, 0.2323
0.1253, 0.2323
0.1253, 0.2323
0.1253, 0.2323
0.1253, 0.2323
0.1253, 0.2298
0.1253, 0.2298
0.1253, 0.2298
0.1253, 0.2298
0.1253, 0.2298
0.1253, 0.2298
0.1253, 0.2298
0.1253, 0.2298
0.1253, 0.2298
0.1253, 0.2298
0.1253, 0.2298
0.1253, 0.2298
0.1253, 0.2298
0.1253, 0.2298
0.1253, 0.2298
0.1253, 0.2298
0.1253, 0.2298
0.1253, 0.2298
0.1210, 0.2298
0.1210, 0.2298
0.1210, 0.2298
0.1210, 0.2298
0.1210, 0.2273
0.1210, 0.2273
0.1210, 0.2273
0.1210, 0.2273
0.1210, 0.2273
0.1210, 0.2273
0.1210, 0.2273
0.1210, 0.2273
0.1210, 0.2247
0.1210, 0.2247
0.1210, 0.2247
0.1210, 0.2247
0.1210, 0.2247
0.1210, 0.2247
0.1210, 0.2247
0.1210, 0.2247
0.1210, 0.2247
0.1210, 0.2247
0.1210, 0.2247
0.1210, 0.2247
0.1210, 0.2222
0.1210, 0.2222
0.1210, 0.2222
0.1210, 0.2222
0.1210, 0.2222
0.1210, 0.2222
0.1210, 0.2222
0.1210, 0.2222
0.1210, 0.2222
0.1210, 0.2222
0.1210, 0.2222
0.1210, 0.2222
0.1210, 0.2222
0.1210, 0.2222
0.1210, 0.2222
0.1210, 0.2222
0.1210, 0.2222
0.1210, 0.2222
0.1210, 0.2222
0.1210, 0.2222
0.1210, 0.2222
0.1210, 0.2222
0.1210, 0.2222
0.1210, 0.2222
0.1210, 0.2222
0.1210, 0.2222
0.1168, 0.2197
0.1168, 0.2197
0.1168, 0.2197
0.1168, 0.2197
0.1168, 0.2197
0.1168, 0.2197
0.1168, 0.2197
0.1168, 0.2197
0.1168, 0.2197
0.1168, 0.2197
0.1168, 0.2197
0.1168, 0.2197
0.1168, 0.2197
0.1168, 0.2172
0.1168, 0.2172
0.1168, 0.2172
0.1168, 0.2172
0.1168, 0.2172
0.1168, 0.2172
0.1168, 0.2172
0.1168, 0.2172
0.1168, 0.2172
0.1168, 0.2172
0.1168, 0.2172
0.1168, 0.2172
0.1168, 0.2172
0.1168, 0.2172
0.1168, 0.2172
0.1168, 0.2172
0.1168, 0.2172
0.1168, 0.2172
0.1168, 0.2172
0.1168, 0.2172
0.1168, 0.2172
0.1168, 0.2172
0.1168, 0.2172
0.1168, 0.2172
0.1168, 0.2146
0.1168, 0.2146
0.1168, 0.2146
0.1168, 0.2146
0.1168, 0.2146
0.1168, 0.2146
0.1168, 0.2146
0.1168, 0.2146
0.1168, 0.2146
0.1168, 0.2146
0.1168, 0.2146
0.1168, 0.2146
0.1168, 0.2121
0.1168, 0.2121
0.1168, 0.2121
0.1168, 0.2121
0.1168, 0.2121
0.1168, 0.2121
0.1168, 0.2121
0.1168, 0.2121
0.1168, 0.2096
0.1168, 0.2096
0.1168, 0.2096
0.1168, 0.2096
0.1168, 0.2096
0.1168, 0.2096
0.1168, 0.2096
0.1168, 0.2096
0.1168, 0.2096
0.1168, 0.2096
0.1168, 0.2096
0.1168, 0.2096
0.1168, 0.2096
0.1168, 0.2096
0.1168, 0.2096
0.1168, 0.2096
0.1168, 0.2096
0.1168, 0.2096
0.1168, 0.2096
0.1168, 0.2096
0.1168, 0.2096
0.1168, 0.2096
0.1168, 0.2096
0.1168, 0.2096
0.1168, 0.2071
0.1168, 0.2071
0.1168, 0.2071
0.1168, 0.2071
0.1168, 0.2071
0.1168, 0.2071
0.1168, 0.2071
0.1168, 0.2071
0.1168, 0.2071
0.1168, 0.2071
0.1168, 0.2071
0.1168, 0.2071
0.1168, 0.2045
0.1168, 0.2045
0.1168, 0.2045
0.1168, 0.2045
0.1168, 0.2045
0.1168, 0.2045
0.1168, 0.2045
0.1168, 0.2045
0.1168, 0.2045
0.1168, 0.2045
0.1168, 0.2045
0.1168, 0.2045
0.1168, 0.2045
0.1168, 0.2045
0.1168, 0.2045
0.1168, 0.2045
0.1168, 0.2045
0.1168, 0.2045
0.1168, 0.2045
0.1168, 0.2045
0.1168, 0.2045
0.1168, 0.2045
0.1168, 0.2020
0.1168, 0.2020
0.1168, 0.2020
0.1168, 0.2020
0.1168, 0.2020
0.1168, 0.2020
0.1168, 0.2020
0.1210, 0.2020
0.1210, 0.2020
0.1210, 0.2020
0.1210, 0.2020
0.1210, 0.2020
0.1210, 0.2020
0.1210, 0.2020
0.1210, 0.2020
0.1210, 0.1995
0.1210, 0.1995
0.1210, 0.1995
0.1210, 0.1995
0.1210, 0.1995
0.1210, 0.1995
0.1210, 0.1995
0.1210, 0.1995
0.1210, 0.1995
0.1210, 0.1995
0.1210, 0.1995
0.1210, 0.1995
0.1210, 0.1995
0.1210, 0.1995
0.1210, 0.1995
0.1210, 0.1995
0.1210, 0.1995
0.1210, 0.1995
0.1210, 0.1995
0.1210, 0.1995
0.1253, 0.1995
0.1253, 0.1995
0.1253, 0.1995
0.1253, 0.1995
0.1253, 0.1995
0.1253, 0.1995
0.1253, 0.1995
0.1253, 0.1995
0.1253, 0.1970
0.1253, 0.1970
0.1253, 0.1970
0.1253, 0.1970
0.1253, 0.1970
0.1253, 0.1970
0.1253, 0.1970
0.1253, 0.1970
0.1253, 0.1970
0.1253, 0.1970
0.1253, 0.1970
0.1253, 0.1970
0.1253, 0.1944
0.1253, 0.1944
0.1253, 0.1944
0.1253, 0.1944
0.1253, 0.1944
0.1253, 0.1944
0.1253, 0.1944
0.1253, 0.1944
0.1253, 0.1944
0.1253, 0.1944
0.1253, 0.1944
0.1253, 0.1944
0.1253, 0.1944
0.1253, 0.1944
0.1253, 0.1944
0.1253, 0.1944
0.1253, 0.1919
0.1253, 0.1919
0.1253, 0.1919
0.1253, 0.1919
0.1294, 0.1919
0.1294, 0.1919
0.1294, 0.1919
0.1294, 0.1919
0.1294, 0.1919
0.1294, 0.1919
0.1294, 0.1919
0.1294, 0.1919
0.1294, 0.1919
0.1294, 0.1919
0.1294, 0.1919
0.1294, 0.1919
0.1337, 0.1919
0.1337, 0.1919
0.1337, 0.1919
0.1337, 0.1919
0.1337, 0.1919
0.1337, 0.1919
0.1337, 0.1919
0.1337, 0.1919
0.1337, 0.1919
0.1337, 0.1919
0.1337, 0.1919
0.1337, 0.1919
0.1337, 0.1919
0.1337, 0.1919
0.1337, 0.1919
0.1337, 0.1894
0.1337, 0.1894
0.1337, 0.1894
0.1337, 0.1894
0.1337, 0.1894
0.1337, 0.1894
0.1337, 0.1894
0.1337, 0.1894
0.1337, 0.1894
0.1337, 0.1894
0.1337, 0.1894
0.1337, 0.1894
0.1337, 0.1894
0.1337, 0.1894
0.1337, 0.1894
0.1337, 0.1894
0.1379, 0.1869
0.1379, 0.1869
0.1379, 0.1869
0.1379, 0.1869
0.1379, 0.1869
0.1379, 0.1869
0.1379, 0.1869
0.1421, 0.1869
0.1421, 0.1869
0.1421, 0.1869
0.1421, 0.1869
0.1421, 0.1869
0.1421, 0.1869
0.1421, 0.1869
0.1421, 0.1869
0.1421, 0.1869
0.1421, 0.1869
0.1463, 0.1869
0.1463, 0.1869
0.1463, 0.1869
0.1463, 0.1869
0.1463, 0.1869
0.1463, 0.1869
0.1463, 0.1869
0.1463, 0.1869
0.1463, 0.1869
0.1463, 0.1869
0.1463, 0.1869
0.1463, 0.1869
0.1463, 0.1869
0.1463, 0.1869
0.1463, 0.1869
0.1463, 0.1869
0.1463, 0.1869
0.1463, 0.1869
0.1463, 0.1869
0.1463, 0.1869
0.1463, 0.1843
0.1463, 0.1843
0.1463, 0.1843
0.1506, 0.1843
0.1506, 0.1843
0.1506, 0.1843
0.1506, 0.1843
0.1506, 0.1843
0.1506, 0.1843
0.1506, 0.1843
0.1506, 0.1843
0.1547, 0.1843
0.1547, 0.1843
0.1547, 0.1843
0.1547, 0.1843
0.1547, 0.1843
0.1547, 0.1843
0.1547, 0.1843
0.1547, 0.1843
0.1547, 0.1843
0.1547, 0.1843
0.1547, 0.1843
0.1589, 0.1818
0.1589, 0.1818
0.1589, 0.1818
0.1589, 0.1818
0.1589, 0.1818
0.1589, 0.1818
0.1589, 0.1818
0.1589, 0.1818
0.1589, 0.1818
0.1589, 0.1818
0.1589, 0.1818
0.1589, 0.1818
0.1632, 0.1818
0.1632, 0.1818
0.1632, 0.1818
0.1632, 0.1818
0.1632, 0.1818
0.1632, 0.1818
0.1632, 0.1818
0.1632, 0.1818
0.1632, 0.1818
0.1632, 0.1818
0.1632, 0.1818
0.1632, 0.1818
0.1632, 0.1818
0.1632, 0.1818
0.1632, 0.1818
0.1632, 0.1818
0.1632, 0.1818
0.1632, 0.1818
0.1632, 0.1818
0.1673, 0.1793
0.1673, 0.1793
0.1673, 0.1793
0.1673, 0.1793
0.1673, 0.1793
0.1673, 0.1793
0.1716, 0.1793
0.1716, 0.1793
0.1716, 0.1793
0.1716, 0.1793
0.1716, 0.1793
0.1758, 0.1793
0.1758, 0.1793
0.1758, 0.1793
0.1758, 0.1793
0.1758, 0.1793
0.1758, 0.1793
0.1758, 0.1793
0.1758, 0.1793
0.1758, 0.1793
0.1758, 0.1793
0.1758, 0.1793
0.1758, 0.1793
0.1758, 0.1793
0.1758, 0.1793
0.1758, 0.1793
0.1758, 0.1793
0.1800, 0.1793
0.1800, 0.1793
0.1800, 0.1793
0.1800, 0.1793
0.1800, 0.1793
0.1800, 0.1793
0.1800, 0.1793
0.1800, 0.1793
0.1842, 0.1793
0.1842, 0.1793
0.1842, 0.1793
0.1842, 0.1793
0.1842, 0.1793
0.1842, 0.1793
0.1842, 0.1793
0.1842, 0.1793
0.1842, 0.1793
0.1842, 0.1793
0.1842, 0.1793
0.1842, 0.1793
0.1884, 0.1793
0.1884, 0.1793
0.1884, 0.1793
0.1884, 0.1793
0.1884, 0.1793
0.1884, 0.1793
0.1926, 0.1793
0.1926, 0.1793
0.1926, 0.1793
0.1969, 0.1793
0.1969, 0.1793
0.1969, 0.1793
0.1969, 0.1793
0.1969, 0.1793
0.1969, 0.1793
0.1969, 0.1793
0.1969, 0.1793
0.1969, 0.1793
0.1969, 0.1793
0.1969, 0.1793
0.1969, 0.1793
0.2010, 0.1793
0.2010, 0.1793
0.2010, 0.1793
0.2053, 0.1793
0.2053, 0.1793
0.2053, 0.1793
0.2053, 0.1793
0.2053, 0.1793
0.2053, 0.1793
0.2053, 0.1793
0.2053, 0.1793
0.2095, 0.1793
0.2095, 0.1793
0.2095, 0.1793
0.2137, 0.1793
0.2137, 0.1793
0.2137, 0.1793
0.2137, 0.1793
0.2137, 0.1793
0.2137, 0.1793
0.2179, 0.1793
0.2179, 0.1793
0.2179, 0.1793
0.2179, 0.1793
0.2179, 0.1793
0.2179, 0.1793
0.2179, 0.1793
0.2179, 0.1793
0.2179, 0.1793
0.2179, 0.1793
0.2179, 0.1793
0.2179, 0.1793
0.2179, 0.1793
0.2179, 0.1793
0.2179, 0.1793
0.2221, 0.1793
0.2221, 0.1793
0.2221, 0.1793
0.2221, 0.1793
0.2221, 0.1793
0.2221, 0.1793
0.2263, 0.1793
0.2263, 0.1793
0.2263, 0.1793
0.2263, 0.1793
0.2263, 0.1793
0.2263, 0.1793
0.2263, 0.1793
0.2263, 0.1793
0.2263, 0.1793
0.2263, 0.1793
0.2263, 0.1793
0.2263, 0.1793
0.2305, 0.1793
0.2305, 0.1793
0.2347, 0.1793
0.2347, 0.1793
0.2347, 0.1793
0.2389, 0.1793
0.2389, 0.1793
0.2389, 0.1793
0.2389, 0.1818
0.2389, 0.1818
0.2389, 0.1818
0.2389, 0.1818
0.2389, 0.1818
0.2389, 0.1818
0.2389, 0.1818
0.2389, 0.1818
0.2432, 0.1818
0.2432, 0.1818
0.2432, 0.1818
0.2432, 0.1818
0.2432, 0.1818
0.2432, 0.1818
0.2432, 0.1818
0.2432, 0.1818
0.2432, 0.1818
0.2473, 0.1818
0.2473, 0.1818
0.2473, 0.1818
0.2473, 0.1818
0.2473, 0.1818
0.2473, 0.1818
0.2473, 0.1818
0.2473, 0.1818
0.2516, 0.1843
0.2516, 0.1843
0.2516, 0.1843
0.2516, 0.1843
0.2516, 0.1843
0.2516, 0.1843
0.2558, 0.1843
0.2558, 0.1843
0.2558, 0.1843
0.2600, 0.1843
0.2600, 0.1843
0.2600, 0.1843
0.2600, 0.1843
0.2600, 0.1843
0.2600, 0.1843
0.2600, 0.1843
0.2600, 0.1843
0.2600, 0.1843
0.2600, 0.1843
0.2600, 0.1843
0.2642, 0.1843
0.2642, 0.1843
0.2642, 0.1843
0.2642, 0.1869
0.2642, 0.1869
0.2684, 0.1869
0.2684, 0.1869
0.2684, 0.1869
0.2684, 0.1869
0.2684, 0.1869
0.2684, 0.1869
0.2684, 0.1869
0.2684, 0.1869
0.2684, 0.1869
0.2684, 0.1869
0.2684, 0.1869
0.2726, 0.1869
0.2726, 0.1869
0.2726, 0.1869
0.2768, 0.1869
0.2768, 0.1869
0.2768, 0.1869
0.2768, 0.1869
0.2768, 0.1869
0.2768, 0.1869
0.2811, 0.1894
0.2811, 0.1894
0.2811, 0.1894
0.2811, 0.1894
0.2811, 0.1894
0.2811, 0.1894
0.2852, 0.1894
0.2852, 0.1894
0.2852, 0.1894
0.2852, 0.1894
0.2852, 0.1894
0.2895, 0.1894
0.2895, 0.1894
0.2895, 0.1894
0.2895, 0.1894
0.2895, 0.1894
0.2895, 0.1894
0.2895, 0.1894
0.2895, 0.1894
0.2937, 0.1894
0.2937, 0.1894
0.2937, 0.1894
0.2937, 0.1894
0.2937, 0.1894
0.2979, 0.1894
0.2979, 0.1894
0.2979, 0.1894
0.2979, 0.1894
0.2979, 0.1894
0.2979, 0.1894
0.2979, 0.1894
0.2979, 0.1894
0.2979, 0.1894
0.3021, 0.1919
0.3021, 0.1919
0.3021, 0.1919
0.3021, 0.1919
0.3021, 0.1919
0.3021, 0.1919
0.3063, 0.1919
0.3063, 0.1919
0.3105, 0.1919
0.3105, 0.1919
0.3105, 0.1919
0.3105, 0.1944
0.3105, 0.1944
0.3105, 0.1944
0.3105, 0.1944
0.3105, 0.1944
0.3148, 0.1944
0.3148, 0.1944
0.3148, 0.1944
0.3189, 0.1970
0.3189, 0.1970
0.3189, 0.1970
0.3189, 0.1970
0.3189, 0.1970
0.3189, 0.1970
0.3189, 0.1970
0.3189, 0.1970
0.3232, 0.1970
0.3232, 0.1970
0.3232, 0.1970
0.3232, 0.1970
0.3232, 0.1970
0.3232, 0.1970
0.3274, 0.1970
0.3274, 0.1970
0.3274, 0.1970
0.3315, 0.1970
0.3315, 0.1970
0.3315, 0.1995
0.3315, 0.1995
0.3315, 0.1995
0.3315, 0.1995
0.3315, 0.1995
0.3315, 0.1995
0.3358, 0.2020
0.3358, 0.2020
0.3400, 0.2020
0.3400, 0.2020
0.3400, 0.2020
0.3400, 0.2020
0.3400, 0.2020
0.3400, 0.2020
0.3400, 0.2020
0.3400, 0.2020
0.3400, 0.2020
0.3400, 0.2020
0.3400, 0.2020
0.3442, 0.2020
0.3442, 0.2020
0.3484, 0.2020
0.3484, 0.2020
0.3484, 0.2020
0.3484, 0.2045
0.3484, 0.2045
0.3484, 0.2045
0.3526, 0.2045
0.3526, 0.2045
0.3526, 0.2045
0.3526, 0.2045
0.3526, 0.2045
0.3526, 0.2045
0.3526, 0.2045
0.3526, 0.2045
0.3526, 0.2045
0.3526, 0.2045
0.3526, 0.2045
0.3568, 0.2071
0.3568, 0.2071
0.3568, 0.2071
0.3568, 0.2071
0.3568, 0.2071
0.3568, 0.2071
0.3568, 0.2071
0.3568, 0.2071
0.3568, 0.2071
0.3568, 0.2071
0.3568, 0.2071
0.3568, 0.2071
0.3568, 0.2071
0.3568, 0.2071
0.3568, 0.2071
0.3568, 0.2071
0.3568, 0.2071
0.3611, 0.2071
0.3611, 0.2071
0.3611, 0.2071
0.3611, 0.2071
0.3611, 0.2071
0.3611, 0.2071
0.3611, 0.2071
0.3611, 0.2071
0.3611, 0.2071
0.3611, 0.2071
0.3611, 0.2071
0.3611, 0.2071
0.3611, 0.2071
0.3611, 0.2071
0.3611, 0.2071
0.3611, 0.2071
0.3611, 0.2071
0.3611, 0.2071
0.3611, 0.2071
0.3611, 0.2071
0.3611, 0.2071
0.3611, 0.2071
0.3611, 0.2071
0.3611, 0.2071
0.3611, 0.2071
0.3611, 0.2071
0.3611, 0.2071
0.3611, 0.2071
0.3611, 0.2071
0.3611, 0.2071
0.3611, 0.2071
0.3611, 0.2071
0.3611, 0.2071
0.3611, 0.2071
