0.0760, 0.1140
0.0760, 0.1257
0.0760, 0.1491
0.0760, 0.1667
0.0819, 0.1901
0.0936, 0.2134
0.0994, 0.2427
0.1053, 0.2661
0.1111, 0.2953
0.1169, 0.3129
0.1287, 0.3363
0.1403, 0.3479
0.1462, 0.3655
0.1579, 0.3947
0.1696, 0.4064
0.1871, 0.4357
0.1988, 0.4532
0.2164, 0.4825
0.2281, 0.5000
0.2456, 0.5175
0.2573, 0.5409
0.2690, 0.5526
0.2924, 0.5760
0.3099, 0.5877
0.3392, 0.6053
0.3626, 0.6228
0.3977, 0.6403
0.4211, 0.6579
0.4620, 0.6813
0.4971, 0.6988
0.5263, 0.7105
0.5497, 0.7339
0.5789, 0.7515
0.6023, 0.7749
0.6257, 0.7866
0.6491, 0.7982
0.6784, 0.8041
0.6959, 0.8216
0.7251, 0.8275
0.7485, 0.8392
0.7719, 0.8450
0.7895, 0.8509
0.8187, 0.8567
0.8363, 0.8567
0.8538, 0.8684
0.8772, 0.8743
0.8947, 0.8743
0.9240, 0.8743
0.9357, 0.8801
0.9649, 0.8801
0.9766, 0.8860
0.9883, 0.8860
0.9941, 0.8860
1.0000, 0.8860

0.3216, 0.5877
0.3099, 0.5819
0.2982, 0.5760
0.2748, 0.5760
0.2515, 0.5702
0.2222, 0.5643
0.1462, 0.5409
0.1345, 0.5409
0.1228, 0.5409
0.1169, 0.5409
0.1111, 0.5409
0.0994, 0.5409
0.0819, 0.5409
0.0702, 0.5409
0.0585, 0.5409
0.0526, 0.5409
0.0468, 0.5409
0.0351, 0.5468
0.0292, 0.5468
0.0234, 0.5468
0.0175, 0.5468
0.0117, 0.5468
0.0059, 0.5468
0.0000, 0.5468
