1.0000, 0.9602
0.9886, 0.9602
0.9659, 0.9602
0.9489, 0.9602
0.9261, 0.9602
0.9091, 0.9602
0.8807, 0.9602
0.8637, 0.9545
0.8466, 0.9432
0.8182, 0.9375
0.7955, 0.9261
0.7670, 0.9205
0.7330, 0.8977
0.7046, 0.8807
0.6648, 0.8693
0.6250, 0.8409
0.5909, 0.8182
0.5682, 0.7954
0.5341, 0.7784
0.5057, 0.7500
0.4830, 0.7330
0.4546, 0.7102
0.4318, 0.6875
0.4091, 0.6648
0.3921, 0.6477
0.3750, 0.6307
0.3523, 0.6023
0.3352, 0.5852
0.3125, 0.5625
0.2955, 0.5398
0.2784, 0.5170
0.2557, 0.4943
0.2386, 0.4659
0.2159, 0.4489
0.2045, 0.4205
0.1932, 0.3977
0.1705, 0.3750
0.1534, 0.3523
0.1421, 0.3239
0.1250, 0.3011
0.1136, 0.2784
0.1023, 0.2614
0.0909, 0.2329
0.0739, 0.2159
0.0682, 0.1875
0.0625, 0.1705
0.0568, 0.1477
0.0511, 0.1307
0.0455, 0.1136
0.0455, 0.0966
0.0341, 0.0852
0.0341, 0.0739
0.0284, 0.0682
0.0284, 0.0511
0.0284, 0.0455
0.0284, 0.0398

0.3068, 0.5795
0.2955, 0.5795
0.2898, 0.5795
0.2671, 0.5625
0.2500, 0.5568
0.2386, 0.5511
0.2216, 0.5454
0.2102, 0.5398
0.2045, 0.5341
0.1989, 0.5341
0.1932, 0.5227
0.1875, 0.5227
0.1762, 0.5227
0.1762, 0.5170
0.1705, 0.5170
0.1648, 0.5170
0.1591, 0.5170
0.1534, 0.5170
0.1477, 0.5170
0.1421, 0.5170
0.1364, 0.5170
0.1250, 0.5170
0.1193, 0.5170
0.1136, 0.5170
0.1023, 0.5170
0.0966, 0.5284
0.0909, 0.5341
0.0795, 0.5341
0.0739, 0.5398
0.0682, 0.5454
0.0625, 0.5454
0.0568, 0.5511
0.0511, 0.5568
0.0455, 0.5625
0.0341, 0.5739
0.0341, 0.5795
0.0284, 0.5795
0.0227, 0.5795
0.0171, 0.5795
0.0114, 0.5795
0.0057, 0.5795
0.0000, 0.5795
