0.2578, 0.0000
0.2578, 0.0248
0.2640, 0.0435
0.2640, 0.0683
0.2640, 0.0932
0.2702, 0.1180
0.2702, 0.1429
0.2764, 0.1801
0.2826, 0.2050
0.2888, 0.2360
0.2950, 0.2671
0.3012, 0.2857
0.3199, 0.3230
0.3261, 0.3478
0.3385, 0.3789
0.3447, 0.4037
0.3571, 0.4348
0.3758, 0.4596
0.3944, 0.4907
0.4192, 0.5280
0.4379, 0.5528
0.4503, 0.5839
0.4751, 0.6025
0.4938, 0.6273
0.5124, 0.6460
0.5435, 0.6832
0.5745, 0.7019
0.5994, 0.7329
0.6304, 0.7578
0.6553, 0.7826
0.6863, 0.8012
0.7050, 0.8199
0.7360, 0.8447
0.7671, 0.8696
0.7919, 0.8882
0.8230, 0.9068
0.8416, 0.9130
0.8789, 0.9379
0.8913, 0.9503
0.9037, 0.9565
0.9161, 0.9627
0.9348, 0.9689
0.9472, 0.9752
0.9534, 0.9876
0.9658, 0.9938
0.9783, 0.9938
0.9845, 1.0000
0.9845, 0.9938

0.3509, 0.5031
0.3447, 0.5031
0.3323, 0.4969
0.3261, 0.4969
0.3074, 0.4907
0.2950, 0.4907
0.2826, 0.4845
0.2764, 0.4783
0.2515, 0.4658
0.2391, 0.4658
0.2205, 0.4596
0.2019, 0.4596
0.1894, 0.4534
0.1770, 0.4534
0.1708, 0.4534
0.1584, 0.4472
0.1460, 0.4472
0.1335, 0.4472
0.1273, 0.4472
0.1211, 0.4472
0.1025, 0.4472
0.0963, 0.4472
0.0901, 0.4472
0.0838, 0.4472
0.0776, 0.4472
0.0714, 0.4472
0.0652, 0.4472
0.0528, 0.4472
0.0466, 0.4472
0.0404, 0.4472
0.0342, 0.4472
0.0279, 0.4534
0.0217, 0.4534
0.0155, 0.4534
