0.2088, 0.0000
0.2088, 0.0059
0.2088, 0.0235
0.2088, 0.0412
0.2088, 0.0647
0.2088, 0.0824
0.2147, 0.1118
0.2265, 0.1353
0.2265, 0.1647
0.2324, 0.1882
0.2382, 0.2177
0.2441, 0.2353
0.2559, 0.2706
0.2618, 0.3000
0.2735, 0.3235
0.2853, 0.3529
0.2912, 0.3706
0.3029, 0.3941
0.3206, 0.4118
0.3265, 0.4412
0.3382, 0.4647
0.3500, 0.4765
0.3618, 0.5059
0.3853, 0.5412
0.4029, 0.5706
0.4206, 0.6000
0.4441, 0.6353
0.4677, 0.6588
0.4853, 0.6882
0.5147, 0.7177
0.5323, 0.7412
0.5500, 0.7647
0.5794, 0.7882
0.5971, 0.8118
0.6206, 0.8353
0.6441, 0.8471
0.6676, 0.8647
0.6912, 0.8824
0.7147, 0.9000
0.7382, 0.9118
0.7677, 0.9294
0.7794, 0.9412
0.8088, 0.9471
0.8324, 0.9588
0.8559, 0.9647
0.8794, 0.9765
0.9088, 0.9824
0.9265, 0.9882
0.9441, 0.9941
0.9618, 0.9941
0.9735, 0.9941
0.9794, 1.0000
0.9853, 1.0000
0.9912, 1.0000
0.9912, 0.9941
0.9912, 0.9824

0.2676, 0.5176
0.2559, 0.5118
0.2559, 0.5059
0.2500, 0.4941
0.2441, 0.4882
0.2382, 0.4824
0.2382, 0.4765
0.2324, 0.4765
0.2265, 0.4706
0.2206, 0.4647
0.2088, 0.4588
0.2029, 0.4471
0.1971, 0.4471
0.1971, 0.4412
0.1912, 0.4412
0.1853, 0.4412
0.1735, 0.4353
0.1618, 0.4353
0.1500, 0.4353
0.1441, 0.4353
0.1324, 0.4353
0.1088, 0.4353
0.0971, 0.4353
0.0853, 0.4353
0.0735, 0.4353
0.0618, 0.4353
0.0559, 0.4353
0.0500, 0.4353
0.0441, 0.4353
0.0382, 0.4353
0.0323, 0.4353
0.0323, 0.4412
0.0265, 0.4412
0.0147, 0.4412
0.0147, 0.4529
0.0088, 0.4529
0.0088, 0.4588
