0.1644, 0.0000
0.1644, 0.0134
0.1644, 0.0268
0.1644, 0.0470
0.1644, 0.0738
0.1644, 0.1007
0.1644, 0.1208
0.1644, 0.1611
0.1644, 0.2013
0.1644, 0.2416
0.1644, 0.2685
0.1711, 0.3087
0.1846, 0.3490
0.1980, 0.3825
0.2181, 0.4228
0.2315, 0.4698
0.2517, 0.5033
0.2785, 0.5503
0.2987, 0.5839
0.3322, 0.6174
0.3591, 0.6443
0.3859, 0.6711
0.4195, 0.7047
0.4530, 0.7248
0.4933, 0.7517
0.5403, 0.7718
0.5872, 0.7986
0.6208, 0.8188
0.6611, 0.8322
0.7013, 0.8524
0.7349, 0.8725
0.7752, 0.8926
0.8087, 0.9060
0.8423, 0.9329
0.8758, 0.9463
0.8893, 0.9597
0.9094, 0.9664
0.9228, 0.9866
0.9295, 0.9866
0.9362, 0.9933
0.9429, 0.9933
0.9497, 1.0000

0.3926, 0.6309
0.3591, 0.6309
0.3456, 0.6309
0.3255, 0.6309
0.2987, 0.6242
0.2718, 0.6242
0.2383, 0.6174
0.2047, 0.6174
0.1846, 0.6107
0.1577, 0.5973
0.1376, 0.5906
0.1242, 0.5906
0.1107, 0.5839
0.1040, 0.5839
0.0906, 0.5839
0.0839, 0.5772
0.0772, 0.5772
0.0705, 0.5705
0.0637, 0.5705
0.0571, 0.5705
0.0503, 0.5705
