0.3270, 0.0000
0.3270, 0.0000
0.3270, 0.0000
0.3270, 0.0000
0.3270, 0.0000
0.3270, 0.0000
0.3270, 0.0000
0.3270, 0.0000
0.3270, 0.0000
0.3270, 0.0000
0.3270, 0.0000
0.3270, 0.0000
0.3270, 0.0000
0.3270, 0.0000
0.3270, 0.0000
0.3270, 0.0000
0.3270, 0.0000
0.3270, 0.0000
0.3270, 0.0000
0.3270, 0.0000
0.3270, 0.0000
0.3270, 0.0000
0.3270, 0.0000
0.3270, 0.0000
0.3270, 0.0000
0.3270, 0.0000
0.3270, 0.0000
0.3270, 0.0000
0.3270, 0.0000
0.3270, 0.0000
0.3270, 0.0000
0.3270, 0.0000
0.3270, 0.0000
0.3270, 0.0000
0.3270, 0.0000
0.3270, 0.0000
0.3270, 0.0000
0.3270, 0.0000
0.3270, 0.0000
0.3270, 0.0000
0.3270, 0.0000
0.3270, 0.0000
0.3270, 0.0000
0.3270, 0.0000
0.3270, 0.0000
0.3270, 0.0000
0.3270, 0.0000
0.3270, 0.0000
0.3270, 0.0000
0.3270, 0.0000
0.3270, 0.0025
0.3270, 0.0025
0.3270, 0.0025
0.3270, 0.0025
0.3270, 0.0025
0.3270, 0.0051
0.3270, 0.0051
0.3270, 0.0051
0.3270, 0.0051
0.3270, 0.0051
0.3270, 0.0051
0.3270, 0.0051
0.3270, 0.0051
0.3307, 0.0051
0.3307, 0.0051
0.3307, 0.0051
0.3307, 0.0102
0.3307, 0.0102
0.3307, 0.0102
0.3307, 0.0102
0.3307, 0.0127
0.3307, 0.0127
0.3307, 0.0127
0.3307, 0.0127
0.3307, 0.0127
0.3307, 0.0153
0.3307, 0.0153
0.3307, 0.0153
0.3307, 0.0153
0.3307, 0.0204
0.3307, 0.0204
0.3307, 0.0204
0.3307, 0.0204
0.3307, 0.0229
0.3307, 0.0229
0.3307, 0.0229
0.3307, 0.0229
0.3307, 0.0280
0.3307, 0.0280
0.3307, 0.0280
0.3307, 0.0280
0.3307, 0.0305
0.3307, 0.0305
0.3307, 0.0305
0.3307, 0.0305
0.3343, 0.0331
0.3343, 0.0331
0.3343, 0.0331
0.3343, 0.0331
0.3343, 0.0356
0.3343, 0.0356
0.3343, 0.0356
0.3380, 0.0382
0.3380, 0.0382
0.3380, 0.0382
0.3380, 0.0382
0.3380, 0.0407
0.3380, 0.0407
0.3380, 0.0407
0.3380, 0.0407
0.3380, 0.0407
0.3380, 0.0458
0.3380, 0.0458
0.3380, 0.0458
0.3380, 0.0458
0.3415, 0.0458
0.3415, 0.0458
0.3415, 0.0458
0.3415, 0.0458
0.3415, 0.0509
0.3415, 0.0509
0.3415, 0.0509
0.3415, 0.0509
0.3415, 0.0534
0.3415, 0.0534
0.3415, 0.0534
0.3415, 0.0534
0.3415, 0.0560
0.3415, 0.0560
0.3415, 0.0560
0.3415, 0.0560
0.3415, 0.0585
0.3415, 0.0585
0.3415, 0.0585
0.3415, 0.0585
0.3415, 0.0611
0.3415, 0.0611
0.3415, 0.0611
0.3415, 0.0611
0.3452, 0.0611
0.3452, 0.0611
0.3452, 0.0611
0.3452, 0.0611
0.3452, 0.0662
0.3452, 0.0662
0.3452, 0.0662
0.3452, 0.0662
0.3452, 0.0687
0.3452, 0.0687
0.3452, 0.0687
0.3452, 0.0687
0.3489, 0.0687
0.3489, 0.0687
0.3489, 0.0687
0.3489, 0.0687
0.3489, 0.0712
0.3489, 0.0712
0.3489, 0.0712
0.3489, 0.0712
0.3489, 0.0738
0.3489, 0.0738
0.3489, 0.0738
0.3489, 0.0738
0.3489, 0.0738
0.3489, 0.0738
0.3489, 0.0738
0.3489, 0.0738
0.3489, 0.0738
0.3525, 0.0738
0.3525, 0.0738
0.3525, 0.0738
0.3525, 0.0738
0.3525, 0.0763
0.3525, 0.0763
0.3525, 0.0763
0.3525, 0.0789
0.3525, 0.0789
0.3525, 0.0789
0.3525, 0.0789
0.3525, 0.0814
0.3525, 0.0814
0.3525, 0.0814
0.3525, 0.0814
0.3525, 0.0814
0.3525, 0.0814
0.3525, 0.0814
0.3525, 0.0814
0.3525, 0.0814
0.3525, 0.0814
0.3525, 0.0814
0.3525, 0.0814
0.3525, 0.0814
0.3525, 0.0840
0.3525, 0.0840
0.3525, 0.0840
0.3525, 0.0840
0.3525, 0.0865
0.3525, 0.0865
0.3525, 0.0865
0.3525, 0.0865
0.3562, 0.0865
0.3562, 0.0865
0.3562, 0.0891
0.3562, 0.0891
0.3598, 0.0916
0.3598, 0.0916
0.3598, 0.0941
0.3598, 0.0941
0.3598, 0.0967
0.3598, 0.0992
0.3598, 0.0992
0.3598, 0.0992
0.3634, 0.1043
0.3634, 0.1043
0.3634, 0.1043
0.3634, 0.1043
0.3634, 0.1043
0.3634, 0.1043
0.3671, 0.1069
0.3671, 0.1069
0.3671, 0.1069
0.3671, 0.1069
0.3671, 0.1094
0.3671, 0.1094
0.3671, 0.1094
0.3671, 0.1120
0.3671, 0.1120
0.3671, 0.1120
0.3671, 0.1120
0.3671, 0.1120
0.3671, 0.1120
0.3671, 0.1120
0.3671, 0.1120
0.3671, 0.1120
0.3671, 0.1120
0.3671, 0.1120
0.3671, 0.1120
0.3707, 0.1145
0.3707, 0.1145
0.3707, 0.1145
0.3707, 0.1145
0.3707, 0.1145
0.3707, 0.1145
0.3707, 0.1145
0.3707, 0.1145
0.3744, 0.1170
0.3744, 0.1170
0.3744, 0.1170
0.3744, 0.1170
0.3744, 0.1170
0.3744, 0.1170
0.3744, 0.1170
0.3744, 0.1170
0.3744, 0.1196
0.3744, 0.1196
0.3744, 0.1196
0.3744, 0.1196
0.3780, 0.1221
0.3780, 0.1221
0.3780, 0.1221
0.3780, 0.1221
0.3780, 0.1221
0.3780, 0.1221
0.3780, 0.1221
0.3780, 0.1221
0.3780, 0.1221
0.3780, 0.1247
0.3780, 0.1247
0.3780, 0.1247
0.3780, 0.1247
0.3780, 0.1247
0.3780, 0.1247
0.3780, 0.1247
0.3780, 0.1247
0.3816, 0.1272
0.3816, 0.1272
0.3816, 0.1272
0.3816, 0.1272
0.3816, 0.1298
0.3816, 0.1298
0.3816, 0.1298
0.3853, 0.1298
0.3853, 0.1298
0.3853, 0.1298
0.3853, 0.1298
0.3853, 0.1323
0.3853, 0.1323
0.3853, 0.1323
0.3853, 0.1323
0.3853, 0.1349
0.3853, 0.1349
0.3853, 0.1349
0.3853, 0.1349
0.3853, 0.1374
0.3853, 0.1374
0.3853, 0.1374
0.3853, 0.1374
0.3889, 0.1374
0.3889, 0.1374
0.3889, 0.1374
0.3889, 0.1374
0.3889, 0.1399
0.3889, 0.1399
0.3889, 0.1399
0.3926, 0.1425
0.3926, 0.1425
0.3926, 0.1425
0.3926, 0.1425
0.3926, 0.1425
0.3926, 0.1425
0.3926, 0.1425
0.3926, 0.1425
0.3926, 0.1425
0.3962, 0.1425
0.3962, 0.1425
0.3962, 0.1425
0.3962, 0.1425
0.3962, 0.1450
0.3962, 0.1450
0.3962, 0.1450
0.3962, 0.1476
0.3962, 0.1476
0.3962, 0.1476
0.3962, 0.1476
0.3962, 0.1501
0.3962, 0.1501
0.3962, 0.1501
0.3962, 0.1501
0.3998, 0.1501
0.3998, 0.1501
0.3998, 0.1501
0.3998, 0.1501
0.3998, 0.1527
0.3998, 0.1527
0.3998, 0.1527
0.3998, 0.1527
0.4035, 0.1552
0.4035, 0.1552
0.4035, 0.1552
0.4071, 0.1578
0.4071, 0.1578
0.4071, 0.1578
0.4071, 0.1578
0.4071, 0.1603
0.4071, 0.1603
0.4071, 0.1603
0.4071, 0.1603
0.4071, 0.1628
0.4071, 0.1628
0.4071, 0.1628
0.4071, 0.1628
0.4108, 0.1628
0.4108, 0.1628
0.4108, 0.1628
0.4108, 0.1628
0.4108, 0.1654
0.4108, 0.1654
0.4108, 0.1654
0.4145, 0.1679
0.4145, 0.1679
0.4145, 0.1679
0.4145, 0.1679
0.4145, 0.1679
0.4145, 0.1679
0.4145, 0.1679
0.4145, 0.1679
0.4145, 0.1679
0.4145, 0.1679
0.4145, 0.1679
0.4145, 0.1679
0.4145, 0.1705
0.4145, 0.1705
0.4145, 0.1705
0.4145, 0.1705
0.4145, 0.1730
0.4145, 0.1730
0.4145, 0.1730
0.4145, 0.1730
0.4180, 0.1756
0.4180, 0.1756
0.4180, 0.1756
0.4180, 0.1756
0.4180, 0.1756
0.4180, 0.1756
0.4180, 0.1756
0.4180, 0.1756
0.4217, 0.1781
0.4217, 0.1781
0.4217, 0.1781
0.4217, 0.1807
0.4217, 0.1807
0.4217, 0.1807
0.4217, 0.1807
0.4217, 0.1807
0.4217, 0.1807
0.4217, 0.1807
0.4217, 0.1832
0.4217, 0.1832
0.4217, 0.1832
0.4217, 0.1832
0.4253, 0.1858
0.4253, 0.1858
0.4253, 0.1858
0.4253, 0.1858
0.4253, 0.1883
0.4253, 0.1883
0.4253, 0.1883
0.4290, 0.1883
0.4290, 0.1883
0.4290, 0.1883
0.4290, 0.1883
0.4290, 0.1908
0.4290, 0.1908
0.4290, 0.1908
0.4327, 0.1934
0.4327, 0.1934
0.4327, 0.1934
0.4327, 0.1934
0.4327, 0.1934
0.4327, 0.1934
0.4327, 0.1934
0.4327, 0.1934
0.4327, 0.1934
0.4327, 0.1934
0.4327, 0.1934
0.4327, 0.1959
0.4327, 0.1959
0.4327, 0.1959
0.4327, 0.1959
0.4327, 0.1985
0.4327, 0.1985
0.4327, 0.1985
0.4327, 0.1985
0.4362, 0.1985
0.4362, 0.1985
0.4362, 0.1985
0.4362, 0.2010
0.4362, 0.2010
0.4362, 0.2010
0.4362, 0.2010
0.4362, 0.2010
0.4362, 0.2010
0.4362, 0.2010
0.4362, 0.2010
0.4399, 0.2036
0.4399, 0.2036
0.4399, 0.2036
0.4399, 0.2036
0.4399, 0.2061
0.4399, 0.2061
0.4399, 0.2061
0.4399, 0.2061
0.4399, 0.2061
0.4399, 0.2061
0.4399, 0.2061
0.4399, 0.2061
0.4436, 0.2087
0.4436, 0.2087
0.4436, 0.2087
0.4436, 0.2112
0.4436, 0.2112
0.4436, 0.2112
0.4436, 0.2112
0.4472, 0.2112
0.4472, 0.2112
0.4472, 0.2112
0.4472, 0.2112
0.4472, 0.2137
0.4472, 0.2137
0.4472, 0.2137
0.4509, 0.2137
0.4509, 0.2137
0.4509, 0.2137
0.4509, 0.2137
0.4509, 0.2163
0.4509, 0.2163
0.4509, 0.2163
0.4509, 0.2163
0.4509, 0.2163
0.4509, 0.2163
0.4509, 0.2163
0.4509, 0.2163
0.4509, 0.2188
0.4509, 0.2188
0.4509, 0.2188
0.4509, 0.2188
0.4509, 0.2188
0.4509, 0.2188
0.4509, 0.2188
0.4544, 0.2188
0.4544, 0.2188
0.4544, 0.2188
0.4544, 0.2214
0.4544, 0.2214
0.4544, 0.2214
0.4544, 0.2214
0.4581, 0.2214
0.4581, 0.2214
0.4581, 0.2214
0.4581, 0.2214
0.4581, 0.2239
0.4581, 0.2239
0.4581, 0.2239
0.4581, 0.2239
0.4581, 0.2265
0.4581, 0.2265
0.4581, 0.2265
0.4581, 0.2265
0.4581, 0.2265
0.4581, 0.2265
0.4581, 0.2265
0.4581, 0.2265
0.4581, 0.2265
0.4581, 0.2265
0.4581, 0.2265
0.4618, 0.2265
0.4618, 0.2265
0.4618, 0.2265
0.4618, 0.2265
0.4618, 0.2290
0.4618, 0.2290
0.4618, 0.2290
0.4618, 0.2290
0.4654, 0.2290
0.4654, 0.2290
0.4654, 0.2290
0.4654, 0.2316
0.4654, 0.2316
0.4654, 0.2316
0.4654, 0.2316
0.4691, 0.2316
0.4691, 0.2316
0.4691, 0.2316
0.4691, 0.2341
0.4691, 0.2341
0.4691, 0.2341
0.4691, 0.2341
0.4691, 0.2341
0.4691, 0.2341
0.4691, 0.2341
0.4691, 0.2341
0.4726, 0.2366
0.4726, 0.2366
0.4726, 0.2366
0.4726, 0.2366
0.4726, 0.2392
0.4726, 0.2392
0.4726, 0.2392
0.4763, 0.2392
0.4763, 0.2392
0.4763, 0.2392
0.4763, 0.2392
0.4763, 0.2417
0.4763, 0.2417
0.4763, 0.2417
0.4763, 0.2417
0.4763, 0.2443
0.4763, 0.2443
0.4763, 0.2443
0.4800, 0.2443
0.4800, 0.2443
0.4800, 0.2443
0.4800, 0.2443
0.4836, 0.2443
0.4836, 0.2443
0.4836, 0.2443
0.4836, 0.2443
0.4836, 0.2443
0.4836, 0.2443
0.4836, 0.2443
0.4836, 0.2443
0.4873, 0.2468
0.4873, 0.2468
0.4873, 0.2468
0.4873, 0.2494
0.4873, 0.2494
0.4873, 0.2494
0.4873, 0.2494
0.4873, 0.2494
0.4873, 0.2494
0.4873, 0.2494
0.4873, 0.2494
0.4873, 0.2494
0.4873, 0.2494
0.4873, 0.2494
0.4873, 0.2494
0.4909, 0.2494
0.4909, 0.2494
0.4909, 0.2494
0.4909, 0.2519
0.4909, 0.2519
0.4909, 0.2519
0.4909, 0.2519
0.4945, 0.2519
0.4945, 0.2519
0.4945, 0.2519
0.4945, 0.2519
0.4945, 0.2545
0.4945, 0.2545
0.4945, 0.2545
0.4945, 0.2545
0.4945, 0.2545
0.4945, 0.2545
0.4945, 0.2545
0.4982, 0.2570
0.4982, 0.2570
0.4982, 0.2570
0.4982, 0.2570
0.4982, 0.2570
0.4982, 0.2570
0.5018, 0.2570
0.5018, 0.2570
0.5018, 0.2570
0.5018, 0.2570
0.5055, 0.2595
0.5055, 0.2595
0.5055, 0.2595
0.5055, 0.2595
0.5055, 0.2595
0.5055, 0.2595
0.5055, 0.2595
0.5055, 0.2621
0.5055, 0.2621
0.5055, 0.2621
0.5091, 0.2621
0.5091, 0.2621
0.5091, 0.2621
0.5091, 0.2621
0.5091, 0.2621
0.5091, 0.2621
0.5091, 0.2621
0.5091, 0.2621
0.5127, 0.2621
0.5127, 0.2621
0.5127, 0.2621
0.5127, 0.2621
0.5127, 0.2621
0.5127, 0.2621
0.5127, 0.2621
0.5127, 0.2646
0.5127, 0.2646
0.5127, 0.2646
0.5127, 0.2646
0.5164, 0.2672
0.5164, 0.2672
0.5164, 0.2672
0.5200, 0.2672
0.5200, 0.2672
0.5200, 0.2672
0.5200, 0.2697
0.5200, 0.2697
0.5200, 0.2697
0.5237, 0.2697
0.5237, 0.2697
0.5237, 0.2697
0.5237, 0.2697
0.5237, 0.2697
0.5237, 0.2697
0.5237, 0.2697
0.5237, 0.2697
0.5237, 0.2697
0.5237, 0.2697
0.5237, 0.2697
0.5274, 0.2723
0.5274, 0.2723
0.5309, 0.2723
0.5309, 0.2723
0.5309, 0.2723
0.5309, 0.2723
0.5309, 0.2748
0.5309, 0.2748
0.5309, 0.2748
0.5346, 0.2748
0.5346, 0.2748
0.5346, 0.2748
0.5346, 0.2748
0.5346, 0.2748
0.5346, 0.2748
0.5346, 0.2748
0.5346, 0.2748
0.5382, 0.2774
0.5382, 0.2774
0.5382, 0.2774
0.5382, 0.2774
0.5382, 0.2774
0.5382, 0.2774
0.5382, 0.2774
0.5419, 0.2799
0.5419, 0.2799
0.5419, 0.2799
0.5419, 0.2799
0.5419, 0.2799
0.5419, 0.2799
0.5419, 0.2799
0.5419, 0.2799
0.5456, 0.2799
0.5456, 0.2799
0.5456, 0.2799
0.5491, 0.2824
0.5491, 0.2824
0.5491, 0.2824
0.5491, 0.2824
0.5491, 0.2824
0.5491, 0.2824
0.5491, 0.2824
0.5491, 0.2824
0.5491, 0.2824
0.5491, 0.2824
0.5528, 0.2850
0.5528, 0.2850
0.5528, 0.2850
0.5528, 0.2850
0.5564, 0.2850
0.5564, 0.2850
0.5564, 0.2850
0.5564, 0.2875
0.5564, 0.2875
0.5564, 0.2875
0.5564, 0.2875
0.5564, 0.2875
0.5564, 0.2875
0.5564, 0.2875
0.5564, 0.2875
0.5601, 0.2875
0.5601, 0.2875
0.5601, 0.2875
0.5638, 0.2875
0.5638, 0.2875
0.5638, 0.2875
0.5638, 0.2875
0.5673, 0.2901
0.5673, 0.2901
0.5673, 0.2901
0.5673, 0.2901
0.5673, 0.2901
0.5673, 0.2901
0.5673, 0.2901
0.5673, 0.2926
0.5673, 0.2926
0.5673, 0.2926
0.5673, 0.2926
0.5710, 0.2926
0.5710, 0.2926
0.5710, 0.2926
0.5710, 0.2926
0.5710, 0.2926
0.5710, 0.2926
0.5747, 0.2952
0.5747, 0.2952
0.5747, 0.2952
0.5747, 0.2952
0.5747, 0.2952
0.5747, 0.2952
0.5747, 0.2952
0.5783, 0.2952
0.5783, 0.2952
0.5783, 0.2952
0.5783, 0.2952
0.5820, 0.2952
0.5820, 0.2952
0.5820, 0.2952
0.5820, 0.2977
0.5820, 0.2977
0.5820, 0.2977
0.5820, 0.2977
0.5855, 0.2977
0.5855, 0.2977
0.5855, 0.2977
0.5855, 0.3003
0.5855, 0.3003
0.5855, 0.3003
0.5855, 0.3003
0.5855, 0.3003
0.5855, 0.3003
0.5855, 0.3003
0.5855, 0.3003
0.5892, 0.3003
0.5892, 0.3003
0.5892, 0.3003
0.5892, 0.3003
0.5892, 0.3003
0.5892, 0.3003
0.5892, 0.3003
0.5929, 0.3003
0.5929, 0.3003
0.5929, 0.3003
0.5929, 0.3003
0.5929, 0.3003
0.5929, 0.3003
0.5929, 0.3003
0.5929, 0.3028
0.5929, 0.3028
0.5929, 0.3028
0.5929, 0.3028
0.5965, 0.3028
0.5965, 0.3028
0.5965, 0.3028
0.6002, 0.3053
0.6002, 0.3053
0.6002, 0.3053
0.6038, 0.3079
0.6038, 0.3079
0.6038, 0.3079
0.6038, 0.3079
0.6074, 0.3079
0.6074, 0.3079
0.6074, 0.3079
0.6111, 0.3079
0.6111, 0.3079
0.6111, 0.3079
0.6111, 0.3079
0.6111, 0.3079
0.6111, 0.3079
0.6111, 0.3079
0.6147, 0.3104
0.6147, 0.3104
0.6147, 0.3104
0.6147, 0.3104
0.6147, 0.3104
0.6147, 0.3104
0.6147, 0.3104
0.6147, 0.3104
0.6184, 0.3104
0.6184, 0.3104
0.6184, 0.3104
0.6184, 0.3130
0.6184, 0.3130
0.6184, 0.3130
0.6184, 0.3130
0.6220, 0.3130
0.6220, 0.3130
0.6220, 0.3130
0.6220, 0.3130
0.6220, 0.3130
0.6220, 0.3130
0.6220, 0.3130
0.6220, 0.3130
0.6220, 0.3130
0.6220, 0.3130
0.6256, 0.3130
0.6256, 0.3130
0.6256, 0.3130
0.6293, 0.3155
0.6293, 0.3155
0.6293, 0.3155
0.6293, 0.3155
0.6329, 0.3155
0.6329, 0.3155
0.6329, 0.3155
0.6329, 0.3181
0.6329, 0.3181
0.6329, 0.3181
0.6366, 0.3181
0.6366, 0.3181
0.6366, 0.3181
0.6366, 0.3181
0.6402, 0.3206
0.6402, 0.3206
0.6402, 0.3206
0.6402, 0.3206
0.6402, 0.3206
0.6402, 0.3206
0.6402, 0.3206
0.6438, 0.3206
0.6438, 0.3206
0.6438, 0.3206
0.6475, 0.3206
0.6475, 0.3206
0.6475, 0.3206
0.6475, 0.3206
0.6511, 0.3206
0.6511, 0.3206
0.6511, 0.3206
0.6511, 0.3232
0.6511, 0.3232
0.6511, 0.3232
0.6511, 0.3232
0.6511, 0.3232
0.6511, 0.3232
0.6511, 0.3232
0.6511, 0.3232
0.6548, 0.3232
0.6548, 0.3232
0.6548, 0.3232
0.6585, 0.3257
0.6585, 0.3257
0.6585, 0.3257
0.6585, 0.3257
0.6585, 0.3257
0.6585, 0.3257
0.6585, 0.3257
0.6585, 0.3257
0.6585, 0.3257
0.6585, 0.3257
0.6585, 0.3257
0.6620, 0.3257
0.6620, 0.3257
0.6620, 0.3257
0.6657, 0.3282
0.6657, 0.3282
0.6657, 0.3282
0.6657, 0.3282
0.6657, 0.3282
0.6657, 0.3282
0.6657, 0.3282
0.6693, 0.3282
0.6693, 0.3282
0.6693, 0.3282
0.6693, 0.3282
0.6730, 0.3308
0.6730, 0.3308
0.6730, 0.3308
0.6767, 0.3308
0.6767, 0.3308
0.6767, 0.3308
0.6767, 0.3308
0.6767, 0.3308
0.6767, 0.3308
0.6767, 0.3308
0.6767, 0.3333
0.6767, 0.3333
0.6767, 0.3333
0.6767, 0.3333
0.6802, 0.3333
0.6802, 0.3333
0.6802, 0.3333
0.6839, 0.3333
0.6839, 0.3333
0.6839, 0.3333
0.6839, 0.3333
0.6839, 0.3333
0.6839, 0.3333
0.6839, 0.3333
0.6875, 0.3333
0.6875, 0.3333
0.6875, 0.3333
0.6875, 0.3359
0.6875, 0.3359
0.6875, 0.3359
0.6912, 0.3359
0.6912, 0.3359
0.6912, 0.3359
0.6912, 0.3359
0.6949, 0.3359
0.6949, 0.3359
0.6949, 0.3359
0.6949, 0.3384
0.6949, 0.3384
0.6949, 0.3384
0.6949, 0.3384
0.6949, 0.3384
0.6949, 0.3384
0.6949, 0.3384
0.6984, 0.3384
0.6984, 0.3384
0.6984, 0.3384
0.6984, 0.3384
0.7021, 0.3384
0.7021, 0.3384
0.7021, 0.3384
0.7021, 0.3384
0.7021, 0.3384
0.7021, 0.3384
0.7021, 0.3384
0.7021, 0.3384
0.7021, 0.3384
0.7021, 0.3384
0.7057, 0.3384
0.7057, 0.3384
0.7057, 0.3384
0.7057, 0.3384
0.7057, 0.3384
0.7057, 0.3384
0.7057, 0.3384
0.7094, 0.3410
0.7094, 0.3410
0.7094, 0.3410
0.7131, 0.3410
0.7131, 0.3410
0.7131, 0.3410
0.7131, 0.3410
0.7131, 0.3410
0.7131, 0.3410
0.7131, 0.3410
0.7166, 0.3410
0.7166, 0.3410
0.7166, 0.3410
0.7166, 0.3410
0.7166, 0.3410
0.7166, 0.3410
0.7166, 0.3410
0.7203, 0.3410
0.7203, 0.3410
0.7203, 0.3410
0.7203, 0.3435
0.7203, 0.3435
0.7203, 0.3435
0.7203, 0.3435
0.7240, 0.3435
0.7240, 0.3435
0.7240, 0.3435
0.7276, 0.3435
0.7276, 0.3435
0.7276, 0.3435
0.7313, 0.3435
0.7313, 0.3435
0.7313, 0.3435
0.7313, 0.3435
0.7313, 0.3435
0.7313, 0.3435
0.7313, 0.3435
0.7313, 0.3461
0.7313, 0.3461
0.7313, 0.3461
0.7313, 0.3461
0.7349, 0.3461
0.7349, 0.3461
0.7349, 0.3461
0.7385, 0.3461
0.7385, 0.3461
0.7385, 0.3461
0.7385, 0.3461
0.7385, 0.3461
0.7385, 0.3461
0.7385, 0.3461
0.7385, 0.3461
0.7385, 0.3461
0.7385, 0.3461
0.7422, 0.3461
0.7422, 0.3461
0.7422, 0.3461
0.7422, 0.3461
0.7458, 0.3461
0.7458, 0.3461
0.7458, 0.3461
0.7495, 0.3461
0.7495, 0.3461
0.7495, 0.3461
0.7495, 0.3461
0.7495, 0.3461
0.7495, 0.3461
0.7495, 0.3461
0.7531, 0.3461
0.7531, 0.3461
0.7531, 0.3461
0.7531, 0.3461
0.7531, 0.3461
0.7531, 0.3461
0.7531, 0.3461
0.7567, 0.3461
0.7567, 0.3461
0.7567, 0.3461
0.7567, 0.3461
0.7567, 0.3461
0.7567, 0.3461
0.7567, 0.3461
0.7567, 0.3461
0.7567, 0.3461
0.7567, 0.3461
0.7604, 0.3461
0.7604, 0.3461
0.7604, 0.3461
0.7640, 0.3486
0.7640, 0.3486
0.7640, 0.3486
0.7640, 0.3486
0.7640, 0.3486
0.7640, 0.3486
0.7640, 0.3486
0.7677, 0.3486
0.7677, 0.3486
0.7677, 0.3486
0.7677, 0.3486
0.7677, 0.3486
0.7677, 0.3486
0.7677, 0.3486
0.7713, 0.3486
0.7713, 0.3486
0.7713, 0.3486
0.7749, 0.3486
0.7749, 0.3486
0.7749, 0.3486
0.7749, 0.3486
0.7749, 0.3486
0.7749, 0.3486
0.7749, 0.3486
0.7749, 0.3486
0.7749, 0.3486
0.7749, 0.3486
0.7749, 0.3486
0.7786, 0.3511
0.7786, 0.3511
0.7822, 0.3511
0.7822, 0.3511
0.7822, 0.3511
0.7822, 0.3511
0.7822, 0.3511
0.7822, 0.3511
0.7822, 0.3511
0.7822, 0.3511
0.7822, 0.3511
0.7822, 0.3511
0.7822, 0.3511
0.7859, 0.3511
0.7859, 0.3511
0.7859, 0.3511
0.7895, 0.3511
0.7895, 0.3511
0.7895, 0.3511
0.7931, 0.3511
0.7931, 0.3511
0.7931, 0.3511
0.7931, 0.3511
0.7931, 0.3511
0.7931, 0.3511
0.7931, 0.3511
0.7931, 0.3511
0.7931, 0.3511
0.7931, 0.3511
0.7931, 0.3511
0.7968, 0.3511
0.7968, 0.3511
0.7968, 0.3511
0.8004, 0.3511
0.8004, 0.3511
0.8004, 0.3511
0.8004, 0.3511
0.8004, 0.3511
0.8004, 0.3511
0.8004, 0.3511
0.8041, 0.3511
0.8041, 0.3511
0.8041, 0.3511
0.8078, 0.3511
0.8078, 0.3511
0.8078, 0.3511
0.8078, 0.3511
0.8078, 0.3511
0.8078, 0.3511
0.8113, 0.3511
0.8113, 0.3511
0.8113, 0.3511
0.8113, 0.3511
0.8113, 0.3511
0.8113, 0.3511
0.8113, 0.3511
0.8150, 0.3511
0.8150, 0.3511
0.8150, 0.3511
0.8150, 0.3511
0.8150, 0.3511
0.8150, 0.3511
0.8150, 0.3511
0.8186, 0.3511
0.8186, 0.3511
0.8186, 0.3511
0.8186, 0.3511
0.8186, 0.3511
0.8186, 0.3511
0.8223, 0.3511
0.8223, 0.3511
0.8223, 0.3511
0.8223, 0.3511
0.8260, 0.3511
0.8260, 0.3511
0.8260, 0.3511
0.8295, 0.3511
0.8295, 0.3511
0.8295, 0.3511
0.8295, 0.3511
0.8295, 0.3511
0.8295, 0.3511
0.8332, 0.3511
0.8332, 0.3511
0.8332, 0.3511
0.8332, 0.3511
0.8368, 0.3511
0.8368, 0.3511
0.8368, 0.3511
0.8368, 0.3511
0.8368, 0.3511
0.8368, 0.3511
0.8405, 0.3511
0.8405, 0.3511
0.8405, 0.3511
0.8442, 0.3511
0.8442, 0.3511
0.8442, 0.3511
0.8478, 0.3511
0.8478, 0.3511
0.8478, 0.3511
0.8514, 0.3511
0.8514, 0.3511
0.8514, 0.3511
0.8514, 0.3511
0.8550, 0.3511
0.8550, 0.3511
0.8550, 0.3511
0.8550, 0.3511
0.8550, 0.3511
0.8550, 0.3511
0.8624, 0.3511
0.8624, 0.3511
0.8624, 0.3511
0.8624, 0.3511
0.8660, 0.3511
0.8660, 0.3511
0.8660, 0.3511
0.8696, 0.3511
0.8696, 0.3511
0.8696, 0.3511
0.8769, 0.3511
0.8769, 0.3511
0.8769, 0.3511
0.8806, 0.3511
0.8806, 0.3511
0.8806, 0.3511
0.8806, 0.3511
0.8806, 0.3511
0.8806, 0.3511
0.8806, 0.3511
0.8878, 0.3511
0.8878, 0.3511
0.8878, 0.3511
0.8878, 0.3511
0.8878, 0.3511
0.8878, 0.3511
0.8915, 0.3511
0.8915, 0.3511
0.8915, 0.3511
0.8951, 0.3511
0.8951, 0.3511
0.8951, 0.3511
0.8988, 0.3511
0.8988, 0.3511
0.8988, 0.3511
0.8988, 0.3511
0.8988, 0.3511
0.8988, 0.3511
0.8988, 0.3511
0.8988, 0.3511
0.8988, 0.3511
0.8988, 0.3511
0.8988, 0.3511
0.9024, 0.3511
0.9024, 0.3511
0.9024, 0.3511
0.9060, 0.3511
0.9060, 0.3511
0.9060, 0.3511
0.9060, 0.3511
0.9060, 0.3511
0.9060, 0.3511
0.9060, 0.3511
0.9060, 0.3511
0.9060, 0.3511
0.9060, 0.3511
0.9133, 0.3511
0.9133, 0.3511
0.9133, 0.3511
0.9133, 0.3511
0.9170, 0.3511
0.9170, 0.3511
0.9170, 0.3511
0.9170, 0.3511
0.9170, 0.3511
0.9170, 0.3511
0.9206, 0.3511
0.9206, 0.3511
0.9206, 0.3511
0.9206, 0.3511
0.9206, 0.3511
0.9206, 0.3511
0.9242, 0.3511
0.9242, 0.3511
0.9242, 0.3511
0.9242, 0.3511
0.9279, 0.3486
0.9279, 0.3486
0.9279, 0.3486
0.9279, 0.3486
0.9279, 0.3486
0.9279, 0.3486
0.9279, 0.3486
0.9279, 0.3486
0.9279, 0.3486
0.9279, 0.3486
0.9279, 0.3486
0.9279, 0.3486
0.9279, 0.3486
0.9315, 0.3486
0.9315, 0.3486
0.9315, 0.3486
0.9352, 0.3486
0.9352, 0.3486
0.9352, 0.3486
0.9352, 0.3486
0.9352, 0.3486
0.9352, 0.3486
0.9352, 0.3486
0.9352, 0.3486
0.9389, 0.3486
0.9389, 0.3486
0.9389, 0.3486
0.9389, 0.3486
0.9424, 0.3486
0.9424, 0.3486
0.9424, 0.3486
0.9424, 0.3486
0.9424, 0.3486
0.9424, 0.3486
0.9424, 0.3486
0.9424, 0.3486
0.9424, 0.3486
0.9424, 0.3486
0.9424, 0.3486
0.9424, 0.3486
0.9424, 0.3486
0.9461, 0.3486
0.9461, 0.3486
0.9461, 0.3486
0.9461, 0.3486
0.9461, 0.3486
0.9461, 0.3486
0.9497, 0.3486
0.9497, 0.3486
0.9497, 0.3486
0.9497, 0.3486
0.9497, 0.3486
0.9497, 0.3486
0.9534, 0.3486
0.9534, 0.3486
0.9534, 0.3486
0.9534, 0.3486
0.9534, 0.3486
0.9534, 0.3486
0.9534, 0.3486
0.9534, 0.3486
0.9534, 0.3486
0.9534, 0.3486
0.9571, 0.3486
0.9571, 0.3486
0.9571, 0.3486
0.9571, 0.3486
0.9571, 0.3486
0.9571, 0.3486
0.9571, 0.3486
0.9607, 0.3486
0.9607, 0.3486
0.9607, 0.3486
0.9607, 0.3486
0.9607, 0.3486
0.9607, 0.3486
0.9607, 0.3486
0.9607, 0.3486
0.9607, 0.3486
0.9607, 0.3486
0.9607, 0.3486
0.9607, 0.3486
0.9607, 0.3486
0.9643, 0.3486
0.9643, 0.3486
0.9643, 0.3486
0.9643, 0.3486
0.9643, 0.3486
0.9643, 0.3486
0.9643, 0.3486
0.9643, 0.3486
0.9643, 0.3486
0.9643, 0.3486
0.9643, 0.3486
0.9643, 0.3486
0.9643, 0.3486
0.9643, 0.3486
0.9643, 0.3486
0.9643, 0.3486
0.9643, 0.3486
0.9679, 0.3486
0.9679, 0.3486
0.9679, 0.3486
0.9679, 0.3486
0.9679, 0.3486
0.9679, 0.3486
0.9679, 0.3486
0.9679, 0.3486
0.9679, 0.3486
0.9679, 0.3486
0.9679, 0.3486
0.9679, 0.3486
0.9679, 0.3486
0.9679, 0.3486
0.9679, 0.3486
0.9679, 0.3486
0.9679, 0.3486
0.9679, 0.3486
0.9679, 0.3486
0.9679, 0.3486
0.9679, 0.3486
0.9679, 0.3486
0.9679, 0.3486
0.9679, 0.3486
0.9679, 0.3486
0.9679, 0.3486
0.9679, 0.3486
0.9679, 0.3486
0.9679, 0.3486
0.9679, 0.3486
0.9679, 0.3486
0.9679, 0.3486
0.9679, 0.3486
0.9716, 0.3486
0.9716, 0.3486
0.9716, 0.3486
0.9716, 0.3486
0.9716, 0.3486
0.9716, 0.3486
0.9716, 0.3486
0.9716, 0.3486
0.9716, 0.3486
0.9716, 0.3486
0.9716, 0.3486
0.9716, 0.3486
0.9716, 0.3486
0.9716, 0.3486
0.9716, 0.3486
0.9716, 0.3486
0.9716, 0.3486
0.9716, 0.3486
0.9716, 0.3486
0.9716, 0.3486
0.9716, 0.3486
0.9716, 0.3486
0.9716, 0.3486
0.9716, 0.3486
0.9716, 0.3486
0.9716, 0.3486
0.9716, 0.3486
0.9716, 0.3486
0.9716, 0.3486
0.9716, 0.3486
0.9716, 0.3486
0.9716, 0.3486
0.9716, 0.3486

0.2760, 0.2519
0.2760, 0.2519
0.2760, 0.2519
0.2760, 0.2519
0.2760, 0.2519
0.2760, 0.2519
0.2760, 0.2519
0.2760, 0.2519
0.2760, 0.2519
0.2760, 0.2519
0.2760, 0.2519
0.2760, 0.2519
0.2760, 0.2519
0.2760, 0.2519
0.2760, 0.2519
0.2760, 0.2519
0.2760, 0.2519
0.2760, 0.2519
0.2760, 0.2519
0.2760, 0.2519
0.2760, 0.2519
0.2760, 0.2519
0.2760, 0.2519
0.2760, 0.2519
0.2760, 0.2519
0.2760, 0.2519
0.2760, 0.2519
0.2760, 0.2519
0.2760, 0.2519
0.2760, 0.2519
0.2760, 0.2519
0.2760, 0.2519
0.2760, 0.2519
0.2760, 0.2519
0.2760, 0.2519
0.2760, 0.2519
0.2760, 0.2519
0.2760, 0.2519
0.2760, 0.2519
0.2760, 0.2519
0.2760, 0.2519
0.2760, 0.2519
0.2760, 0.2519
0.2760, 0.2519
0.2760, 0.2519
0.2760, 0.2519
0.2760, 0.2519
0.2760, 0.2519
0.2760, 0.2519
0.2760, 0.2519
0.2760, 0.2519
0.2760, 0.2519
0.2760, 0.2519
0.2760, 0.2519
0.2760, 0.2519
0.2760, 0.2519
0.2760, 0.2519
0.2760, 0.2519
0.2760, 0.2519
0.2760, 0.2519
0.2760, 0.2519
0.2760, 0.2519
0.2760, 0.2519
0.2760, 0.2519
0.2760, 0.2519
0.2760, 0.2519
0.2760, 0.2519
0.2760, 0.2519
0.2760, 0.2519
0.2760, 0.2519
0.2760, 0.2519
0.2760, 0.2519
0.2760, 0.2519
0.2760, 0.2519
0.2760, 0.2519
0.2760, 0.2519
0.2760, 0.2519
0.2760, 0.2519
0.2760, 0.2519
0.2760, 0.2519
0.2760, 0.2519
0.2760, 0.2519
0.2760, 0.2519
0.2760, 0.2519
0.2760, 0.2519
0.2760, 0.2519
0.2760, 0.2519
0.2760, 0.2519
0.2760, 0.2519
0.2760, 0.2519
0.2760, 0.2519
0.2760, 0.2519
0.2760, 0.2519
0.2760, 0.2519
0.2760, 0.2519
0.2760, 0.2519
0.2760, 0.2519
0.2760, 0.2519
0.2760, 0.2519
0.2760, 0.2519
0.2760, 0.2519
0.2760, 0.2519
0.2760, 0.2519
0.2760, 0.2519
0.2760, 0.2519
0.2760, 0.2519
0.2760, 0.2519
0.2760, 0.2519
0.2760, 0.2519
0.2760, 0.2519
0.2760, 0.2519
0.2760, 0.2519
0.2760, 0.2519
0.2760, 0.2519
0.2760, 0.2519
0.2760, 0.2519
0.2760, 0.2519
0.2760, 0.2519
0.2760, 0.2519
0.2760, 0.2519
0.2760, 0.2519
0.2760, 0.2519
0.2760, 0.2519
0.2760, 0.2519
0.2760, 0.2519
0.2760, 0.2519
0.2760, 0.2519
0.2760, 0.2519
0.2760, 0.2519
0.2760, 0.2519
0.2760, 0.2519
0.2760, 0.2519
0.2760, 0.2519
0.2760, 0.2519
0.2760, 0.2519
0.2760, 0.2519
0.2760, 0.2519
0.2760, 0.2519
0.2760, 0.2519
0.2760, 0.2519
0.2760, 0.2519
0.2760, 0.2519
0.2760, 0.2519
0.2760, 0.2519
0.2760, 0.2519
0.2760, 0.2519
0.2760, 0.2519
0.2760, 0.2519
0.2760, 0.2519
0.2760, 0.2519
0.2760, 0.2519
0.2760, 0.2519
0.2760, 0.2519
0.2760, 0.2519
0.2760, 0.2519
0.2760, 0.2519
0.2760, 0.2519
0.2760, 0.2519
0.2760, 0.2519
0.2760, 0.2519
0.2760, 0.2519
0.2760, 0.2519
0.2760, 0.2519
0.2760, 0.2519
0.2760, 0.2519
0.2760, 0.2519
0.2760, 0.2494
0.2760, 0.2494
0.2760, 0.2494
0.2760, 0.2494
0.2760, 0.2494
0.2760, 0.2494
0.2760, 0.2494
0.2760, 0.2494
0.2760, 0.2494
0.2760, 0.2494
0.2760, 0.2494
0.2760, 0.2494
0.2760, 0.2494
0.2760, 0.2494
0.2760, 0.2494
0.2760, 0.2494
0.2760, 0.2494
0.2760, 0.2494
0.2760, 0.2494
0.2760, 0.2494
0.2760, 0.2494
0.2760, 0.2468
0.2760, 0.2468
0.2760, 0.2468
0.2760, 0.2468
0.2724, 0.2468
0.2724, 0.2468
0.2724, 0.2468
0.2724, 0.2468
0.2724, 0.2468
0.2724, 0.2468
0.2724, 0.2468
0.2724, 0.2468
0.2724, 0.2468
0.2724, 0.2468
0.2724, 0.2468
0.2724, 0.2468
0.2724, 0.2468
0.2724, 0.2468
0.2724, 0.2468
0.2724, 0.2468
0.2724, 0.2468
0.2724, 0.2468
0.2724, 0.2468
0.2724, 0.2468
0.2724, 0.2468
0.2724, 0.2468
0.2724, 0.2468
0.2724, 0.2468
0.2724, 0.2468
0.2687, 0.2443
0.2687, 0.2443
0.2687, 0.2443
0.2687, 0.2443
0.2687, 0.2443
0.2687, 0.2443
0.2687, 0.2443
0.2687, 0.2443
0.2687, 0.2443
0.2687, 0.2443
0.2687, 0.2443
0.2687, 0.2443
0.2687, 0.2443
0.2687, 0.2417
0.2687, 0.2417
0.2687, 0.2417
0.2687, 0.2417
0.2687, 0.2417
0.2687, 0.2417
0.2687, 0.2417
0.2687, 0.2417
0.2687, 0.2417
0.2687, 0.2417
0.2687, 0.2417
0.2687, 0.2417
0.2687, 0.2392
0.2687, 0.2392
0.2687, 0.2392
0.2687, 0.2392
0.2687, 0.2392
0.2687, 0.2392
0.2687, 0.2392
0.2687, 0.2392
0.2651, 0.2392
0.2651, 0.2392
0.2651, 0.2392
0.2651, 0.2392
0.2651, 0.2392
0.2651, 0.2392
0.2651, 0.2392
0.2651, 0.2392
0.2651, 0.2392
0.2651, 0.2392
0.2651, 0.2392
0.2651, 0.2392
0.2651, 0.2392
0.2651, 0.2392
0.2651, 0.2392
0.2651, 0.2392
0.2651, 0.2392
0.2651, 0.2392
0.2651, 0.2392
0.2651, 0.2392
0.2651, 0.2392
0.2651, 0.2392
0.2651, 0.2392
0.2651, 0.2392
0.2651, 0.2366
0.2651, 0.2366
0.2651, 0.2366
0.2651, 0.2366
0.2651, 0.2366
0.2651, 0.2366
0.2651, 0.2366
0.2651, 0.2366
0.2615, 0.2366
0.2615, 0.2366
0.2615, 0.2366
0.2615, 0.2366
0.2615, 0.2366
0.2615, 0.2366
0.2615, 0.2366
0.2615, 0.2366
0.2615, 0.2366
0.2615, 0.2366
0.2615, 0.2366
0.2615, 0.2366
0.2615, 0.2366
0.2615, 0.2341
0.2615, 0.2341
0.2615, 0.2341
0.2615, 0.2341
0.2615, 0.2341
0.2615, 0.2341
0.2615, 0.2341
0.2615, 0.2341
0.2615, 0.2341
0.2615, 0.2341
0.2615, 0.2341
0.2615, 0.2341
0.2615, 0.2341
0.2615, 0.2341
0.2615, 0.2341
0.2615, 0.2341
0.2615, 0.2341
0.2615, 0.2341
0.2615, 0.2341
0.2615, 0.2341
0.2615, 0.2316
0.2615, 0.2316
0.2615, 0.2316
0.2615, 0.2316
0.2578, 0.2316
0.2578, 0.2316
0.2578, 0.2316
0.2578, 0.2316
0.2578, 0.2316
0.2578, 0.2316
0.2578, 0.2316
0.2578, 0.2316
0.2578, 0.2316
0.2578, 0.2316
0.2578, 0.2316
0.2578, 0.2316
0.2578, 0.2290
0.2578, 0.2290
0.2578, 0.2290
0.2578, 0.2290
0.2578, 0.2290
0.2578, 0.2290
0.2578, 0.2290
0.2578, 0.2290
0.2578, 0.2290
0.2578, 0.2290
0.2578, 0.2290
0.2578, 0.2290
0.2578, 0.2290
0.2578, 0.2290
0.2578, 0.2290
0.2578, 0.2290
0.2578, 0.2265
0.2578, 0.2265
0.2578, 0.2265
0.2578, 0.2265
0.2578, 0.2265
0.2578, 0.2265
0.2578, 0.2265
0.2578, 0.2265
0.2578, 0.2265
0.2578, 0.2265
0.2578, 0.2265
0.2578, 0.2265
0.2578, 0.2265
0.2578, 0.2265
0.2578, 0.2265
0.2578, 0.2265
0.2578, 0.2265
0.2578, 0.2239
0.2578, 0.2239
0.2578, 0.2239
0.2578, 0.2239
0.2578, 0.2239
0.2578, 0.2239
0.2578, 0.2239
0.2578, 0.2239
0.2578, 0.2214
0.2578, 0.2214
0.2578, 0.2214
0.2578, 0.2214
0.2578, 0.2214
0.2578, 0.2214
0.2578, 0.2214
0.2578, 0.2214
0.2578, 0.2214
0.2578, 0.2214
0.2578, 0.2214
0.2578, 0.2214
0.2578, 0.2214
0.2578, 0.2214
0.2578, 0.2214
0.2578, 0.2214
0.2578, 0.2214
0.2578, 0.2214
0.2578, 0.2214
0.2578, 0.2214
0.2578, 0.2214
0.2578, 0.2188
0.2578, 0.2188
0.2578, 0.2188
0.2578, 0.2188
0.2578, 0.2188
0.2578, 0.2188
0.2578, 0.2188
0.2578, 0.2188
0.2578, 0.2163
0.2578, 0.2163
0.2578, 0.2163
0.2578, 0.2163
0.2578, 0.2163
0.2578, 0.2163
0.2578, 0.2163
0.2578, 0.2163
0.2578, 0.2137
0.2578, 0.2137
0.2578, 0.2137
0.2578, 0.2137
0.2578, 0.2137
0.2578, 0.2137
0.2578, 0.2137
0.2578, 0.2137
0.2578, 0.2137
0.2578, 0.2137
0.2578, 0.2137
0.2578, 0.2112
0.2578, 0.2112
0.2578, 0.2112
0.2578, 0.2112
0.2578, 0.2112
0.2578, 0.2112
0.2578, 0.2112
0.2578, 0.2112
0.2578, 0.2112
0.2578, 0.2112
0.2578, 0.2112
0.2578, 0.2112
0.2578, 0.2087
0.2578, 0.2087
0.2578, 0.2087
0.2578, 0.2087
0.2578, 0.2087
0.2578, 0.2087
0.2578, 0.2087
0.2578, 0.2087
0.2578, 0.2087
0.2578, 0.2087
0.2578, 0.2087
0.2578, 0.2087
0.2578, 0.2087
0.2578, 0.2087
0.2578, 0.2087
0.2578, 0.2087
0.2578, 0.2061
0.2578, 0.2061
0.2578, 0.2061
0.2578, 0.2061
0.2578, 0.2061
0.2578, 0.2061
0.2578, 0.2061
0.2578, 0.2061
0.2578, 0.2036
0.2578, 0.2036
0.2578, 0.2036
0.2578, 0.2036
0.2578, 0.2036
0.2578, 0.2036
0.2578, 0.2036
0.2578, 0.2010
0.2578, 0.2010
0.2578, 0.2010
0.2578, 0.2010
0.2578, 0.2010
0.2578, 0.2010
0.2578, 0.2010
0.2578, 0.2010
0.2578, 0.2010
0.2578, 0.2010
0.2578, 0.2010
0.2578, 0.2010
0.2578, 0.2010
0.2578, 0.2010
0.2578, 0.2010
0.2578, 0.2010
0.2578, 0.2010
0.2578, 0.1985
0.2578, 0.1985
0.2578, 0.1985
0.2578, 0.1985
0.2578, 0.1985
0.2578, 0.1985
0.2578, 0.1985
0.2578, 0.1959
0.2578, 0.1959
0.2578, 0.1959
0.2578, 0.1959
0.2578, 0.1959
0.2578, 0.1959
0.2578, 0.1959
0.2578, 0.1959
0.2578, 0.1959
0.2578, 0.1959
0.2578, 0.1959
0.2578, 0.1959
0.2578, 0.1959
0.2578, 0.1959
0.2578, 0.1959
0.2578, 0.1959
0.2578, 0.1959
0.2578, 0.1959
0.2578, 0.1959
0.2578, 0.1959
0.2578, 0.1959
0.2578, 0.1959
0.2578, 0.1959
0.2578, 0.1959
0.2578, 0.1959
0.2578, 0.1959
0.2578, 0.1959
0.2578, 0.1959
0.2578, 0.1959
0.2578, 0.1959
0.2578, 0.1959
0.2578, 0.1959
0.2578, 0.1959
0.2578, 0.1959
0.2578, 0.1959
0.2578, 0.1959
0.2578, 0.1959
0.2578, 0.1959
0.2578, 0.1959
0.2578, 0.1959
0.2578, 0.1959
0.2578, 0.1934
0.2578, 0.1934
0.2578, 0.1934
0.2578, 0.1934
0.2578, 0.1934
0.2578, 0.1934
0.2578, 0.1934
0.2578, 0.1934
0.2578, 0.1934
0.2578, 0.1934
0.2578, 0.1934
0.2578, 0.1934
0.2578, 0.1934
0.2578, 0.1934
0.2578, 0.1934
0.2578, 0.1934
0.2578, 0.1934
0.2578, 0.1934
0.2578, 0.1934
0.2578, 0.1934
0.2578, 0.1934
0.2578, 0.1934
0.2578, 0.1934
0.2578, 0.1934
0.2578, 0.1934
0.2578, 0.1908
0.2578, 0.1908
0.2578, 0.1908
0.2578, 0.1908
0.2578, 0.1908
0.2578, 0.1908
0.2578, 0.1908
0.2578, 0.1908
0.2578, 0.1908
0.2578, 0.1908
0.2578, 0.1908
0.2578, 0.1908
0.2578, 0.1908
0.2578, 0.1908
0.2578, 0.1908
0.2578, 0.1908
0.2578, 0.1908
0.2578, 0.1908
0.2578, 0.1908
0.2578, 0.1908
0.2578, 0.1908
0.2615, 0.1908
0.2615, 0.1908
0.2615, 0.1908
0.2615, 0.1908
0.2615, 0.1908
0.2615, 0.1908
0.2615, 0.1908
0.2615, 0.1908
0.2615, 0.1908
0.2615, 0.1908
0.2615, 0.1908
0.2615, 0.1908
0.2615, 0.1908
0.2615, 0.1908
0.2615, 0.1908
0.2651, 0.1908
0.2651, 0.1908
0.2651, 0.1908
0.2651, 0.1908
0.2651, 0.1908
0.2651, 0.1908
0.2651, 0.1908
0.2651, 0.1908
0.2651, 0.1908
0.2651, 0.1908
0.2651, 0.1908
0.2651, 0.1908
0.2651, 0.1883
0.2651, 0.1883
0.2651, 0.1883
0.2651, 0.1883
0.2651, 0.1883
0.2651, 0.1883
0.2651, 0.1883
0.2651, 0.1883
0.2651, 0.1883
0.2651, 0.1883
0.2651, 0.1883
0.2651, 0.1883
0.2651, 0.1883
0.2651, 0.1883
0.2687, 0.1858
0.2687, 0.1858
0.2687, 0.1858
0.2687, 0.1858
0.2687, 0.1858
0.2687, 0.1858
0.2687, 0.1858
0.2687, 0.1858
0.2724, 0.1858
0.2724, 0.1858
0.2724, 0.1858
0.2724, 0.1858
0.2724, 0.1858
0.2724, 0.1858
0.2724, 0.1858
0.2724, 0.1858
0.2724, 0.1858
0.2724, 0.1858
0.2724, 0.1858
0.2724, 0.1832
0.2724, 0.1832
0.2724, 0.1832
0.2724, 0.1832
0.2724, 0.1832
0.2724, 0.1832
0.2724, 0.1832
0.2724, 0.1832
0.2760, 0.1832
0.2760, 0.1832
0.2760, 0.1832
0.2760, 0.1832
0.2760, 0.1832
0.2760, 0.1832
0.2760, 0.1832
0.2760, 0.1832
0.2760, 0.1832
0.2760, 0.1832
0.2760, 0.1832
0.2760, 0.1832
0.2760, 0.1832
0.2760, 0.1832
0.2760, 0.1832
0.2797, 0.1832
0.2797, 0.1832
0.2797, 0.1832
0.2797, 0.1832
0.2797, 0.1832
0.2797, 0.1832
0.2797, 0.1832
0.2797, 0.1832
0.2797, 0.1832
0.2797, 0.1832
0.2797, 0.1832
0.2834, 0.1832
0.2834, 0.1832
0.2834, 0.1832
0.2834, 0.1832
0.2834, 0.1832
0.2834, 0.1832
0.2834, 0.1832
0.2834, 0.1832
0.2834, 0.1832
0.2834, 0.1832
0.2834, 0.1832
0.2834, 0.1832
0.2834, 0.1832
0.2834, 0.1832
0.2834, 0.1832
0.2834, 0.1832
0.2834, 0.1832
0.2834, 0.1832
0.2834, 0.1832
0.2834, 0.1832
0.2869, 0.1832
0.2869, 0.1832
0.2869, 0.1832
0.2869, 0.1832
0.2869, 0.1832
0.2869, 0.1832
0.2906, 0.1832
0.2906, 0.1832
0.2906, 0.1832
0.2906, 0.1832
0.2906, 0.1832
0.2906, 0.1832
0.2906, 0.1832
0.2906, 0.1832
0.2906, 0.1832
0.2906, 0.1832
0.2943, 0.1832
0.2943, 0.1832
0.2943, 0.1832
0.2943, 0.1832
0.2943, 0.1832
0.2943, 0.1832
0.2943, 0.1832
0.2943, 0.1832
0.2943, 0.1832
0.2943, 0.1832
0.2943, 0.1832
0.2979, 0.1832
0.2979, 0.1832
0.2979, 0.1832
0.2979, 0.1832
0.2979, 0.1832
0.2979, 0.1832
0.2979, 0.1832
0.2979, 0.1832
0.2979, 0.1832
0.2979, 0.1832
0.2979, 0.1832
0.2979, 0.1832
0.2979, 0.1832
0.2979, 0.1832
0.2979, 0.1832
0.3016, 0.1832
0.3016, 0.1832
0.3016, 0.1832
0.3016, 0.1832
0.3016, 0.1832
0.3016, 0.1832
0.3016, 0.1832
0.3051, 0.1832
0.3051, 0.1832
0.3051, 0.1832
0.3051, 0.1832
0.3051, 0.1832
0.3051, 0.1832
0.3051, 0.1832
0.3088, 0.1832
0.3088, 0.1832
0.3088, 0.1832
0.3088, 0.1832
0.3088, 0.1832
0.3088, 0.1832
0.3088, 0.1832
0.3088, 0.1832
0.3088, 0.1832
0.3088, 0.1832
0.3088, 0.1832
0.3125, 0.1832
0.3125, 0.1832
0.3125, 0.1832
0.3125, 0.1832
0.3161, 0.1832
0.3161, 0.1832
0.3161, 0.1832
0.3161, 0.1832
0.3161, 0.1832
0.3161, 0.1832
0.3161, 0.1832
0.3161, 0.1832
0.3161, 0.1832
0.3161, 0.1832
0.3161, 0.1832
0.3198, 0.1832
0.3198, 0.1832
0.3198, 0.1832
0.3198, 0.1832
0.3198, 0.1832
0.3198, 0.1832
0.3198, 0.1832
0.3233, 0.1832
0.3233, 0.1832
0.3233, 0.1832
0.3233, 0.1832
0.3233, 0.1832
0.3233, 0.1832
0.3233, 0.1832
0.3270, 0.1832
0.3270, 0.1832
0.3270, 0.1832
0.3270, 0.1832
0.3270, 0.1832
0.3270, 0.1832
0.3270, 0.1832
0.3270, 0.1832
0.3270, 0.1832
0.3270, 0.1832
0.3307, 0.1832
0.3307, 0.1832
0.3307, 0.1832
0.3307, 0.1832
0.3343, 0.1832
0.3343, 0.1832
0.3343, 0.1832
0.3343, 0.1832
0.3343, 0.1832
0.3343, 0.1832
0.3343, 0.1832
0.3343, 0.1832
0.3343, 0.1832
0.3343, 0.1832
0.3343, 0.1832
0.3380, 0.1832
0.3380, 0.1832
0.3380, 0.1832
0.3380, 0.1832
0.3415, 0.1832
0.3415, 0.1832
0.3415, 0.1832
0.3452, 0.1832
0.3452, 0.1832
0.3452, 0.1832
0.3452, 0.1832
0.3452, 0.1832
0.3452, 0.1832
0.3452, 0.1832
0.3452, 0.1832
0.3452, 0.1832
0.3452, 0.1832
0.3452, 0.1832
0.3489, 0.1832
0.3489, 0.1832
0.3489, 0.1832
0.3489, 0.1832
0.3489, 0.1832
0.3489, 0.1832
0.3489, 0.1832
0.3525, 0.1832
0.3525, 0.1832
0.3525, 0.1832
0.3525, 0.1832
0.3525, 0.1832
0.3525, 0.1832
0.3525, 0.1858
0.3525, 0.1858
0.3525, 0.1858
0.3525, 0.1858
0.3525, 0.1858
0.3525, 0.1858
0.3525, 0.1858
0.3525, 0.1858
0.3562, 0.1858
0.3562, 0.1858
0.3562, 0.1858
0.3598, 0.1883
0.3598, 0.1883
0.3598, 0.1883
0.3634, 0.1883
0.3634, 0.1883
0.3634, 0.1883
0.3634, 0.1883
0.3634, 0.1883
0.3634, 0.1883
0.3634, 0.1883
0.3634, 0.1883
0.3634, 0.1883
0.3634, 0.1883
0.3634, 0.1883
0.3671, 0.1883
0.3671, 0.1883
0.3671, 0.1883
0.3671, 0.1883
0.3671, 0.1883
0.3671, 0.1883
0.3671, 0.1883
0.3707, 0.1883
0.3707, 0.1883
0.3707, 0.1883
0.3707, 0.1883
0.3707, 0.1883
0.3707, 0.1883
0.3707, 0.1883
0.3707, 0.1908
0.3707, 0.1908
0.3707, 0.1908
0.3707, 0.1908
0.3744, 0.1908
0.3744, 0.1908
0.3744, 0.1908
0.3744, 0.1908
0.3744, 0.1908
0.3744, 0.1908
0.3744, 0.1908
0.3780, 0.1908
0.3780, 0.1908
0.3780, 0.1908
0.3816, 0.1934
0.3816, 0.1934
0.3816, 0.1934
0.3816, 0.1934
0.3816, 0.1934
0.3816, 0.1934
0.3816, 0.1934
0.3816, 0.1934
0.3816, 0.1934
0.3816, 0.1934
0.3816, 0.1934
0.3816, 0.1934
0.3816, 0.1934
0.3816, 0.1934
0.3816, 0.1934
0.3853, 0.1934
0.3853, 0.1934
0.3853, 0.1934
0.3853, 0.1934
0.3853, 0.1934
0.3853, 0.1934
0.3853, 0.1934
0.3889, 0.1934
0.3889, 0.1934
0.3889, 0.1934
0.3889, 0.1934
0.3889, 0.1934
0.3889, 0.1934
0.3889, 0.1934
0.3889, 0.1959
0.3889, 0.1959
0.3889, 0.1959
0.3926, 0.1959
0.3926, 0.1959
0.3926, 0.1959
0.3962, 0.1959
0.3962, 0.1959
0.3962, 0.1959
0.3962, 0.1959
0.3962, 0.1985
0.3962, 0.1985
0.3962, 0.1985
0.3998, 0.1985
0.3998, 0.1985
0.3998, 0.1985
0.3998, 0.1985
0.3998, 0.1985
0.3998, 0.1985
0.3998, 0.1985
0.3998, 0.1985
0.3998, 0.1985
0.3998, 0.1985
0.3998, 0.1985
0.3998, 0.1985
0.3998, 0.1985
0.3998, 0.1985
0.3998, 0.1985
0.4035, 0.1985
0.4035, 0.1985
0.4035, 0.1985
0.4035, 0.2010
0.4035, 0.2010
0.4035, 0.2010
0.4071, 0.2010
0.4071, 0.2010
0.4071, 0.2010
0.4071, 0.2010
0.4071, 0.2010
0.4071, 0.2010
0.4071, 0.2010
0.4071, 0.2036
0.4071, 0.2036
0.4071, 0.2036
0.4108, 0.2036
0.4108, 0.2036
0.4108, 0.2036
0.4108, 0.2036
0.4108, 0.2036
0.4108, 0.2036
0.4108, 0.2036
0.4145, 0.2036
0.4145, 0.2036
0.4145, 0.2036
0.4145, 0.2061
0.4145, 0.2061
0.4145, 0.2061
0.4145, 0.2061
0.4145, 0.2061
0.4145, 0.2061
0.4145, 0.2061
0.4145, 0.2061
0.4145, 0.2061
0.4145, 0.2061
0.4145, 0.2061
0.4145, 0.2061
0.4145, 0.2061
0.4145, 0.2061
0.4145, 0.2061
0.4145, 0.2061
0.4180, 0.2061
0.4180, 0.2061
0.4180, 0.2061
0.4180, 0.2061
0.4180, 0.2061
0.4180, 0.2061
0.4217, 0.2087
0.4217, 0.2087
0.4253, 0.2087
0.4253, 0.2087
0.4253, 0.2087
0.4253, 0.2087
0.4253, 0.2087
0.4253, 0.2087
0.4253, 0.2112
0.4253, 0.2112
0.4253, 0.2112
0.4253, 0.2112
0.4253, 0.2112
0.4253, 0.2112
0.4253, 0.2112
0.4253, 0.2112
0.4253, 0.2112
0.4253, 0.2112
0.4253, 0.2112
0.4290, 0.2112
0.4290, 0.2112
0.4290, 0.2112
0.4290, 0.2112
0.4290, 0.2112
0.4327, 0.2137
0.4327, 0.2137
0.4327, 0.2137
0.4327, 0.2137
0.4327, 0.2137
0.4327, 0.2137
0.4327, 0.2137
0.4327, 0.2137
0.4327, 0.2163
0.4327, 0.2163
0.4327, 0.2163
0.4327, 0.2163
0.4327, 0.2163
0.4327, 0.2163
0.4362, 0.2163
0.4362, 0.2163
0.4362, 0.2163
0.4362, 0.2163
0.4362, 0.2163
0.4399, 0.2188
0.4399, 0.2188
0.4399, 0.2188
0.4399, 0.2188
0.4399, 0.2188
0.4436, 0.2188
0.4436, 0.2188
0.4436, 0.2188
0.4436, 0.2188
0.4436, 0.2188
0.4436, 0.2188
0.4436, 0.2188
0.4436, 0.2188
0.4472, 0.2214
0.4472, 0.2214
0.4472, 0.2214
0.4472, 0.2214
0.4472, 0.2214
0.4472, 0.2214
0.4509, 0.2239
0.4509, 0.2239
0.4509, 0.2239
0.4509, 0.2239
0.4509, 0.2239
0.4509, 0.2239
0.4509, 0.2239
0.4509, 0.2239
0.4509, 0.2239
0.4509, 0.2239
0.4509, 0.2239
0.4544, 0.2239
0.4544, 0.2239
0.4544, 0.2239
0.4544, 0.2239
0.4544, 0.2239
0.4544, 0.2239
0.4544, 0.2239
0.4581, 0.2265
0.4581, 0.2265
0.4581, 0.2265
0.4581, 0.2265
0.4581, 0.2265
0.4581, 0.2265
0.4618, 0.2265
0.4618, 0.2265
0.4618, 0.2265
0.4618, 0.2265
0.4618, 0.2265
0.4618, 0.2290
0.4618, 0.2290
0.4618, 0.2290
0.4618, 0.2290
0.4618, 0.2290
0.4618, 0.2290
0.4618, 0.2290
0.4618, 0.2290
0.4618, 0.2290
0.4618, 0.2290
0.4618, 0.2290
0.4618, 0.2290
0.4618, 0.2290
0.4618, 0.2290
0.4618, 0.2290
0.4618, 0.2290
0.4618, 0.2290
0.4654, 0.2290
0.4654, 0.2290
0.4654, 0.2290
0.4654, 0.2290
0.4654, 0.2290
0.4654, 0.2290
0.4654, 0.2290
0.4654, 0.2290
0.4654, 0.2290
0.4654, 0.2290
0.4654, 0.2316
0.4654, 0.2316
0.4654, 0.2316
0.4654, 0.2316
0.4654, 0.2316
0.4654, 0.2316
0.4654, 0.2316
0.4654, 0.2316
0.4654, 0.2316
0.4654, 0.2316
0.4654, 0.2316
0.4654, 0.2316
0.4654, 0.2316
0.4654, 0.2316
0.4654, 0.2316
0.4654, 0.2316
0.4654, 0.2316
0.4654, 0.2316
0.4654, 0.2316
0.4654, 0.2316
0.4654, 0.2316
0.4654, 0.2316
0.4654, 0.2316
0.4654, 0.2316
0.4654, 0.2316
0.4654, 0.2316
0.4654, 0.2316
0.4654, 0.2316
0.4654, 0.2316
0.4654, 0.2316
0.4654, 0.2316
0.4654, 0.2316
0.4654, 0.2316
0.4654, 0.2316
0.4654, 0.2316
0.4654, 0.2316
0.4654, 0.2316
0.4654, 0.2316
0.4654, 0.2316
0.4654, 0.2316
0.4654, 0.2316
0.4654, 0.2316
0.4654, 0.2316
0.4654, 0.2316
0.4654, 0.2316
0.4654, 0.2316
0.4654, 0.2316
0.4654, 0.2316
0.4654, 0.2316
0.4654, 0.2316
0.4654, 0.2316
0.4654, 0.2316
0.4654, 0.2316
0.4654, 0.2316
0.4654, 0.2316
0.4654, 0.2316
0.4654, 0.2316
0.4654, 0.2316
0.4654, 0.2316
0.4654, 0.2316
0.4654, 0.2316
0.4654, 0.2316
0.4654, 0.2316
0.4654, 0.2316
0.4654, 0.2316
0.4654, 0.2316
0.4654, 0.2316
