0.1707, 0.0366
0.1707, 0.0488
0.1768, 0.0793
0.1829, 0.0976
0.1951, 0.1341
0.2012, 0.1646
0.2134, 0.1890
0.2195, 0.2256
0.2256, 0.2500
0.2317, 0.2866
0.2378, 0.3232
0.2439, 0.3537
0.2622, 0.3902
0.2744, 0.4207
0.2866, 0.4451
0.2988, 0.4817
0.3232, 0.5061
0.3415, 0.5366
0.3659, 0.5610
0.3841, 0.5976
0.4024, 0.6280
0.4268, 0.6524
0.4451, 0.6768
0.4634, 0.6951
0.4878, 0.7256
0.5122, 0.7439
0.5305, 0.7622
0.5488, 0.7866
0.5793, 0.8049
0.5976, 0.8293
0.6280, 0.8476
0.6524, 0.8598
0.6890, 0.8841
0.7195, 0.8963
0.7500, 0.9085
0.7805, 0.9207
0.7988, 0.9329
0.8293, 0.9390
0.8537, 0.9451
0.8841, 0.9512
0.9024, 0.9512
0.9268, 0.9573
0.9451, 0.9573
0.9695, 0.9634
0.9878, 0.9634
0.9939, 0.9634
1.0000, 0.9634
1.0000, 0.9512

0.3598, 0.5976
0.3537, 0.5915
0.3415, 0.5854
0.3354, 0.5793
0.3232, 0.5671
0.3232, 0.5610
0.3171, 0.5549
0.3110, 0.5488
0.3049, 0.5427
0.2988, 0.5366
0.2927, 0.5366
0.2866, 0.5305
0.2744, 0.5183
0.2683, 0.5122
0.2622, 0.5122
0.2622, 0.5061
0.2561, 0.5061
0.2500, 0.5000
0.2439, 0.5000
0.2378, 0.5000
0.2317, 0.4939
0.2195, 0.4939
0.2073, 0.4939
0.2012, 0.4939
0.1890, 0.4939
0.1707, 0.4939
0.1646, 0.4939
0.1524, 0.4939
0.1402, 0.4939
0.1341, 0.4939
0.1159, 0.5000
0.1098, 0.5061
0.0976, 0.5061
0.0915, 0.5122
0.0854, 0.5244
0.0732, 0.5244
0.0671, 0.5305
0.0610, 0.5366
0.0549, 0.5366
0.0488, 0.5427
0.0427, 0.5488
0.0366, 0.5488
0.0305, 0.5488
0.0305, 0.5549
0.0183, 0.5610
0.0122, 0.5610
0.0061, 0.5732
0.0000, 0.5793
