0.0000, 0.3750
0.0061, 0.3750
0.0183, 0.3750
0.0488, 0.3811
0.0915, 0.3811
0.1341, 0.3872
0.1829, 0.3872
0.2195, 0.3933
0.2744, 0.3933
0.3049, 0.3933
0.3415, 0.4055
0.3659, 0.4116
0.3963, 0.4116
0.4146, 0.4177
0.4329, 0.4177
0.4390, 0.4177
0.4451, 0.4177
0.4390, 0.4116
0.4329, 0.3933
0.4207, 0.3872
0.4146, 0.3750
0.4085, 0.3628
0.4024, 0.3567
0.3963, 0.3384
0.3963, 0.3323
0.3902, 0.3201
0.3902, 0.3140
0.3902, 0.3079
0.3902, 0.2896
0.3841, 0.2835
0.3841, 0.2774
0.3841, 0.2713
0.3841, 0.2652
0.3841, 0.2469
0.3841, 0.2408
0.3841, 0.2347
0.3902, 0.2226
0.3963, 0.2165
0.4024, 0.1982
0.4085, 0.1860
0.4268, 0.1738
0.4329, 0.1616
0.4451, 0.1555
0.4512, 0.1372
0.4573, 0.1250
0.4634, 0.1189
0.4817, 0.1128
0.4878, 0.1067
0.4939, 0.0945
0.5000, 0.0884
0.5122, 0.0823
0.5305, 0.0762
0.5366, 0.0701
0.5488, 0.0640
0.5610, 0.0640
0.5793, 0.0579
0.5976, 0.0579
0.6159, 0.0579
0.6463, 0.0579
0.6768, 0.0579
0.6951, 0.0579
0.7195, 0.0579
0.7439, 0.0640
0.7805, 0.0762
0.7988, 0.0884
0.8293, 0.1067
0.8476, 0.1189
0.8659, 0.1372
0.8902, 0.1616
0.9085, 0.1799
0.9207, 0.2043
0.9451, 0.2287
0.9512, 0.2531
0.9634, 0.2835
0.9695, 0.3140
0.9878, 0.3384
0.9939, 0.3811
0.9939, 0.4177
1.0000, 0.4604
1.0000, 0.4969
1.0000, 0.5335
1.0000, 0.5823
1.0000, 0.6250
1.0000, 0.6616
0.9939, 0.6982
0.9878, 0.7347
0.9756, 0.7652
0.9634, 0.7957
0.9573, 0.8201
0.9451, 0.8384
0.9390, 0.8628
0.9207, 0.8811
0.9024, 0.8933
0.8902, 0.9177
0.8659, 0.9238
0.8476, 0.9360
0.8232, 0.9360
0.7988, 0.9421
0.7744, 0.9421
0.7500, 0.9421
0.7195, 0.9421
0.7012, 0.9421
0.6768, 0.9421
0.6585, 0.9421
0.6463, 0.9421
0.6280, 0.9360
0.6220, 0.9360
0.6159, 0.9299
0.6098, 0.9299
0.5976, 0.9238
0.5915, 0.9238
0.5732, 0.9055
0.5671, 0.9055
0.5549, 0.8994
0.5427, 0.8933
0.5244, 0.8811
0.5061, 0.8750
0.4939, 0.8689
0.4756, 0.8567
0.4695, 0.8506
0.4573, 0.8445
0.4573, 0.8384
0.4512, 0.8384
0.4451, 0.8323
