0.0000, 0.3405
0.0123, 0.3405
0.0429, 0.3528
0.0859, 0.3589
0.1350, 0.3650
0.1840, 0.3712
0.2270, 0.3834
0.2638, 0.3957
0.2822, 0.3957
0.2945, 0.3957
0.3129, 0.3957
0.3190, 0.4018
0.3252, 0.4018
0.3313, 0.4018
0.3436, 0.4018
0.3620, 0.4018
0.3681, 0.4018
0.3742, 0.4018
0.3804, 0.4018
0.3865, 0.4018
0.3865, 0.3896
0.3865, 0.3773
0.3865, 0.3650
0.3865, 0.3589
0.3865, 0.3405
0.3865, 0.3282
0.3926, 0.3098
0.3926, 0.2853
0.3988, 0.2608
0.4110, 0.2362
0.4172, 0.2117
0.4233, 0.1810
0.4294, 0.1626
0.4356, 0.1380
0.4417, 0.1196
0.4540, 0.1012
0.4663, 0.0828
0.4724, 0.0705
0.4785, 0.0644
0.4847, 0.0583
0.4908, 0.0521
0.4969, 0.0521
0.5031, 0.0460
0.5215, 0.0460
0.5460, 0.0460
0.5828, 0.0460
0.6196, 0.0521
0.6503, 0.0583
0.6871, 0.0644
0.7239, 0.0767
0.7485, 0.0890
0.7730, 0.1012
0.7914, 0.1074
0.8160, 0.1196
0.8282, 0.1319
0.8466, 0.1564
0.8712, 0.1749
0.8835, 0.1933
0.9018, 0.2117
0.9202, 0.2301
0.9325, 0.2608
0.9387, 0.2791
0.9509, 0.3160
0.9632, 0.3344
0.9755, 0.3712
0.9816, 0.4018
0.9877, 0.4325
0.9939, 0.4693
1.0000, 0.5000
1.0000, 0.5368
1.0000, 0.5736
1.0000, 0.6166
1.0000, 0.6534
1.0000, 0.6841
1.0000, 0.7147
1.0000, 0.7454
0.9939, 0.7699
0.9816, 0.7822
0.9693, 0.8068
0.9509, 0.8252
0.9387, 0.8497
0.9202, 0.8620
0.8957, 0.8742
0.8712, 0.8804
0.8344, 0.8988
0.7976, 0.9111
0.7730, 0.9172
0.7362, 0.9233
0.7055, 0.9295
0.6871, 0.9356
0.6564, 0.9356
0.6319, 0.9479
0.6135, 0.9540
0.5951, 0.9540
0.5767, 0.9540
0.5644, 0.9540
0.5399, 0.9540
0.5215, 0.9540
0.5031, 0.9540
0.4908, 0.9417
0.4847, 0.9417
0.4785, 0.9356
0.4785, 0.9295
0.4724, 0.9172
0.4663, 0.9049
0.4663, 0.8927
0.4540, 0.8804
0.4540, 0.8681
0.4478, 0.8620
0.4478, 0.8558
0.4478, 0.8497
0.4478, 0.8374
0.4417, 0.8374
0.4417, 0.8313
0.4417, 0.8252
0.4356, 0.8252
0.4356, 0.8190
0.4356, 0.8129
0.4356, 0.8068
