0.0601, 0.3228
0.0665, 0.3228
0.0791, 0.3291
0.0981, 0.3418
0.1297, 0.3418
0.1487, 0.3418
0.1741, 0.3481
0.1930, 0.3481
0.2120, 0.3544
0.2437, 0.3544
0.2563, 0.3544
0.2816, 0.3608
0.2943, 0.3608
0.3070, 0.3671
0.3259, 0.3671
0.3323, 0.3734
0.3386, 0.3734
0.3449, 0.3734
0.3449, 0.3671
0.3449, 0.3608
0.3386, 0.3481
0.3323, 0.3354
0.3196, 0.3228
0.3196, 0.3165
0.3133, 0.3038
0.3133, 0.2848
0.3133, 0.2785
0.3133, 0.2658
0.3133, 0.2595
0.3133, 0.2468
0.3133, 0.2342
0.3133, 0.2278
0.3133, 0.2152
0.3259, 0.2025
0.3323, 0.1836
0.3386, 0.1709
0.3513, 0.1582
0.3576, 0.1392
0.3766, 0.1266
0.3829, 0.1139
0.3956, 0.1013
0.4019, 0.0886
0.4145, 0.0696
0.4335, 0.0633
0.4462, 0.0506
0.4589, 0.0443
0.4842, 0.0253
0.4968, 0.0190
0.5095, 0.0190
0.5348, 0.0127
0.5538, 0.0063
0.5728, 0.0063
0.6044, 0.0000
0.6234, 0.0000
0.6551, 0.0000
0.6804, 0.0000
0.7120, 0.0000
0.7437, 0.0000
0.7563, 0.0000
0.7753, 0.0000
0.8006, 0.0000
0.8070, 0.0000
0.8196, 0.0063
0.8323, 0.0127
0.8513, 0.0190
0.8576, 0.0380
0.8702, 0.0506
0.8766, 0.0633
0.8892, 0.0886
0.9019, 0.1139
0.9146, 0.1456
0.9209, 0.1709
0.9272, 0.2152
0.9335, 0.2532
0.9335, 0.3038
0.9399, 0.3544
0.9399, 0.4051
0.9399, 0.4494
0.9399, 0.4937
0.9399, 0.5443
0.9399, 0.5823
0.9335, 0.6329
0.9335, 0.6646
0.9209, 0.7025
0.9146, 0.7405
0.8956, 0.7722
0.8892, 0.8164
0.8766, 0.8481
0.8513, 0.8734
0.8386, 0.9051
0.8259, 0.9241
0.8133, 0.9430
0.7880, 0.9557
0.7690, 0.9684
0.7437, 0.9747
0.7247, 0.9810
0.6930, 0.9937
0.6740, 0.9937
0.6614, 1.0000
0.6361, 1.0000
0.6234, 1.0000
0.6044, 1.0000
0.5791, 1.0000
0.5665, 1.0000
0.5538, 1.0000
0.5285, 1.0000
0.5158, 1.0000
0.5032, 1.0000
0.4778, 0.9873
0.4652, 0.9810
0.4525, 0.9810
0.4335, 0.9747
0.4272, 0.9684
0.4145, 0.9620
0.4082, 0.9557
0.4019, 0.9557
0.4019, 0.9494
0.3956, 0.9494
