0.0000, 0.3696
0.0054, 0.3696
0.0272, 0.3859
0.0652, 0.3859
0.1033, 0.3913
0.1413, 0.3967
0.1685, 0.4022
0.2011, 0.4076
0.2228, 0.4131
0.2446, 0.4185
0.2609, 0.4293
0.2772, 0.4293
0.2826, 0.4348
0.2935, 0.4348
0.2989, 0.4402
0.3043, 0.4402
0.3043, 0.4239
0.3098, 0.4131
0.3098, 0.3967
0.3207, 0.3804
0.3207, 0.3696
0.3261, 0.3587
0.3315, 0.3370
0.3424, 0.3206
0.3533, 0.3043
0.3696, 0.2826
0.3804, 0.2609
0.3913, 0.2391
0.4022, 0.2228
0.4185, 0.2011
0.4293, 0.1848
0.4457, 0.1685
0.4620, 0.1522
0.4728, 0.1413
0.4891, 0.1250
0.5054, 0.1087
0.5217, 0.0978
0.5380, 0.0924
0.5652, 0.0815
0.5924, 0.0761
0.6141, 0.0652
0.6413, 0.0652
0.6630, 0.0652
0.6956, 0.0652
0.7174, 0.0652
0.7446, 0.0652
0.7717, 0.0707
0.7935, 0.0761
0.8206, 0.0815
0.8370, 0.0870
0.8641, 0.0978
0.8804, 0.1196
0.9076, 0.1359
0.9239, 0.1630
0.9348, 0.1848
0.9565, 0.2174
0.9674, 0.2554
0.9783, 0.2989
0.9891, 0.3478
0.9946, 0.3913
1.0000, 0.4402
1.0000, 0.4891
1.0000, 0.5326
1.0000, 0.5815
1.0000, 0.6304
0.9891, 0.6794
0.9837, 0.7065
0.9728, 0.7554
0.9620, 0.7826
0.9402, 0.8152
0.9293, 0.8424
0.9022, 0.8641
0.8859, 0.8750
0.8750, 0.8967
0.8478, 0.9076
0.8315, 0.9130
0.8043, 0.9185
0.7717, 0.9294
0.7500, 0.9348
0.7228, 0.9348
0.7011, 0.9348
0.6739, 0.9348
0.6522, 0.9348
0.6250, 0.9348
0.6087, 0.9239
0.5870, 0.9185
0.5652, 0.9130
0.5435, 0.9076
0.5326, 0.9076
0.5217, 0.9022
0.5109, 0.8967
0.5000, 0.8967
0.4891, 0.8913
0.4837, 0.8913
0.4728, 0.8804
0.4565, 0.8750
0.4511, 0.8696
0.4457, 0.8696
0.4402, 0.8641
0.4348, 0.8587
0.4239, 0.8533
0.4239, 0.8478
0.4130, 0.8478
0.4076, 0.8370
0.4022, 0.8315
