0.0000, 0.5540
0.0216, 0.5540
0.0719, 0.5540
0.1223, 0.5540
0.1726, 0.5611
0.2302, 0.5611
0.2734, 0.5611
0.3093, 0.5683
0.3237, 0.5755
0.3381, 0.5755
0.3453, 0.5755
0.3381, 0.5611
0.3309, 0.5468
0.3237, 0.5324
0.3165, 0.5180
0.3165, 0.5108
0.3093, 0.4964
0.3093, 0.4892
0.2949, 0.4748
0.2949, 0.4676
0.2878, 0.4604
0.2878, 0.4532
0.2878, 0.4460
0.2878, 0.4316
0.2878, 0.4173
0.2878, 0.4029
0.2878, 0.3885
0.2878, 0.3813
0.2878, 0.3669
0.2878, 0.3453
0.3021, 0.3309
0.3021, 0.3237
0.3093, 0.3093
0.3165, 0.2878
0.3237, 0.2734
0.3309, 0.2590
0.3381, 0.2374
0.3525, 0.2158
0.3669, 0.2014
0.3813, 0.1798
0.3885, 0.1583
0.4029, 0.1439
0.4244, 0.1151
0.4388, 0.0935
0.4532, 0.0791
0.4604, 0.0575
0.4820, 0.0503
0.4892, 0.0431
0.5036, 0.0431
0.5252, 0.0360
0.5539, 0.0288
0.5827, 0.0288
0.6259, 0.0288
0.6691, 0.0360
0.6978, 0.0503
0.7410, 0.0719
0.7626, 0.0863
0.7914, 0.1007
0.8201, 0.1367
0.8489, 0.1655
0.8777, 0.2014
0.9065, 0.2518
0.9281, 0.3021
0.9424, 0.3597
0.9640, 0.4029
0.9784, 0.4532
0.9856, 0.4964
0.9928, 0.5396
1.0000, 0.5827
1.0000, 0.6331
1.0000, 0.6763
1.0000, 0.7194
1.0000, 0.7554
1.0000, 0.7914
1.0000, 0.8130
0.9928, 0.8417
0.9784, 0.8633
0.9640, 0.8849
0.9424, 0.9065
0.9281, 0.9209
0.9065, 0.9353
0.8777, 0.9425
0.8561, 0.9568
0.8201, 0.9640
0.7914, 0.9640
0.7554, 0.9712
0.7266, 0.9712
0.6978, 0.9712
0.6691, 0.9712
0.6475, 0.9712
0.6259, 0.9712
0.6115, 0.9712
0.5899, 0.9712
0.5755, 0.9712
0.5683, 0.9640
0.5539, 0.9640
0.5468, 0.9496
0.5324, 0.9496
0.5252, 0.9496
0.5252, 0.9425
0.5180, 0.9425
0.5180, 0.9353
0.5108, 0.9353
0.5108, 0.9281
0.5036, 0.9281
0.5036, 0.9209
