0.0079, 0.4555
0.0131, 0.4450
0.0340, 0.4450
0.0602, 0.4450
0.0916, 0.4398
0.1283, 0.4346
0.1597, 0.4346
0.1806, 0.4293
0.2016, 0.4293
0.2173, 0.4241
0.2278, 0.4241
0.2435, 0.4188
0.2487, 0.4188
0.2487, 0.4136
0.2539, 0.4031
0.2592, 0.3927
0.2592, 0.3874
0.2644, 0.3770
0.2644, 0.3560
0.2696, 0.3455
0.2696, 0.3298
0.2749, 0.3089
0.2853, 0.2880
0.2906, 0.2670
0.3011, 0.2461
0.3063, 0.2251
0.3115, 0.2042
0.3272, 0.1832
0.3325, 0.1675
0.3377, 0.1518
0.3482, 0.1309
0.3534, 0.1152
0.3586, 0.0995
0.3743, 0.0890
0.3796, 0.0785
0.3901, 0.0681
0.3953, 0.0524
0.4110, 0.0419
0.4215, 0.0314
0.4319, 0.0157
0.4424, 0.0105
0.4634, 0.0052
0.4791, 0.0052
0.5052, 0.0000
0.5419, 0.0000
0.5681, 0.0000
0.6047, 0.0000
0.6361, 0.0000
0.6571, 0.0105
0.6885, 0.0209
0.7042, 0.0262
0.7304, 0.0366
0.7565, 0.0524
0.7723, 0.0681
0.7880, 0.0838
0.8141, 0.1099
0.8298, 0.1257
0.8560, 0.1518
0.8717, 0.1728
0.8979, 0.2042
0.9136, 0.2408
0.9346, 0.2670
0.9450, 0.3037
0.9555, 0.3403
0.9660, 0.3770
0.9764, 0.4188
0.9817, 0.4555
0.9869, 0.4974
0.9869, 0.5393
0.9921, 0.5759
0.9921, 0.6021
0.9921, 0.6387
0.9921, 0.6702
0.9921, 0.7016
0.9869, 0.7225
0.9817, 0.7487
0.9712, 0.7696
0.9555, 0.7958
0.9503, 0.8167
0.9241, 0.8429
0.9136, 0.8639
0.8927, 0.8848
0.8770, 0.9005
0.8560, 0.9215
0.8351, 0.9319
0.8141, 0.9424
0.7827, 0.9581
0.7513, 0.9686
0.7304, 0.9738
0.6990, 0.9843
0.6675, 0.9895
0.6518, 0.9895
0.6257, 1.0000
0.6152, 1.0000
0.6047, 1.0000
0.5942, 1.0000
0.5733, 1.0000
0.5576, 1.0000
0.5367, 0.9895
0.5209, 0.9895
0.5000, 0.9790
0.4843, 0.9738
0.4738, 0.9686
0.4686, 0.9686
0.4581, 0.9633
0.4529, 0.9529
0.4476, 0.9529
0.4424, 0.9476
0.4372, 0.9424
0.4319, 0.9424
0.4267, 0.9372
0.4267, 0.9319
0.4215, 0.9319
0.4215, 0.9267
0.4110, 0.9267
0.4110, 0.9215
0.4058, 0.9110
0.4005, 0.9058
0.4005, 0.9005
0.3953, 0.9005
0.3953, 0.8953
