0.0000, 0.4965
0.0000, 0.5035
0.0138, 0.5172
0.0552, 0.5172
0.0966, 0.5241
0.1379, 0.5310
0.1724, 0.5310
0.2138, 0.5379
0.2552, 0.5379
0.2828, 0.5448
0.3172, 0.5448
0.3379, 0.5517
0.3517, 0.5517
0.3724, 0.5586
0.3862, 0.5586
0.3931, 0.5586
0.3931, 0.5517
0.3931, 0.5448
0.3931, 0.5310
0.3931, 0.5241
0.3931, 0.5035
0.3931, 0.4896
0.3931, 0.4827
0.3931, 0.4759
0.3931, 0.4552
0.3862, 0.4483
0.3862, 0.4414
0.3862, 0.4345
0.3862, 0.4207
0.3862, 0.4138
0.3862, 0.3931
0.3862, 0.3862
0.3862, 0.3724
0.3862, 0.3655
0.3862, 0.3586
0.3862, 0.3379
0.3862, 0.3241
0.3931, 0.3172
0.3931, 0.3034
0.3931, 0.2828
0.4000, 0.2621
0.4069, 0.2483
0.4138, 0.2276
0.4276, 0.2138
0.4345, 0.2000
0.4414, 0.1862
0.4483, 0.1655
0.4621, 0.1517
0.4690, 0.1379
0.4827, 0.1241
0.4965, 0.1103
0.5103, 0.0897
0.5172, 0.0827
0.5379, 0.0690
0.5517, 0.0483
0.5655, 0.0414
0.5793, 0.0345
0.5931, 0.0345
0.6000, 0.0276
0.6138, 0.0276
0.6345, 0.0276
0.6759, 0.0276
0.7103, 0.0276
0.7448, 0.0414
0.7862, 0.0621
0.8069, 0.0759
0.8483, 0.1035
0.8827, 0.1379
0.9103, 0.1724
0.9241, 0.2000
0.9517, 0.2345
0.9586, 0.2759
0.9724, 0.3103
0.9793, 0.3448
0.9793, 0.3793
0.9931, 0.4207
1.0000, 0.4621
1.0000, 0.4827
1.0000, 0.5241
1.0000, 0.5517
1.0000, 0.5862
1.0000, 0.6138
1.0000, 0.6483
1.0000, 0.6897
1.0000, 0.7172
1.0000, 0.7517
0.9862, 0.7793
0.9724, 0.8069
0.9586, 0.8345
0.9448, 0.8621
0.9241, 0.8828
0.8965, 0.9034
0.8621, 0.9241
0.8276, 0.9379
0.7931, 0.9448
0.7448, 0.9586
0.6965, 0.9586
0.6620, 0.9724
0.6276, 0.9724
0.6069, 0.9724
0.5793, 0.9724
0.5655, 0.9724
0.5517, 0.9724
0.5310, 0.9724
0.5241, 0.9724
0.5172, 0.9724
0.5035, 0.9655
0.4965, 0.9655
0.4690, 0.9586
0.4621, 0.9586
0.4483, 0.9517
0.4414, 0.9517
0.4345, 0.9448
0.4207, 0.9448
