0.0000, 0.3772
0.0120, 0.3772
0.0299, 0.3892
0.0599, 0.3952
0.0838, 0.3952
0.1198, 0.4012
0.1557, 0.4072
0.1976, 0.4132
0.2276, 0.4132
0.2695, 0.4192
0.2994, 0.4192
0.3234, 0.4252
0.3533, 0.4252
0.3653, 0.4252
0.3772, 0.4252
0.3832, 0.4252
0.3952, 0.4252
0.4012, 0.4252
0.4072, 0.4252
0.4072, 0.4192
0.4072, 0.4132
0.4012, 0.4132
0.4012, 0.4012
0.4012, 0.3952
0.4012, 0.3772
0.4012, 0.3713
0.4012, 0.3593
0.4012, 0.3473
0.4012, 0.3293
0.4012, 0.3114
0.4012, 0.2994
0.4072, 0.2755
0.4132, 0.2635
0.4192, 0.2455
0.4311, 0.2276
0.4431, 0.2096
0.4551, 0.1856
0.4671, 0.1677
0.4790, 0.1497
0.4970, 0.1317
0.5090, 0.1198
0.5210, 0.1018
0.5329, 0.0958
0.5509, 0.0838
0.5569, 0.0778
0.5689, 0.0719
0.5749, 0.0659
0.5928, 0.0659
0.6048, 0.0599
0.6228, 0.0599
0.6467, 0.0599
0.6647, 0.0599
0.6946, 0.0599
0.7126, 0.0599
0.7305, 0.0659
0.7605, 0.0719
0.7784, 0.0778
0.8024, 0.0958
0.8144, 0.1018
0.8383, 0.1138
0.8503, 0.1258
0.8623, 0.1437
0.8743, 0.1557
0.8922, 0.1737
0.9042, 0.1976
0.9162, 0.2156
0.9282, 0.2455
0.9461, 0.2635
0.9581, 0.2994
0.9641, 0.3234
0.9701, 0.3533
0.9880, 0.3892
0.9880, 0.4192
0.9940, 0.4611
1.0000, 0.5030
1.0000, 0.5389
1.0000, 0.5689
1.0000, 0.6287
1.0000, 0.6707
1.0000, 0.7066
0.9940, 0.7425
0.9820, 0.7784
0.9701, 0.8024
0.9581, 0.8264
0.9461, 0.8443
0.9222, 0.8743
0.9042, 0.8862
0.8802, 0.8982
0.8563, 0.9102
0.8204, 0.9282
0.7784, 0.9341
0.7365, 0.9401
0.7006, 0.9401
0.6527, 0.9401
0.6108, 0.9401
0.5749, 0.9401
0.5389, 0.9401
0.5210, 0.9401
0.5030, 0.9401
0.4850, 0.9401
0.4731, 0.9341
0.4611, 0.9341
0.4551, 0.9282
0.4371, 0.9282
0.4311, 0.9162
0.4251, 0.9102
0.4132, 0.9102
0.4132, 0.9042
0.3952, 0.8982
0.3952, 0.8922
0.3892, 0.8862
0.3892, 0.8803
0.3892, 0.8743
0.3892, 0.8623
0.3892, 0.8563
0.3892, 0.8503
0.3892, 0.8383
0.3892, 0.8323
0.3892, 0.8144
0.3892, 0.8084
0.3892, 0.8024
0.3892, 0.7964
0.3892, 0.7904
0.3892, 0.7844
0.3892, 0.7784
0.3892, 0.7665
