0.0000, 0.4503
0.0059, 0.4503
0.0409, 0.4561
0.0760, 0.4561
0.1111, 0.4620
0.1462, 0.4620
0.1813, 0.4737
0.2222, 0.4795
0.2573, 0.4795
0.2924, 0.4854
0.3275, 0.4854
0.3626, 0.4912
0.3801, 0.4912
0.3918, 0.4912
0.4093, 0.4912
0.4152, 0.4912
0.4211, 0.4971
0.4211, 0.4912
0.4211, 0.4795
0.4211, 0.4678
0.4211, 0.4620
0.4211, 0.4503
0.4211, 0.4386
0.4211, 0.4211
0.4211, 0.4094
0.4211, 0.3977
0.4211, 0.3860
0.4211, 0.3626
0.4211, 0.3509
0.4211, 0.3333
0.4211, 0.3099
0.4211, 0.2924
0.4211, 0.2632
0.4211, 0.2398
0.4211, 0.2105
0.4269, 0.1930
0.4327, 0.1579
0.4386, 0.1462
0.4444, 0.1287
0.4503, 0.1170
0.4620, 0.1053
0.4678, 0.0994
0.4737, 0.0819
0.4737, 0.0760
0.4795, 0.0702
0.4854, 0.0702
0.4854, 0.0643
0.4912, 0.0643
0.4912, 0.0585
0.4971, 0.0585
0.4971, 0.0526
0.5088, 0.0526
0.5205, 0.0526
0.5380, 0.0468
0.5614, 0.0468
0.5848, 0.0468
0.6199, 0.0468
0.6550, 0.0526
0.6842, 0.0643
0.7251, 0.0760
0.7544, 0.0936
0.7778, 0.1111
0.8070, 0.1228
0.8245, 0.1462
0.8538, 0.1637
0.8713, 0.1871
0.8947, 0.2105
0.9123, 0.2398
0.9240, 0.2690
0.9415, 0.3041
0.9591, 0.3450
0.9708, 0.3860
0.9766, 0.4269
0.9883, 0.4503
0.9941, 0.4912
1.0000, 0.5263
1.0000, 0.5614
1.0000, 0.5906
1.0000, 0.6199
1.0000, 0.6550
1.0000, 0.6842
1.0000, 0.7135
1.0000, 0.7369
0.9824, 0.7602
0.9766, 0.7778
0.9649, 0.8012
0.9591, 0.8129
0.9474, 0.8246
0.9298, 0.8363
0.9181, 0.8479
0.9006, 0.8597
0.8772, 0.8655
0.8596, 0.8772
0.8245, 0.8830
0.8012, 0.8947
0.7661, 0.9064
0.7310, 0.9123
0.7076, 0.9240
0.6725, 0.9298
0.6433, 0.9357
0.6257, 0.9474
0.6082, 0.9474
0.5906, 0.9532
0.5789, 0.9532
0.5672, 0.9532
0.5556, 0.9532
0.5380, 0.9532
0.5263, 0.9532
0.5205, 0.9532
0.5146, 0.9415
0.5088, 0.9415
0.5088, 0.9357
0.4971, 0.9357
0.4971, 0.9298
0.4971, 0.9240
0.4912, 0.9181
0.4912, 0.9123
0.4912, 0.9064
0.4912, 0.8889
0.4912, 0.8830
0.4854, 0.8714
0.4854, 0.8538
0.4854, 0.8421
0.4854, 0.8304
0.4854, 0.8187
0.4795, 0.8129
0.4795, 0.8070
0.4795, 0.7953
0.4795, 0.7895
0.4795, 0.7836
