0.0000, 0.3585
0.0000, 0.3648
0.0063, 0.3648
0.0503, 0.3648
0.0818, 0.3648
0.1195, 0.3648
0.1509, 0.3711
0.1698, 0.3711
0.2013, 0.3711
0.2138, 0.3711
0.2264, 0.3711
0.2390, 0.3711
0.2579, 0.3774
0.2641, 0.3774
0.2704, 0.3774
0.2830, 0.3899
0.2893, 0.3899
0.3019, 0.3899
0.3082, 0.3899
0.3145, 0.3899
0.3145, 0.3837
0.3207, 0.3711
0.3207, 0.3585
0.3270, 0.3459
0.3270, 0.3208
0.3333, 0.3082
0.3396, 0.2893
0.3522, 0.2642
0.3585, 0.2453
0.3648, 0.2138
0.3711, 0.2013
0.3774, 0.1761
0.3899, 0.1572
0.4025, 0.1447
0.4088, 0.1195
0.4214, 0.1069
0.4214, 0.0943
0.4340, 0.0818
0.4402, 0.0629
0.4591, 0.0566
0.4654, 0.0503
0.4717, 0.0377
0.4843, 0.0314
0.4906, 0.0189
0.4969, 0.0126
0.5094, 0.0126
0.5157, 0.0063
0.5220, 0.0063
0.5346, 0.0000
0.5472, 0.0000
0.5786, 0.0000
0.5975, 0.0000
0.6289, 0.0000
0.6541, 0.0000
0.6793, 0.0000
0.7044, 0.0000
0.7296, 0.0000
0.7484, 0.0063
0.7736, 0.0126
0.7987, 0.0252
0.8239, 0.0314
0.8365, 0.0440
0.8491, 0.0503
0.8616, 0.0629
0.8868, 0.0818
0.8994, 0.1006
0.9245, 0.1321
0.9371, 0.1572
0.9560, 0.1887
0.9748, 0.2201
0.9811, 0.2579
0.9937, 0.2956
0.9937, 0.3459
1.0000, 0.3899
1.0000, 0.4340
1.0000, 0.4654
1.0000, 0.5094
1.0000, 0.5472
1.0000, 0.5723
0.9937, 0.6101
0.9874, 0.6415
0.9811, 0.6729
0.9623, 0.7044
0.9497, 0.7233
0.9371, 0.7484
0.9182, 0.7736
0.9057, 0.7987
0.8931, 0.8113
0.8679, 0.8428
0.8428, 0.8553
0.8239, 0.8742
0.7925, 0.8994
0.7610, 0.9182
0.7296, 0.9308
0.6981, 0.9497
0.6604, 0.9623
0.6352, 0.9748
0.5975, 0.9811
0.5723, 0.9874
0.5472, 1.0000
0.5283, 1.0000
0.5157, 1.0000
0.4906, 1.0000
0.4780, 1.0000
0.4654, 1.0000
0.4402, 1.0000
0.4214, 1.0000
0.4088, 0.9937
0.3899, 0.9937
0.3774, 0.9874
0.3648, 0.9874
0.3585, 0.9874
0.3459, 0.9874
0.3459, 0.9811
0.3459, 0.9748
0.3396, 0.9748
0.3396, 0.9686
0.3333, 0.9623
0.3333, 0.9560
0.3333, 0.9497
0.3333, 0.9308
0.3333, 0.9182
0.3333, 0.8994
0.3333, 0.8805
0.3333, 0.8616
0.3333, 0.8491
0.3333, 0.8302
0.3333, 0.8176
0.3333, 0.8050
0.3333, 0.7862
0.3333, 0.7799
0.3333, 0.7736
0.3333, 0.7610
0.3333, 0.7547
0.3333, 0.7484
0.3333, 0.7421
0.3333, 0.7295
0.3333, 0.7233
0.3333, 0.7170
