0.0000, 0.4208
0.0000, 0.4250
0.0042, 0.4250
0.0167, 0.4250
0.0333, 0.4250
0.0500, 0.4250
0.0792, 0.4292
0.1042, 0.4292
0.1292, 0.4333
0.1458, 0.4375
0.1750, 0.4375
0.1917, 0.4375
0.2083, 0.4417
0.2167, 0.4417
0.2208, 0.4417
0.2333, 0.4500
0.2375, 0.4500
0.2417, 0.4500
0.2417, 0.4375
0.2542, 0.4125
0.2583, 0.3917
0.2708, 0.3708
0.2750, 0.3583
0.2792, 0.3375
0.2875, 0.3292
0.2917, 0.3167
0.2958, 0.3042
0.3042, 0.2917
0.3083, 0.2833
0.3167, 0.2667
0.3208, 0.2583
0.3208, 0.2500
0.3292, 0.2375
0.3292, 0.2333
0.3375, 0.2292
0.3417, 0.2250
0.3417, 0.2208
0.3458, 0.2208
0.3500, 0.2125
0.3542, 0.2125
0.3583, 0.2125
0.3750, 0.2292
0.3833, 0.2375
0.3917, 0.2542
0.4042, 0.2583
0.4083, 0.2708
0.4167, 0.2917
0.4250, 0.3042
0.4292, 0.3208
0.4333, 0.3375
0.4417, 0.3542
0.4458, 0.3708
0.4500, 0.3875
0.4542, 0.4042
0.4625, 0.4250
0.4667, 0.4417
0.4750, 0.4667
0.4792, 0.4875
0.4875, 0.5250
0.4958, 0.5583
0.5000, 0.5875
0.5125, 0.6042
0.5167, 0.6250
0.5208, 0.6375
0.5292, 0.6500
0.5292, 0.6625
0.5417, 0.6750
0.5500, 0.6917
0.5583, 0.7000
0.5667, 0.7125
0.5792, 0.7292
0.5917, 0.7375
0.6000, 0.7458
0.6167, 0.7500
0.6250, 0.7583
0.6375, 0.7667
0.6542, 0.7708
0.6625, 0.7750
0.6708, 0.7792
0.6875, 0.7792
0.6958, 0.7792
0.7083, 0.7833
0.7208, 0.7833
0.7333, 0.7833
0.7500, 0.7875
0.7583, 0.7875
0.7667, 0.7875
0.7750, 0.7875
0.7875, 0.7875
0.7958, 0.7875
0.8042, 0.7875
0.8167, 0.7875
0.8292, 0.7875
0.8375, 0.7875
0.8458, 0.7875
0.8583, 0.7875
0.8667, 0.7875
0.8750, 0.7875
0.8875, 0.7833
0.8958, 0.7833
0.9042, 0.7792
0.9125, 0.7792
0.9250, 0.7750
0.9292, 0.7708
0.9333, 0.7667
0.9417, 0.7625
0.9458, 0.7542
0.9542, 0.7500
0.9625, 0.7458
0.9667, 0.7417
0.9750, 0.7333
0.9792, 0.7208
0.9833, 0.7083
0.9917, 0.7000
0.9958, 0.6958
0.9958, 0.6833
0.9958, 0.6750
1.0000, 0.6667
1.0000, 0.6542
1.0000, 0.6417
1.0000, 0.6333
1.0000, 0.6167
0.9875, 0.6042
0.9833, 0.5917
0.9750, 0.5792
0.9667, 0.5708
0.9625, 0.5625
0.9500, 0.5583
0.9417, 0.5458
0.9333, 0.5417
0.9250, 0.5375
0.9125, 0.5333
0.9000, 0.5333
0.8917, 0.5333
0.8750, 0.5333
0.8625, 0.5333
0.8458, 0.5333
0.8292, 0.5333
0.8083, 0.5333
0.7958, 0.5333
0.7750, 0.5417
0.7625, 0.5542
0.7458, 0.5625
0.7333, 0.5708
0.7250, 0.5792
0.7125, 0.5917
0.7083, 0.6000
0.7000, 0.6083
0.6958, 0.6208
0.6917, 0.6250
0.6917, 0.6292
0.6917, 0.6333
0.6875, 0.6333
