0.0000, 0.4089
0.0127, 0.4089
0.0466, 0.4131
0.0975, 0.4216
0.1314, 0.4216
0.1610, 0.4258
0.1780, 0.4258
0.1949, 0.4258
0.2034, 0.4258
0.2076, 0.4258
0.2076, 0.4174
0.2076, 0.4089
0.2076, 0.4004
0.2119, 0.3919
0.2119, 0.3792
0.2119, 0.3708
0.2119, 0.3623
0.2119, 0.3538
0.2119, 0.3453
0.2203, 0.3369
0.2203, 0.3326
0.2246, 0.3242
0.2246, 0.3114
0.2246, 0.3072
0.2288, 0.2987
0.2331, 0.2860
0.2331, 0.2648
0.2373, 0.2564
0.2373, 0.2436
0.2415, 0.2309
0.2458, 0.2182
0.2542, 0.2055
0.2585, 0.1970
0.2585, 0.1886
0.2627, 0.1801
0.2627, 0.1716
0.2669, 0.1631
0.2712, 0.1589
0.2754, 0.1547
0.2754, 0.1504
0.2797, 0.1462
0.2839, 0.1462
0.2839, 0.1377
0.2924, 0.1377
0.2966, 0.1377
0.3009, 0.1420
0.3136, 0.1504
0.3305, 0.1547
0.3390, 0.1631
0.3475, 0.1758
0.3602, 0.1801
0.3686, 0.1843
0.3729, 0.1886
0.3814, 0.1928
0.3856, 0.1970
0.3983, 0.2013
0.4025, 0.2097
0.4110, 0.2140
0.4195, 0.2182
0.4365, 0.2225
0.4449, 0.2267
0.4534, 0.2352
0.4703, 0.2352
0.4831, 0.2479
0.4915, 0.2479
0.5000, 0.2521
0.5085, 0.2564
0.5127, 0.2606
0.5169, 0.2606
0.5212, 0.2648
0.5254, 0.2648
0.5297, 0.2691
0.5381, 0.2818
0.5424, 0.2818
0.5466, 0.2903
0.5509, 0.2945
0.5551, 0.2987
0.5551, 0.3072
0.5593, 0.3157
0.5593, 0.3242
0.5636, 0.3326
0.5636, 0.3411
0.5636, 0.3623
0.5636, 0.3708
0.5636, 0.3919
0.5593, 0.4089
0.5509, 0.4386
0.5424, 0.4725
0.5339, 0.5021
0.5297, 0.5360
0.5297, 0.5614
0.5297, 0.5869
0.5297, 0.6165
0.5297, 0.6419
0.5297, 0.6589
0.5424, 0.6758
0.5466, 0.6886
0.5551, 0.7097
0.5636, 0.7267
0.5720, 0.7394
0.5848, 0.7479
0.5932, 0.7606
0.6059, 0.7733
0.6229, 0.7818
0.6441, 0.7945
0.6610, 0.8072
0.6822, 0.8157
0.6949, 0.8242
0.7161, 0.8284
0.7331, 0.8411
0.7542, 0.8453
0.7712, 0.8496
0.7924, 0.8538
0.8093, 0.8580
0.8348, 0.8623
0.8602, 0.8623
0.8771, 0.8623
0.8983, 0.8623
0.9110, 0.8623
0.9195, 0.8623
0.9280, 0.8623
0.9407, 0.8580
0.9492, 0.8496
0.9619, 0.8453
0.9703, 0.8326
0.9831, 0.8157
0.9958, 0.7945
1.0000, 0.7775
1.0000, 0.7521
1.0000, 0.7182
1.0000, 0.6928
0.9873, 0.6801
0.9831, 0.6631
0.9703, 0.6504
0.9619, 0.6419
0.9534, 0.6377
0.9492, 0.6335
0.9364, 0.6250
0.9280, 0.6208
0.9152, 0.6208
0.9110, 0.6208
0.9025, 0.6208
0.8983, 0.6208
0.8771, 0.6292
0.8559, 0.6419
0.8263, 0.6547
0.8051, 0.6716
0.7924, 0.6801
0.7839, 0.6928
0.7712, 0.7055
0.7669, 0.7140
0.7627, 0.7225
0.7585, 0.7267
0.7585, 0.7352
0.7542, 0.7352
