0.7566, 0.6084
0.7611, 0.6040
0.7788, 0.5951
0.7920, 0.5907
0.8009, 0.5819
0.8142, 0.5774
0.8186, 0.5730
0.8230, 0.5730
0.8274, 0.5730
0.8363, 0.5686
0.8407, 0.5686
0.8495, 0.5686
0.8584, 0.5686
0.8628, 0.5686
0.8717, 0.5686
0.8761, 0.5686
0.8805, 0.5686
0.8938, 0.5686
0.8982, 0.5686
0.9027, 0.5686
0.9115, 0.5686
0.9159, 0.5686
0.9248, 0.5730
0.9292, 0.5730
0.9336, 0.5730
0.9381, 0.5730
0.9425, 0.5774
0.9469, 0.5774
0.9469, 0.5863
0.9513, 0.5863
0.9602, 0.5907
0.9646, 0.5951
0.9690, 0.5951
0.9690, 0.5996
0.9734, 0.6040
0.9779, 0.6084
0.9779, 0.6128
0.9823, 0.6173
0.9823, 0.6261
0.9867, 0.6305
0.9956, 0.6394
0.9956, 0.6438
0.9956, 0.6482
1.0000, 0.6527
1.0000, 0.6615
1.0000, 0.6659
1.0000, 0.6748
1.0000, 0.6792
1.0000, 0.6836
1.0000, 0.6881
1.0000, 0.7013
1.0000, 0.7057
1.0000, 0.7146
1.0000, 0.7234
0.9911, 0.7367
0.9911, 0.7412
0.9867, 0.7456
0.9867, 0.7500
0.9823, 0.7544
0.9779, 0.7589
0.9779, 0.7633
0.9734, 0.7633
0.9690, 0.7721
0.9690, 0.7766
0.9646, 0.7766
0.9646, 0.7810
0.9557, 0.7854
0.9513, 0.7854
0.9469, 0.7854
0.9425, 0.7898
0.9381, 0.7898
0.9336, 0.7898
0.9292, 0.7943
0.9159, 0.7943
0.9071, 0.7943
0.8982, 0.7943
0.8938, 0.7943
0.8849, 0.7943
0.8761, 0.7943
0.8672, 0.7943
0.8628, 0.7943
0.8584, 0.7943
0.8451, 0.7943
0.8363, 0.7943
0.8319, 0.7943
0.8230, 0.7943
0.8186, 0.7898
0.8053, 0.7898
0.7965, 0.7898
0.7920, 0.7854
0.7876, 0.7854
0.7832, 0.7810
0.7743, 0.7810
0.7655, 0.7810
0.7655, 0.7766
0.7611, 0.7766
0.7566, 0.7766
0.7522, 0.7766
0.7478, 0.7677
0.7389, 0.7677
0.7345, 0.7633
0.7301, 0.7589
0.7257, 0.7589
0.7212, 0.7544
0.7168, 0.7500
0.7168, 0.7456
0.7080, 0.7456
0.7080, 0.7323
0.6991, 0.7323
0.6947, 0.7234
0.6903, 0.7190
0.6858, 0.7102
0.6814, 0.7013
0.6770, 0.6881
0.6726, 0.6792
0.6637, 0.6704
0.6593, 0.6571
0.6593, 0.6482
0.6549, 0.6394
0.6504, 0.6350
0.6504, 0.6217
0.6460, 0.6128
0.6460, 0.6040
0.6416, 0.5996
0.6416, 0.5907
0.6416, 0.5819
0.6372, 0.5774
0.6372, 0.5686
0.6283, 0.5642
0.6283, 0.5597
0.6283, 0.5465
0.6239, 0.5420
0.6239, 0.5376
0.6239, 0.5288
0.6195, 0.5243
0.6195, 0.5199
0.6195, 0.5066
0.6195, 0.5022
0.6150, 0.4978
0.6150, 0.4889
0.6150, 0.4845
0.6150, 0.4757
0.6106, 0.4668
0.6106, 0.4624
0.6106, 0.4580
0.6106, 0.4535
0.6062, 0.4447
0.6062, 0.4358
0.6062, 0.4314
0.6062, 0.4270
0.6062, 0.4226
0.6018, 0.4181
0.6018, 0.4137
0.6018, 0.4093
0.6018, 0.4005
0.5929, 0.3916
0.5929, 0.3828
0.5885, 0.3783
0.5885, 0.3739
0.5841, 0.3650
0.5841, 0.3562
0.5796, 0.3518
0.5752, 0.3429
0.5708, 0.3385
0.5708, 0.3252
0.5619, 0.3208
0.5531, 0.3119
0.5487, 0.3075
0.5398, 0.2987
0.5310, 0.2854
0.5177, 0.2766
0.5088, 0.2721
0.5000, 0.2633
0.4956, 0.2544
0.4911, 0.2500
0.4779, 0.2456
0.4646, 0.2412
0.4557, 0.2367
0.4381, 0.2323
0.4292, 0.2190
0.4159, 0.2190
0.3982, 0.2146
0.3894, 0.2102
0.3805, 0.2057
0.3717, 0.2057
0.3628, 0.2057
0.3540, 0.2057
0.3451, 0.2057
0.3274, 0.2057
0.3186, 0.2057
0.2965, 0.2057
0.2876, 0.2102
0.2743, 0.2146
0.2611, 0.2235
0.2522, 0.2323
0.2434, 0.2367
0.2345, 0.2412
0.2257, 0.2456
0.2212, 0.2589
0.2124, 0.2633
0.2080, 0.2721
0.2035, 0.2766
0.1991, 0.2854
0.1858, 0.2987
0.1814, 0.3075
0.1770, 0.3164
0.1726, 0.3341
0.1726, 0.3429
0.1681, 0.3518
0.1681, 0.3606
0.1681, 0.3783
0.1681, 0.3916
0.1681, 0.4093
0.1681, 0.4181
0.1681, 0.4270
0.1726, 0.4403
0.1770, 0.4491
0.1814, 0.4580
0.1858, 0.4668
0.1947, 0.4801
0.2035, 0.4845
0.2035, 0.4934
0.2080, 0.4978
0.2124, 0.5022
0.2124, 0.5066
0.2168, 0.5066
0.2168, 0.5155
0.2168, 0.5199
0.2035, 0.5243
0.1637, 0.5420
0.1416, 0.5509
0.1283, 0.5509
0.1150, 0.5553
0.1106, 0.5553
0.1062, 0.5553
0.0973, 0.5597
0.0929, 0.5597
0.0796, 0.5597
0.0752, 0.5597
0.0664, 0.5597
0.0575, 0.5597
0.0531, 0.5597
0.0443, 0.5597
0.0398, 0.5597
0.0354, 0.5597
0.0310, 0.5597
0.0266, 0.5597
0.0221, 0.5597
0.0177, 0.5597
0.0133, 0.5597
0.0044, 0.5597
0.0000, 0.5597
