0.0000, 0.4909
0.0000, 0.4945
0.0146, 0.4945
0.0328, 0.4945
0.0584, 0.4945
0.0912, 0.4909
0.1241, 0.4872
0.1569, 0.4872
0.1861, 0.4799
0.2226, 0.4763
0.2591, 0.4726
0.2847, 0.4726
0.3029, 0.4690
0.3102, 0.4690
0.3175, 0.4690
0.3175, 0.4653
0.3175, 0.4580
0.3212, 0.4398
0.3212, 0.4288
0.3212, 0.4179
0.3248, 0.4106
0.3248, 0.4033
0.3321, 0.3887
0.3358, 0.3741
0.3358, 0.3668
0.3394, 0.3522
0.3431, 0.3449
0.3467, 0.3303
0.3504, 0.3230
0.3540, 0.3084
0.3540, 0.2975
0.3613, 0.2901
0.3650, 0.2828
0.3686, 0.2719
0.3686, 0.2682
0.3723, 0.2610
0.3723, 0.2573
0.3759, 0.2536
0.3759, 0.2500
0.3796, 0.2500
0.3832, 0.2500
0.3905, 0.2500
0.3942, 0.2500
0.3978, 0.2500
0.4051, 0.2500
0.4234, 0.2536
0.4416, 0.2610
0.4599, 0.2756
0.4708, 0.2865
0.4854, 0.2975
0.4964, 0.3157
0.5110, 0.3339
0.5255, 0.3522
0.5365, 0.3741
0.5511, 0.3960
0.5620, 0.4179
0.5766, 0.4434
0.5876, 0.4653
0.6022, 0.4909
0.6131, 0.5164
0.6241, 0.5347
0.6387, 0.5566
0.6460, 0.5675
0.6533, 0.5858
0.6642, 0.6040
0.6679, 0.6113
0.6825, 0.6369
0.6934, 0.6551
0.7044, 0.6734
0.7117, 0.6843
0.7263, 0.7026
0.7336, 0.7099
0.7445, 0.7172
0.7555, 0.7245
0.7628, 0.7318
0.7774, 0.7354
0.7956, 0.7427
0.8139, 0.7427
0.8212, 0.7464
0.8321, 0.7464
0.8467, 0.7500
0.8577, 0.7500
0.8686, 0.7500
0.8832, 0.7500
0.8942, 0.7500
0.9088, 0.7500
0.9197, 0.7500
0.9270, 0.7500
0.9380, 0.7500
0.9453, 0.7500
0.9489, 0.7500
0.9562, 0.7464
0.9635, 0.7464
0.9672, 0.7427
0.9708, 0.7391
0.9781, 0.7354
0.9818, 0.7318
0.9854, 0.7281
0.9854, 0.7172
0.9891, 0.7172
0.9963, 0.7099
0.9963, 0.7026
1.0000, 0.6989
1.0000, 0.6880
1.0000, 0.6807
1.0000, 0.6770
1.0000, 0.6734
1.0000, 0.6624
1.0000, 0.6551
0.9927, 0.6515
0.9927, 0.6442
0.9854, 0.6332
0.9818, 0.6259
0.9781, 0.6223
0.9745, 0.6150
0.9672, 0.6113
0.9599, 0.6077
0.9562, 0.6004
0.9526, 0.5967
0.9453, 0.5931
0.9416, 0.5894
0.9307, 0.5858
0.9270, 0.5858
0.9234, 0.5821
0.9161, 0.5821
0.9124, 0.5785
0.9088, 0.5785
0.9015, 0.5785
0.8978, 0.5785
0.8942, 0.5785
0.8905, 0.5785
0.8869, 0.5785
0.8832, 0.5785
0.8723, 0.5785
0.8650, 0.5785
0.8577, 0.5821
0.8504, 0.5858
0.8394, 0.5894
0.8321, 0.5967
0.8285, 0.6040
0.8212, 0.6113
0.8102, 0.6186
0.8029, 0.6259
0.7993, 0.6296
0.7956, 0.6405
0.7956, 0.6442
0.7920, 0.6478
0.7883, 0.6478
0.7883, 0.6515
