0.0000, 0.4050
0.0165, 0.4050
0.0496, 0.4050
0.1074, 0.4050
0.1570, 0.3967
0.1901, 0.3967
0.2149, 0.3967
0.2438, 0.3967
0.2603, 0.3967
0.2810, 0.3967
0.2893, 0.3967
0.2975, 0.3967
0.3099, 0.3967
0.3182, 0.3967
0.3264, 0.3967
0.3306, 0.3967
0.3306, 0.3926
0.3306, 0.3884
0.3306, 0.3802
0.3306, 0.3595
0.3388, 0.3471
0.3388, 0.3347
0.3430, 0.3306
0.3430, 0.3223
0.3430, 0.3099
0.3430, 0.2975
0.3471, 0.2893
0.3471, 0.2810
0.3512, 0.2686
0.3512, 0.2603
0.3512, 0.2562
0.3554, 0.2479
0.3595, 0.2355
0.3595, 0.2273
0.3595, 0.2190
0.3636, 0.2107
0.3678, 0.1984
0.3678, 0.1860
0.3802, 0.1777
0.3802, 0.1653
0.3884, 0.1570
0.3926, 0.1488
0.3967, 0.1446
0.3967, 0.1405
0.4008, 0.1281
0.4091, 0.1281
0.4091, 0.1240
0.4132, 0.1198
0.4173, 0.1198
0.4173, 0.1157
0.4173, 0.1116
0.4215, 0.1116
0.4256, 0.1116
0.4256, 0.1074
0.4298, 0.1074
0.4339, 0.1074
0.4421, 0.1074
0.4463, 0.0992
0.4504, 0.0992
0.4587, 0.0992
0.4628, 0.0992
0.4793, 0.1074
0.4876, 0.1116
0.5000, 0.1198
0.5165, 0.1281
0.5289, 0.1405
0.5454, 0.1529
0.5579, 0.1694
0.5661, 0.1777
0.5785, 0.1901
0.5868, 0.1984
0.5992, 0.2190
0.6116, 0.2397
0.6157, 0.2479
0.6240, 0.2645
0.6322, 0.2851
0.6364, 0.3058
0.6405, 0.3223
0.6488, 0.3347
0.6529, 0.3554
0.6570, 0.3678
0.6612, 0.3884
0.6653, 0.4008
0.6653, 0.4215
0.6694, 0.4339
0.6694, 0.4545
0.6736, 0.4711
0.6736, 0.4959
0.6736, 0.5124
0.6736, 0.5289
0.6736, 0.5537
0.6736, 0.5703
0.6736, 0.5909
0.6736, 0.6033
0.6736, 0.6240
0.6736, 0.6405
0.6736, 0.6612
0.6736, 0.6818
0.6736, 0.7025
0.6818, 0.7190
0.6818, 0.7314
0.6860, 0.7521
0.6860, 0.7645
0.6860, 0.7769
0.6901, 0.7893
0.6942, 0.8017
0.6942, 0.8099
0.6983, 0.8264
0.7025, 0.8347
0.7066, 0.8389
0.7149, 0.8512
0.7231, 0.8554
0.7314, 0.8595
0.7397, 0.8678
0.7562, 0.8719
0.7686, 0.8760
0.7769, 0.8802
0.7975, 0.8884
0.8058, 0.8926
0.8223, 0.8926
0.8306, 0.8967
0.8388, 0.8967
0.8554, 0.8967
0.8636, 0.9008
0.8719, 0.9008
0.8802, 0.9008
0.8926, 0.9008
0.9008, 0.9008
0.9050, 0.9008
0.9132, 0.9008
0.9298, 0.8967
0.9339, 0.8967
0.9421, 0.8926
0.9463, 0.8843
0.9587, 0.8802
0.9628, 0.8760
0.9711, 0.8678
0.9752, 0.8595
0.9793, 0.8554
0.9876, 0.8430
0.9917, 0.8347
0.9959, 0.8264
0.9959, 0.8099
1.0000, 0.8017
1.0000, 0.7934
1.0000, 0.7769
1.0000, 0.7686
1.0000, 0.7562
1.0000, 0.7438
0.9959, 0.7355
0.9959, 0.7273
0.9835, 0.7190
0.9835, 0.7066
0.9793, 0.7025
0.9752, 0.6984
0.9711, 0.6942
0.9669, 0.6901
0.9628, 0.6860
0.9587, 0.6777
0.9463, 0.6736
0.9421, 0.6694
0.9380, 0.6694
0.9298, 0.6694
0.9256, 0.6653
0.9173, 0.6653
0.9091, 0.6653
0.9008, 0.6653
0.8967, 0.6653
0.8843, 0.6653
0.8760, 0.6653
0.8636, 0.6653
0.8554, 0.6694
0.8388, 0.6736
0.8306, 0.6818
0.8223, 0.6901
0.8099, 0.6984
0.8017, 0.6984
0.8017, 0.7066
0.7975, 0.7066
0.7934, 0.7149
