0.0000, 0.4406
0.0041, 0.4406
0.0123, 0.4406
0.0287, 0.4406
0.0492, 0.4406
0.0738, 0.4447
0.1025, 0.4529
0.1148, 0.4529
0.1311, 0.4529
0.1393, 0.4529
0.1475, 0.4570
0.1557, 0.4570
0.1680, 0.4570
0.1721, 0.4570
0.1762, 0.4570
0.1803, 0.4570
0.2008, 0.4160
0.2131, 0.3914
0.2172, 0.3750
0.2254, 0.3627
0.2336, 0.3422
0.2418, 0.3299
0.2459, 0.3135
0.2500, 0.3053
0.2541, 0.2971
0.2582, 0.2930
0.2664, 0.2807
0.2705, 0.2725
0.2705, 0.2684
0.2746, 0.2643
0.2828, 0.2562
0.2828, 0.2479
0.2869, 0.2438
0.2910, 0.2357
0.2992, 0.2357
0.3033, 0.2275
0.3074, 0.2234
0.3156, 0.2152
0.3197, 0.2111
0.3238, 0.2070
0.3279, 0.2070
0.3361, 0.2029
0.3402, 0.2029
0.3402, 0.1988
0.3443, 0.1988
0.3484, 0.1988
0.3484, 0.1947
0.3525, 0.1947
0.3566, 0.1947
0.3689, 0.1947
0.3730, 0.1947
0.3852, 0.1947
0.4016, 0.1947
0.4139, 0.2029
0.4262, 0.2111
0.4426, 0.2234
0.4549, 0.2357
0.4713, 0.2562
0.4836, 0.2766
0.4877, 0.3012
0.4918, 0.3217
0.4959, 0.3463
0.5041, 0.3668
0.5082, 0.3955
0.5082, 0.4201
0.5123, 0.4365
0.5164, 0.4652
0.5205, 0.4898
0.5246, 0.5061
0.5328, 0.5389
0.5369, 0.5594
0.5451, 0.5840
0.5492, 0.6045
0.5574, 0.6291
0.5574, 0.6414
0.5697, 0.6578
0.5738, 0.6701
0.5779, 0.6865
0.5820, 0.6988
0.5902, 0.7070
0.6025, 0.7234
0.6107, 0.7357
0.6188, 0.7438
0.6353, 0.7602
0.6475, 0.7684
0.6680, 0.7766
0.6803, 0.7848
0.6926, 0.7889
0.7090, 0.7930
0.7213, 0.7971
0.7377, 0.8012
0.7500, 0.8012
0.7623, 0.8053
0.7746, 0.8053
0.7828, 0.8053
0.7910, 0.8053
0.7992, 0.8053
0.8115, 0.8053
0.8238, 0.8053
0.8402, 0.8053
0.8525, 0.8053
0.8606, 0.8012
0.8770, 0.7971
0.8852, 0.7930
0.8975, 0.7807
0.9098, 0.7766
0.9180, 0.7725
0.9221, 0.7684
0.9303, 0.7643
0.9344, 0.7602
0.9467, 0.7602
0.9508, 0.7561
0.9549, 0.7479
0.9590, 0.7438
0.9631, 0.7397
0.9672, 0.7357
0.9754, 0.7357
0.9795, 0.7316
0.9836, 0.7275
0.9877, 0.7234
0.9918, 0.7152
0.9959, 0.7111
0.9959, 0.7029
0.9959, 0.6988
1.0000, 0.6947
1.0000, 0.6824
1.0000, 0.6783
1.0000, 0.6701
1.0000, 0.6660
0.9959, 0.6619
0.9959, 0.6578
0.9877, 0.6455
0.9836, 0.6414
0.9795, 0.6373
0.9672, 0.6332
0.9631, 0.6291
0.9549, 0.6250
0.9467, 0.6209
0.9385, 0.6209
0.9303, 0.6127
0.9262, 0.6127
0.9221, 0.6086
0.9180, 0.6086
0.9139, 0.6086
0.9016, 0.6045
0.8934, 0.6045
0.8893, 0.6045
0.8811, 0.6004
0.8689, 0.6004
0.8566, 0.6004
0.8484, 0.6004
0.8320, 0.6004
0.8238, 0.6004
0.8156, 0.6045
0.8033, 0.6045
0.7992, 0.6086
0.7910, 0.6168
0.7869, 0.6168
0.7828, 0.6250
0.7746, 0.6250
0.7664, 0.6291
0.7623, 0.6332
0.7582, 0.6373
0.7541, 0.6414
0.7500, 0.6496
0.7459, 0.6496
0.7459, 0.6537
0.7418, 0.6578
0.7418, 0.6619
