0.0000, 0.3849
0.0042, 0.3849
0.0084, 0.3849
0.0167, 0.3849
0.0251, 0.3849
0.0335, 0.3849
0.0502, 0.3849
0.0586, 0.3849
0.0711, 0.3849
0.0879, 0.3849
0.1004, 0.3849
0.1130, 0.3849
0.1297, 0.3849
0.1423, 0.3849
0.1590, 0.3891
0.1674, 0.3891
0.1799, 0.3891
0.1925, 0.3933
0.1967, 0.3933
0.2008, 0.3933
0.2050, 0.3933
0.2050, 0.3891
0.2092, 0.3724
0.2134, 0.3598
0.2176, 0.3515
0.2259, 0.3431
0.2259, 0.3347
0.2301, 0.3264
0.2301, 0.3222
0.2343, 0.3096
0.2343, 0.3054
0.2385, 0.3013
0.2385, 0.2971
0.2427, 0.2929
0.2427, 0.2887
0.2469, 0.2845
0.2469, 0.2762
0.2511, 0.2720
0.2594, 0.2720
0.2594, 0.2636
0.2636, 0.2636
0.2678, 0.2594
0.2678, 0.2552
0.2720, 0.2552
0.2761, 0.2552
0.2761, 0.2511
0.2803, 0.2469
0.2845, 0.2469
0.2845, 0.2385
0.2929, 0.2385
0.2971, 0.2385
0.2971, 0.2343
0.3013, 0.2343
0.3054, 0.2301
0.3138, 0.2301
0.3180, 0.2259
0.3306, 0.2218
0.3347, 0.2218
0.3431, 0.2218
0.3515, 0.2218
0.3640, 0.2176
0.3682, 0.2176
0.3766, 0.2176
0.3849, 0.2176
0.3975, 0.2134
0.4059, 0.2134
0.4184, 0.2134
0.4310, 0.2134
0.4435, 0.2134
0.4561, 0.2176
0.4728, 0.2259
0.4812, 0.2301
0.4937, 0.2427
0.5105, 0.2552
0.5230, 0.2678
0.5439, 0.2971
0.5523, 0.3180
0.5607, 0.3347
0.5690, 0.3556
0.5774, 0.3849
0.5816, 0.4059
0.5900, 0.4310
0.5941, 0.4561
0.5983, 0.4770
0.6109, 0.5021
0.6151, 0.5272
0.6192, 0.5439
0.6234, 0.5649
0.6276, 0.5732
0.6318, 0.5900
0.6402, 0.5983
0.6444, 0.6067
0.6444, 0.6151
0.6527, 0.6276
0.6569, 0.6360
0.6611, 0.6444
0.6653, 0.6569
0.6778, 0.6653
0.6862, 0.6736
0.6904, 0.6778
0.6987, 0.6862
0.7113, 0.6987
0.7239, 0.7071
0.7280, 0.7113
0.7364, 0.7155
0.7489, 0.7197
0.7573, 0.7280
0.7699, 0.7322
0.7824, 0.7406
0.7908, 0.7448
0.7992, 0.7489
0.8117, 0.7489
0.8201, 0.7615
0.8285, 0.7615
0.8368, 0.7699
0.8494, 0.7699
0.8577, 0.7741
0.8661, 0.7741
0.8745, 0.7782
0.8870, 0.7782
0.8954, 0.7824
0.9038, 0.7824
0.9080, 0.7824
0.9205, 0.7824
0.9247, 0.7824
0.9289, 0.7824
0.9331, 0.7866
0.9372, 0.7866
0.9414, 0.7866
0.9498, 0.7866
0.9540, 0.7866
0.9582, 0.7866
0.9665, 0.7824
0.9707, 0.7741
0.9749, 0.7699
0.9875, 0.7657
0.9916, 0.7531
0.9958, 0.7489
0.9958, 0.7406
1.0000, 0.7322
1.0000, 0.7197
1.0000, 0.7155
1.0000, 0.7071
1.0000, 0.7029
1.0000, 0.6904
1.0000, 0.6862
1.0000, 0.6820
1.0000, 0.6736
0.9958, 0.6695
0.9916, 0.6653
0.9875, 0.6611
0.9791, 0.6527
0.9791, 0.6485
0.9749, 0.6485
0.9707, 0.6444
0.9665, 0.6402
0.9623, 0.6402
0.9582, 0.6360
0.9540, 0.6360
0.9456, 0.6360
0.9414, 0.6360
0.9372, 0.6360
0.9289, 0.6360
0.9247, 0.6360
0.9205, 0.6360
0.9080, 0.6360
0.8996, 0.6360
0.8912, 0.6360
0.8787, 0.6360
0.8703, 0.6360
0.8661, 0.6360
0.8577, 0.6360
0.8494, 0.6402
0.8368, 0.6444
0.8326, 0.6444
0.8285, 0.6569
0.8201, 0.6611
0.8159, 0.6653
0.8075, 0.6695
0.8033, 0.6736
0.7992, 0.6778
0.7992, 0.6820
0.7950, 0.6820
0.7950, 0.6862
0.7908, 0.6946
