0.0000, 0.4509
0.0140, 0.4509
0.0280, 0.4509
0.0421, 0.4509
0.0654, 0.4509
0.0841, 0.4556
0.1075, 0.4556
0.1308, 0.4556
0.1402, 0.4556
0.1495, 0.4556
0.1682, 0.4556
0.1776, 0.4603
0.1869, 0.4603
0.1916, 0.4603
0.2056, 0.4603
0.2150, 0.4603
0.2196, 0.4603
0.2243, 0.4603
0.2290, 0.4603
0.2336, 0.4603
0.2383, 0.4603
0.2477, 0.4603
0.2523, 0.4603
0.2570, 0.4603
0.2617, 0.4603
0.2617, 0.4556
0.2617, 0.4463
0.2617, 0.4276
0.2617, 0.4182
0.2617, 0.4089
0.2617, 0.3995
0.2617, 0.3808
0.2617, 0.3715
0.2617, 0.3621
0.2617, 0.3481
0.2617, 0.3388
0.2617, 0.3294
0.2664, 0.3154
0.2664, 0.3108
0.2710, 0.3014
0.2710, 0.2921
0.2710, 0.2780
0.2757, 0.2687
0.2757, 0.2640
0.2850, 0.2547
0.2850, 0.2500
0.2897, 0.2453
0.2897, 0.2360
0.2944, 0.2313
0.2944, 0.2266
0.2991, 0.2220
0.3037, 0.2173
0.3084, 0.2080
0.3131, 0.1986
0.3131, 0.1939
0.3224, 0.1892
0.3271, 0.1846
0.3318, 0.1846
0.3365, 0.1799
0.3411, 0.1752
0.3458, 0.1752
0.3505, 0.1752
0.3551, 0.1706
0.3645, 0.1706
0.3738, 0.1706
0.3785, 0.1706
0.3925, 0.1706
0.4066, 0.1706
0.4252, 0.1752
0.4393, 0.1799
0.4579, 0.1846
0.4720, 0.1846
0.4813, 0.1939
0.4860, 0.1939
0.4953, 0.2080
0.5000, 0.2080
0.5140, 0.2173
0.5187, 0.2220
0.5234, 0.2313
0.5327, 0.2407
0.5374, 0.2453
0.5421, 0.2547
0.5514, 0.2593
0.5514, 0.2687
0.5561, 0.2734
0.5607, 0.2874
0.5607, 0.2921
0.5654, 0.3014
0.5654, 0.3108
0.5654, 0.3248
0.5654, 0.3341
0.5701, 0.3435
0.5701, 0.3621
0.5701, 0.3715
0.5701, 0.3855
0.5701, 0.3995
0.5701, 0.4136
0.5701, 0.4229
0.5701, 0.4416
0.5701, 0.4556
0.5701, 0.4650
0.5701, 0.4883
0.5701, 0.5023
0.5701, 0.5257
0.5701, 0.5491
0.5701, 0.5631
0.5701, 0.5911
0.5701, 0.6051
0.5701, 0.6145
0.5701, 0.6379
0.5748, 0.6472
0.5748, 0.6659
0.5794, 0.6752
0.5888, 0.6893
0.5935, 0.7033
0.5981, 0.7173
0.6028, 0.7266
0.6075, 0.7313
0.6122, 0.7453
0.6262, 0.7547
0.6355, 0.7640
0.6402, 0.7687
0.6495, 0.7827
0.6589, 0.7874
0.6776, 0.7921
0.6869, 0.7967
0.7056, 0.8061
0.7196, 0.8061
0.7336, 0.8201
0.7523, 0.8201
0.7664, 0.8248
0.7851, 0.8248
0.7991, 0.8294
0.8131, 0.8294
0.8318, 0.8294
0.8411, 0.8294
0.8598, 0.8294
0.8692, 0.8294
0.8832, 0.8294
0.8972, 0.8294
0.9159, 0.8294
0.9252, 0.8294
0.9439, 0.8294
0.9533, 0.8248
0.9626, 0.8108
0.9767, 0.8061
0.9813, 0.7967
0.9907, 0.7874
0.9953, 0.7734
1.0000, 0.7640
1.0000, 0.7593
1.0000, 0.7500
1.0000, 0.7360
1.0000, 0.7313
1.0000, 0.7266
1.0000, 0.7173
0.9953, 0.7126
0.9907, 0.7080
0.9860, 0.6986
0.9813, 0.6986
0.9720, 0.6939
0.9673, 0.6939
0.9579, 0.6893
0.9533, 0.6893
0.9486, 0.6893
0.9439, 0.6893
0.9393, 0.6893
0.9299, 0.6893
0.9252, 0.6893
0.9206, 0.6893
0.9206, 0.6846
0.9112, 0.6846
0.9066, 0.6846
0.9019, 0.6846
0.8879, 0.6846
0.8738, 0.6846
0.8645, 0.6939
0.8505, 0.7033
0.8411, 0.7080
0.8318, 0.7126
0.8178, 0.7220
0.8084, 0.7266
0.7991, 0.7313
0.7944, 0.7360
0.7897, 0.7453
0.7757, 0.7500
0.7757, 0.7547
0.7664, 0.7593
0.7617, 0.7640
0.7570, 0.7687
0.7523, 0.7734
0.7523, 0.7827
0.7477, 0.7827
