0.0000, 0.5113
0.0045, 0.5113
0.0272, 0.5068
0.0724, 0.4977
0.1041, 0.4977
0.1403, 0.4932
0.1720, 0.4932
0.1901, 0.4932
0.2081, 0.4932
0.2172, 0.4932
0.2262, 0.4932
0.2308, 0.4932
0.2308, 0.4887
0.2308, 0.4615
0.2217, 0.4389
0.2172, 0.4208
0.2172, 0.4118
0.2127, 0.3982
0.2127, 0.3846
0.2127, 0.3756
0.2127, 0.3620
0.2127, 0.3575
0.2127, 0.3484
0.2127, 0.3394
0.2127, 0.3258
0.2127, 0.3213
0.2127, 0.3122
0.2127, 0.3077
0.2127, 0.3032
0.2127, 0.2986
0.2127, 0.2896
0.2127, 0.2851
0.2172, 0.2805
0.2217, 0.2715
0.2217, 0.2670
0.2262, 0.2624
0.2308, 0.2579
0.2308, 0.2489
0.2353, 0.2444
0.2443, 0.2444
0.2443, 0.2353
0.2489, 0.2353
0.2534, 0.2308
0.2579, 0.2262
0.2624, 0.2262
0.2624, 0.2217
0.2670, 0.2217
0.2670, 0.2127
0.2715, 0.2127
0.2805, 0.2127
0.2851, 0.2081
0.2896, 0.2081
0.2941, 0.2036
0.2986, 0.2036
0.3032, 0.2036
0.3077, 0.2036
0.3168, 0.2036
0.3213, 0.2036
0.3258, 0.2036
0.3348, 0.2036
0.3439, 0.2036
0.3575, 0.2036
0.3620, 0.2036
0.3710, 0.2081
0.3756, 0.2081
0.3801, 0.2172
0.3846, 0.2172
0.3982, 0.2217
0.4027, 0.2262
0.4118, 0.2308
0.4208, 0.2353
0.4299, 0.2353
0.4344, 0.2398
0.4434, 0.2444
0.4480, 0.2579
0.4525, 0.2624
0.4570, 0.2670
0.4661, 0.2760
0.4706, 0.2805
0.4706, 0.2941
0.4751, 0.2986
0.4796, 0.3122
0.4842, 0.3213
0.4887, 0.3394
0.4932, 0.3529
0.5023, 0.3710
0.5068, 0.3846
0.5113, 0.4072
0.5204, 0.4253
0.5249, 0.4480
0.5339, 0.4661
0.5430, 0.4887
0.5520, 0.5158
0.5611, 0.5385
0.5656, 0.5611
0.5792, 0.5792
0.5837, 0.5973
0.5928, 0.6109
0.6018, 0.6290
0.6063, 0.6380
0.6199, 0.6471
0.6290, 0.6561
0.6380, 0.6697
0.6516, 0.6742
0.6606, 0.6833
0.6742, 0.6923
0.6833, 0.7014
0.7014, 0.7104
0.7104, 0.7149
0.7285, 0.7240
0.7421, 0.7285
0.7511, 0.7421
0.7692, 0.7466
0.7828, 0.7511
0.8009, 0.7556
0.8145, 0.7647
0.8235, 0.7692
0.8416, 0.7783
0.8507, 0.7783
0.8643, 0.7873
0.8778, 0.7873
0.8869, 0.7919
0.8914, 0.7919
0.9005, 0.7964
0.9140, 0.7964
0.9231, 0.7964
0.9321, 0.7964
0.9366, 0.7964
0.9412, 0.7964
0.9502, 0.7964
0.9547, 0.7964
0.9593, 0.7964
0.9638, 0.7964
0.9683, 0.7964
0.9728, 0.7919
0.9774, 0.7828
0.9909, 0.7692
0.9955, 0.7602
0.9955, 0.7511
1.0000, 0.7376
1.0000, 0.7285
1.0000, 0.7195
1.0000, 0.7149
1.0000, 0.7059
1.0000, 0.6923
1.0000, 0.6878
1.0000, 0.6833
1.0000, 0.6787
1.0000, 0.6697
1.0000, 0.6606
0.9955, 0.6606
0.9864, 0.6561
0.9819, 0.6516
0.9819, 0.6471
0.9728, 0.6471
0.9638, 0.6425
0.9547, 0.6425
0.9412, 0.6425
0.9366, 0.6380
0.9321, 0.6380
0.9276, 0.6380
0.9231, 0.6380
0.9095, 0.6380
0.9050, 0.6380
0.8914, 0.6380
0.8733, 0.6380
0.8643, 0.6380
0.8552, 0.6380
0.8371, 0.6380
0.8326, 0.6425
0.8235, 0.6471
0.8145, 0.6471
0.8099, 0.6516
0.8054, 0.6561
0.7964, 0.6652
0.7919, 0.6697
0.7873, 0.6742
0.7828, 0.6787
0.7783, 0.6833
0.7738, 0.6878
0.7738, 0.6923
0.7692, 0.7014
