0.7329, 0.5939
0.7365, 0.5939
0.7473, 0.5903
0.7653, 0.5830
0.7762, 0.5794
0.7906, 0.5794
0.7978, 0.5758
0.8087, 0.5758
0.8195, 0.5758
0.8267, 0.5758
0.8339, 0.5758
0.8412, 0.5758
0.8556, 0.5758
0.8628, 0.5758
0.8700, 0.5758
0.8845, 0.5758
0.8953, 0.5794
0.9134, 0.5866
0.9242, 0.5866
0.9422, 0.5939
0.9531, 0.5939
0.9603, 0.6011
0.9711, 0.6047
0.9783, 0.6083
0.9819, 0.6191
0.9856, 0.6264
0.9892, 0.6336
0.9928, 0.6444
1.0000, 0.6552
1.0000, 0.6625
1.0000, 0.6769
1.0000, 0.6877
0.9964, 0.6986
0.9892, 0.7094
0.9856, 0.7166
0.9783, 0.7238
0.9711, 0.7383
0.9603, 0.7455
0.9495, 0.7491
0.9422, 0.7563
0.9314, 0.7635
0.9242, 0.7635
0.9170, 0.7635
0.9134, 0.7671
0.9025, 0.7671
0.8953, 0.7671
0.8917, 0.7671
0.8773, 0.7671
0.8736, 0.7671
0.8664, 0.7671
0.8592, 0.7671
0.8520, 0.7671
0.8412, 0.7671
0.8339, 0.7671
0.8267, 0.7671
0.8159, 0.7671
0.8087, 0.7671
0.8014, 0.7671
0.7942, 0.7671
0.7834, 0.7671
0.7762, 0.7671
0.7689, 0.7671
0.7545, 0.7671
0.7473, 0.7671
0.7401, 0.7599
0.7365, 0.7599
0.7256, 0.7563
0.7220, 0.7563
0.7184, 0.7563
0.7148, 0.7563
0.7112, 0.7527
0.7076, 0.7527
0.7040, 0.7491
0.6968, 0.7491
0.6895, 0.7491
0.6859, 0.7419
0.6751, 0.7310
0.6534, 0.7094
0.5559, 0.4892
0.5271, 0.3989
0.5162, 0.3809
0.5090, 0.3592
0.4982, 0.3303
0.4874, 0.3123
0.4801, 0.2978
0.4693, 0.2798
0.4585, 0.2726
0.4404, 0.2545
0.4224, 0.2437
0.4115, 0.2365
0.3971, 0.2365
0.3935, 0.2329
0.3863, 0.2329
0.3755, 0.2329
0.3069, 0.2653
0.2888, 0.2726
0.2563, 0.2942
0.2347, 0.3159
0.2058, 0.3556
0.1985, 0.3809
0.1985, 0.4061
0.1985, 0.4278
0.1985, 0.4495
0.1985, 0.4675
0.1985, 0.4820
0.1985, 0.4964
0.1985, 0.5108
0.1985, 0.5253
0.1985, 0.5361
0.1985, 0.5397
0.1985, 0.5433
0.1985, 0.5469
0.1985, 0.5578
0.0397, 0.5722
0.0144, 0.5758
0.0072, 0.5830
0.0000, 0.5830
