0.1190, 0.2298
0.1226, 0.2298
0.1262, 0.2298
0.1297, 0.2298
0.1368, 0.2298
0.1404, 0.2298
0.1440, 0.2298
0.1475, 0.2298
0.1511, 0.2298
0.1546, 0.2298
0.1582, 0.2298
0.1618, 0.2298
0.1653, 0.2298
0.1689, 0.2298
0.1724, 0.2298
0.1760, 0.2298
0.1796, 0.2298
0.1831, 0.2298
0.1867, 0.2298
0.1902, 0.2298
0.1938, 0.2298
0.1974, 0.2298
0.2009, 0.2298
0.2045, 0.2298
0.2080, 0.2298
0.2116, 0.2298
0.2151, 0.2298
0.2187, 0.2298
0.2223, 0.2298
0.2258, 0.2298
0.2294, 0.2298
0.2329, 0.2298
0.2365, 0.2298
0.2401, 0.2298
0.2436, 0.2298
0.2472, 0.2298
0.2507, 0.2298
0.2507, 0.2274
0.2543, 0.2274
0.2579, 0.2274
0.2614, 0.2274
0.2650, 0.2249
0.2685, 0.2249
0.2721, 0.2249
0.2721, 0.2225
0.2757, 0.2225
0.2757, 0.2200
0.2757, 0.2176
0.2792, 0.2176
0.2828, 0.2152
0.2828, 0.2127
0.2863, 0.2127
0.2863, 0.2103
0.2863, 0.2078
0.2863, 0.2054
0.2863, 0.2029
0.2863, 0.2005
0.2863, 0.1980
0.2863, 0.1956
0.2863, 0.1932
0.2863, 0.1907
0.2863, 0.1883
0.2863, 0.1858
0.2863, 0.1834
0.2863, 0.1809
0.2863, 0.1785
0.2863, 0.1760
0.2863, 0.1736
0.2863, 0.1711
0.2863, 0.1687
0.2863, 0.1663
0.2828, 0.1663
0.2828, 0.1638
0.2828, 0.1614
0.2828, 0.1589
0.2828, 0.1565
0.2792, 0.1540
0.2792, 0.1516
0.2792, 0.1491
0.2792, 0.1467
0.2792, 0.1443
0.2757, 0.1418
0.2757, 0.1394
0.2757, 0.1369
0.2757, 0.1345
0.2721, 0.1345
0.2721, 0.1320
0.2721, 0.1296
0.2721, 0.1271
0.2721, 0.1247
0.2721, 0.1222
0.2721, 0.1198
0.2721, 0.1174
0.2721, 0.1149
0.2685, 0.1149
0.2685, 0.1125
0.2685, 0.1100
0.2685, 0.1076
0.2685, 0.1051
0.2685, 0.1027
0.2650, 0.1027
0.2650, 0.1002
0.2650, 0.0978
0.2650, 0.0954
0.2650, 0.0929
0.2650, 0.0905
0.2650, 0.0880
0.2614, 0.0880
0.2614, 0.0856
0.2614, 0.0831
0.2614, 0.0807
0.2614, 0.0782
0.2614, 0.0758
0.2614, 0.0733
0.2614, 0.0709
0.2614, 0.0685
0.2614, 0.0660
0.2614, 0.0636
0.2614, 0.0611
0.2614, 0.0587
0.2614, 0.0562
0.2614, 0.0538
0.2614, 0.0513
0.2614, 0.0489
0.2614, 0.0465
0.2614, 0.0440
0.2614, 0.0416
0.2614, 0.0391
0.2650, 0.0367
0.2650, 0.0342
0.2685, 0.0342
0.2685, 0.0318
0.2685, 0.0293
0.2685, 0.0269
0.2721, 0.0269
0.2721, 0.0244
0.2757, 0.0244
0.2757, 0.0220
0.2757, 0.0196
0.2792, 0.0196
0.2792, 0.0171
0.2792, 0.0147
0.2828, 0.0147
0.2828, 0.0122
0.2863, 0.0122
0.2899, 0.0098
0.2935, 0.0073
0.2970, 0.0073
0.3006, 0.0049
0.3041, 0.0049
0.3041, 0.0024
0.3077, 0.0024
0.3113, 0.0024
0.3113, 0.0000
0.3148, 0.0000
0.3184, 0.0000
0.3219, 0.0000
0.3255, 0.0000
0.3290, 0.0000
0.3326, 0.0000
0.3362, 0.0000
0.3397, 0.0000
0.3433, 0.0000
0.3468, 0.0000
0.3504, 0.0000
0.3540, 0.0000
0.3575, 0.0000
0.3611, 0.0000
0.3646, 0.0000
0.3682, 0.0000
0.3718, 0.0000
0.3754, 0.0000
0.3790, 0.0000
0.3825, 0.0000
0.3861, 0.0000
0.3897, 0.0000
0.3932, 0.0000
0.3968, 0.0024
0.4003, 0.0024
0.4039, 0.0024
0.4075, 0.0024
0.4075, 0.0049
0.4110, 0.0049
0.4146, 0.0049
0.4181, 0.0049
0.4217, 0.0049
0.4253, 0.0049
0.4253, 0.0073
0.4288, 0.0073
0.4324, 0.0073
0.4324, 0.0098
0.4359, 0.0098
0.4395, 0.0098
0.4430, 0.0122
0.4466, 0.0122
0.4466, 0.0147
0.4502, 0.0147
0.4502, 0.0171
0.4537, 0.0171
0.4573, 0.0171
0.4608, 0.0196
0.4608, 0.0220
0.4644, 0.0220
0.4680, 0.0220
0.4680, 0.0244
0.4715, 0.0244
0.4715, 0.0269
0.4751, 0.0269
0.4786, 0.0293
0.4822, 0.0293
0.4822, 0.0318
0.4858, 0.0318
0.4858, 0.0342
0.4893, 0.0342
0.4893, 0.0367
0.4929, 0.0391
0.4964, 0.0416
0.5000, 0.0440
0.5000, 0.0465
0.5036, 0.0465
0.5036, 0.0489
0.5071, 0.0513
0.5107, 0.0538
0.5142, 0.0538
0.5142, 0.0562
0.5142, 0.0587
0.5178, 0.0587
0.5214, 0.0587
0.5214, 0.0611
0.5214, 0.0636
0.5249, 0.0636
0.5285, 0.0636
0.5285, 0.0660
0.5320, 0.0660
0.5320, 0.0685
0.5320, 0.0709
0.5356, 0.0709
0.5392, 0.0709
0.5392, 0.0733
0.5427, 0.0758
0.5463, 0.0758
0.5463, 0.0782
0.5498, 0.0807
0.5534, 0.0831
0.5570, 0.0831
0.5570, 0.0856
0.5570, 0.0880
0.5605, 0.0880
0.5641, 0.0880
0.5641, 0.0905
0.5676, 0.0929
0.5676, 0.0954
0.5712, 0.0954
0.5747, 0.0954
0.5747, 0.0978
0.5747, 0.1002
0.5783, 0.1002
0.5819, 0.1027
0.5819, 0.1051
0.5819, 0.1076
0.5854, 0.1076
0.5890, 0.1100
0.5925, 0.1125
0.5925, 0.1149
0.5925, 0.1174
0.5961, 0.1174
0.5961, 0.1198
0.5997, 0.1198
0.5997, 0.1222
0.5997, 0.1247
0.6032, 0.1271
0.6068, 0.1296
0.6068, 0.1320
0.6103, 0.1320
0.6103, 0.1345
0.6103, 0.1369
0.6139, 0.1394
0.6139, 0.1418
0.6175, 0.1418
0.6175, 0.1443
0.6175, 0.1467
0.6210, 0.1467
0.6210, 0.1491
0.6246, 0.1491
0.6246, 0.1516
0.6246, 0.1540
0.6282, 0.1540
0.6282, 0.1565
0.6282, 0.1589
0.6318, 0.1589
0.6318, 0.1614
0.6354, 0.1638
0.6354, 0.1663
0.6354, 0.1687
0.6354, 0.1711
0.6389, 0.1711
0.6389, 0.1736
0.6425, 0.1760
0.6425, 0.1785
0.6460, 0.1785
0.6460, 0.1809
0.6460, 0.1834
0.6496, 0.1858
0.6532, 0.1858
0.6532, 0.1883
0.6532, 0.1907
0.6567, 0.1907
0.6567, 0.1932
0.6567, 0.1956
0.6603, 0.1956
0.6603, 0.1980
0.6603, 0.2005
0.6638, 0.2005
0.6638, 0.2029
0.6674, 0.2029
0.6674, 0.2054
0.6710, 0.2054
0.6710, 0.2078
0.6710, 0.2103
0.6745, 0.2103
0.6745, 0.2127
0.6781, 0.2152
0.6781, 0.2176
0.6816, 0.2200
0.6852, 0.2200
0.6887, 0.2225
0.6887, 0.2249
0.6887, 0.2274
0.6923, 0.2274
0.6923, 0.2298
0.6959, 0.2298
0.6959, 0.2323
0.6994, 0.2347
0.6994, 0.2372
0.7030, 0.2372
0.7030, 0.2396
0.7065, 0.2396
0.7065, 0.2421
0.7065, 0.2445
0.7101, 0.2445
0.7137, 0.2445
0.7137, 0.2469
0.7137, 0.2494
0.7172, 0.2518
0.7208, 0.2518
0.7208, 0.2543
0.7243, 0.2567
0.7243, 0.2592
0.7279, 0.2592
0.7279, 0.2616
0.7279, 0.2641
0.7315, 0.2641
0.7315, 0.2665
0.7315, 0.2689
0.7350, 0.2689
0.7350, 0.2714
0.7386, 0.2714
0.7386, 0.2738
0.7421, 0.2763
0.7421, 0.2787
0.7421, 0.2812
0.7457, 0.2812
0.7493, 0.2812
0.7493, 0.2836
0.7493, 0.2861
0.7528, 0.2861
0.7528, 0.2885
0.7564, 0.2885
0.7599, 0.2910
0.7599, 0.2934
0.7635, 0.2934
0.7635, 0.2958
0.7671, 0.2958
0.7671, 0.2983
0.7706, 0.3007
0.7706, 0.3032
0.7742, 0.3032
0.7742, 0.3056
0.7777, 0.3056
0.7777, 0.3081
0.7813, 0.3105
0.7849, 0.3105
0.7849, 0.3130
0.7849, 0.3154
0.7884, 0.3154
0.7884, 0.3178
0.7920, 0.3178
0.7920, 0.3203
0.7955, 0.3203
0.7955, 0.3227
0.7991, 0.3227
0.8026, 0.3227
0.8026, 0.3252
0.8062, 0.3252
0.8062, 0.3276
0.8098, 0.3276
0.8098, 0.3301
0.8133, 0.3301
0.8169, 0.3301
0.8204, 0.3301
0.8204, 0.3325
0.8240, 0.3350
0.8276, 0.3350
0.8311, 0.3350
0.8347, 0.3350
0.8347, 0.3374
0.8382, 0.3374
0.8382, 0.3399
0.8418, 0.3399
0.8454, 0.3399
0.8454, 0.3423
0.8489, 0.3423
0.8525, 0.3423
0.8560, 0.3423
0.8560, 0.3447
0.8596, 0.3447
0.8596, 0.3472
0.8632, 0.3472
0.8667, 0.3472
0.8703, 0.3472
0.8738, 0.3496
0.8774, 0.3496
0.8810, 0.3496
0.8846, 0.3496
0.8846, 0.3521
0.8882, 0.3521
0.8917, 0.3521
0.8953, 0.3521
0.8989, 0.3521
0.9024, 0.3521
0.9060, 0.3521
0.9095, 0.3521
0.9131, 0.3496
0.9166, 0.3496
0.9202, 0.3472
0.9238, 0.3472
0.9238, 0.3447
0.9273, 0.3447
0.9309, 0.3447
0.9344, 0.3423
0.9380, 0.3399
0.9416, 0.3374
0.9451, 0.3374
0.9487, 0.3350
0.9522, 0.3325
0.9558, 0.3325
0.9558, 0.3301
0.9594, 0.3276
0.9594, 0.3252
0.9629, 0.3252
0.9665, 0.3227
0.9665, 0.3203
0.9700, 0.3203
0.9700, 0.3178
0.9700, 0.3154
0.9700, 0.3130
0.9736, 0.3130
0.9736, 0.3105
0.9736, 0.3081
0.9736, 0.3056
0.9736, 0.3032
0.9736, 0.3007
0.9736, 0.2983
0.9736, 0.2958
0.9736, 0.2934
0.9736, 0.2910
0.9736, 0.2885
0.9700, 0.2861
0.9700, 0.2836
0.9665, 0.2836
0.9665, 0.2812
0.9629, 0.2812
0.9629, 0.2787
0.9629, 0.2763
0.9594, 0.2763
0.9594, 0.2738
0.9594, 0.2714
0.9558, 0.2714
0.9558, 0.2689
0.9522, 0.2689
0.9522, 0.2665
0.9487, 0.2665
0.9487, 0.2641
0.9451, 0.2641
0.9451, 0.2616
0.9451, 0.2592
0.9416, 0.2592
0.9416, 0.2567
0.9380, 0.2543
0.9344, 0.2518
0.9309, 0.2494
0.9273, 0.2494
0.9273, 0.2469
0.9238, 0.2469
0.9202, 0.2469
0.9202, 0.2445
0.9166, 0.2445
0.9166, 0.2421
0.9131, 0.2421
0.9095, 0.2421
0.9060, 0.2421
0.9024, 0.2421
0.9024, 0.2396
0.8989, 0.2396
0.8953, 0.2396
0.8917, 0.2372
0.8882, 0.2372
0.8846, 0.2372
0.8846, 0.2347
0.8810, 0.2347
0.8774, 0.2347
0.8738, 0.2347
0.8703, 0.2347
0.8667, 0.2347
0.8632, 0.2347
0.8596, 0.2347
0.8560, 0.2347
0.8525, 0.2347
0.8489, 0.2347
0.8454, 0.2347
0.8418, 0.2347
0.8382, 0.2347
0.8347, 0.2347
0.8311, 0.2347
0.8276, 0.2347
0.8240, 0.2347
0.8204, 0.2347
0.8169, 0.2347
