0.0000, 0.4596
0.0224, 0.4596
0.0538, 0.4596
0.1121, 0.4596
0.1480, 0.4596
0.1749, 0.4596
0.1973, 0.4596
0.2197, 0.4596
0.2332, 0.4596
0.2466, 0.4596
0.2511, 0.4596
0.2556, 0.4596
0.2601, 0.4462
0.2646, 0.4238
0.2691, 0.4058
0.2691, 0.3924
0.2780, 0.3789
0.2780, 0.3655
0.2825, 0.3565
0.2825, 0.3431
0.2825, 0.3296
0.2870, 0.3206
0.2870, 0.3117
0.2915, 0.2982
0.2915, 0.2937
0.2960, 0.2847
0.3004, 0.2758
0.3004, 0.2713
0.3049, 0.2668
0.3094, 0.2534
0.3184, 0.2489
0.3229, 0.2444
0.3229, 0.2399
0.3274, 0.2354
0.3318, 0.2354
0.3363, 0.2309
0.3453, 0.2220
0.3587, 0.2130
0.3677, 0.2085
0.3812, 0.2040
0.4036, 0.1996
0.4260, 0.1951
0.4439, 0.1951
0.4664, 0.1951
0.4933, 0.1996
0.5157, 0.2085
0.5291, 0.2175
0.5471, 0.2309
0.5561, 0.2399
0.5605, 0.2444
0.5740, 0.2534
0.5785, 0.2668
0.5830, 0.2758
0.5874, 0.2847
0.5919, 0.2937
0.5964, 0.3072
0.6009, 0.3161
0.6054, 0.3251
0.6144, 0.3386
0.6144, 0.3475
0.6188, 0.3565
0.6233, 0.3655
0.6233, 0.3744
0.6278, 0.3834
0.6278, 0.3969
0.6278, 0.4103
0.6323, 0.4193
0.6323, 0.4282
0.6323, 0.4417
0.6323, 0.4641
0.6323, 0.4776
0.6323, 0.4955
0.6323, 0.5090
0.6323, 0.5359
0.6323, 0.5583
0.6323, 0.5762
0.6323, 0.5942
0.6323, 0.6076
0.6323, 0.6300
0.6323, 0.6435
0.6323, 0.6525
0.6323, 0.6659
0.6368, 0.6749
0.6368, 0.6839
0.6368, 0.6928
0.6412, 0.7063
0.6412, 0.7152
0.6502, 0.7242
0.6547, 0.7332
0.6592, 0.7466
0.6682, 0.7511
0.6771, 0.7601
0.6861, 0.7646
0.6951, 0.7690
0.7040, 0.7780
0.7130, 0.7825
0.7265, 0.7825
0.7354, 0.7870
0.7489, 0.7915
0.7668, 0.7915
0.7803, 0.7960
0.8027, 0.7960
0.8161, 0.7960
0.8386, 0.8004
0.8520, 0.8004
0.8699, 0.8049
0.8879, 0.8049
0.8969, 0.8049
0.9103, 0.8049
0.9193, 0.8049
0.9282, 0.8049
0.9372, 0.8049
0.9462, 0.8049
0.9507, 0.8049
0.9552, 0.8049
0.9641, 0.8049
0.9686, 0.8049
0.9731, 0.8004
0.9821, 0.7960
0.9865, 0.7915
0.9910, 0.7870
0.9910, 0.7825
0.9955, 0.7735
0.9955, 0.7690
0.9955, 0.7646
0.9955, 0.7601
1.0000, 0.7556
1.0000, 0.7511
1.0000, 0.7466
1.0000, 0.7332
1.0000, 0.7287
0.9955, 0.7242
0.9910, 0.7152
0.9865, 0.7108
0.9776, 0.7063
0.9731, 0.6973
0.9686, 0.6928
0.9641, 0.6883
0.9596, 0.6883
0.9596, 0.6839
0.9552, 0.6839
0.9507, 0.6794
0.9417, 0.6794
0.9372, 0.6749
0.9327, 0.6749
0.9282, 0.6704
0.9238, 0.6704
0.9193, 0.6704
0.9148, 0.6704
0.9058, 0.6704
0.9013, 0.6704
0.8969, 0.6704
0.8879, 0.6704
0.8789, 0.6704
0.8610, 0.6704
0.8565, 0.6704
0.8475, 0.6749
0.8386, 0.6749
0.8296, 0.6794
0.8251, 0.6794
0.8206, 0.6839
0.8161, 0.6839
0.8117, 0.6839
0.8072, 0.6883
0.8027, 0.6883
