0.0000, 0.4257
0.0148, 0.4257
0.0347, 0.4257
0.0594, 0.4257
0.0842, 0.4257
0.1089, 0.4257
0.1188, 0.4257
0.1436, 0.4257
0.1584, 0.4257
0.1782, 0.4257
0.1881, 0.4307
0.2030, 0.4307
0.2178, 0.4307
0.2277, 0.4307
0.2327, 0.4307
0.2376, 0.4307
0.2426, 0.4356
0.2426, 0.4257
0.2426, 0.4010
0.2475, 0.3762
0.2475, 0.3564
0.2475, 0.3416
0.2475, 0.3267
0.2475, 0.3119
0.2574, 0.2970
0.2574, 0.2871
0.2574, 0.2772
0.2624, 0.2723
0.2624, 0.2624
0.2624, 0.2574
0.2624, 0.2525
0.2673, 0.2475
0.2673, 0.2426
0.2723, 0.2376
0.2723, 0.2327
0.2822, 0.2228
0.2822, 0.2178
0.2871, 0.2129
0.2970, 0.2129
0.2970, 0.2079
0.3020, 0.2079
0.3069, 0.2079
0.3069, 0.2030
0.3119, 0.2030
0.3168, 0.2030
0.3218, 0.1980
0.3267, 0.1980
0.3366, 0.1980
0.3416, 0.1980
0.3465, 0.1980
0.3515, 0.1980
0.3564, 0.1980
0.3614, 0.1980
0.3663, 0.1980
0.3762, 0.1980
0.3812, 0.1980
0.3911, 0.1980
0.3960, 0.1980
0.4059, 0.2030
0.4208, 0.2079
0.4307, 0.2129
0.4406, 0.2277
0.4505, 0.2327
0.4604, 0.2376
0.4703, 0.2475
0.4802, 0.2574
0.4851, 0.2673
0.4901, 0.2723
0.5000, 0.2822
0.5099, 0.2921
0.5149, 0.2970
0.5198, 0.3119
0.5297, 0.3218
0.5396, 0.3317
0.5446, 0.3366
0.5495, 0.3465
0.5545, 0.3564
0.5594, 0.3614
0.5644, 0.3713
0.5693, 0.3812
0.5743, 0.3960
0.5842, 0.4059
0.5891, 0.4109
0.5941, 0.4208
0.5990, 0.4406
0.6040, 0.4505
0.6040, 0.4604
0.6089, 0.4802
0.6139, 0.4950
0.6238, 0.5148
0.6287, 0.5297
0.6287, 0.5445
0.6337, 0.5594
0.6386, 0.5743
0.6436, 0.5941
0.6436, 0.6039
0.6485, 0.6139
0.6535, 0.6337
0.6535, 0.6436
0.6634, 0.6535
0.6634, 0.6634
0.6683, 0.6782
0.6683, 0.6832
0.6733, 0.6931
0.6782, 0.6980
0.6782, 0.7030
0.6832, 0.7079
0.6881, 0.7228
0.6931, 0.7277
0.7030, 0.7327
0.7079, 0.7376
0.7129, 0.7426
0.7228, 0.7475
0.7327, 0.7574
0.7475, 0.7624
0.7574, 0.7673
0.7723, 0.7723
0.7921, 0.7772
0.8119, 0.7822
0.8317, 0.7871
0.8465, 0.7871
0.8713, 0.7970
0.8911, 0.7970
0.9158, 0.8020
0.9356, 0.8020
0.9554, 0.8020
0.9654, 0.8020
0.9752, 0.8020
0.9802, 0.8020
0.9901, 0.8020
0.9950, 0.8020
1.0000, 0.8020
1.0000, 0.7921
1.0000, 0.7871
1.0000, 0.7822
1.0000, 0.7723
1.0000, 0.7673
1.0000, 0.7525
0.9950, 0.7475
0.9852, 0.7426
0.9802, 0.7376
0.9752, 0.7327
0.9654, 0.7327
0.9604, 0.7228
0.9456, 0.7228
0.9356, 0.7129
0.9258, 0.7079
0.9158, 0.7030
0.9059, 0.6980
0.9010, 0.6980
0.8960, 0.6980
0.8960, 0.6931
0.8911, 0.6931
0.8861, 0.6931
0.8861, 0.6881
0.8762, 0.6881
0.8713, 0.6832
0.8614, 0.6832
0.8564, 0.6832
0.8515, 0.6782
0.8465, 0.6683
0.8416, 0.6683
0.8366, 0.6683
0.8366, 0.6634
0.8317, 0.6634
0.8218, 0.6634
0.8168, 0.6634
0.8119, 0.6634
0.8069, 0.6634
0.8020, 0.6634
0.7970, 0.6634
0.7921, 0.6634
0.7822, 0.6733
0.7772, 0.6733
0.7723, 0.6733
