0.0000, 0.4630
0.0087, 0.4630
0.0348, 0.4630
0.0696, 0.4587
0.0913, 0.4587
0.1217, 0.4587
0.1435, 0.4587
0.1609, 0.4587
0.1783, 0.4587
0.1957, 0.4587
0.2044, 0.4587
0.2130, 0.4543
0.2174, 0.4543
0.2174, 0.4500
0.2217, 0.4152
0.2261, 0.3848
0.2261, 0.3500
0.2304, 0.3239
0.2348, 0.3152
0.2348, 0.3065
0.2348, 0.2978
0.2391, 0.2891
0.2391, 0.2804
0.2391, 0.2761
0.2478, 0.2717
0.2478, 0.2674
0.2522, 0.2630
0.2522, 0.2543
0.2522, 0.2500
0.2565, 0.2500
0.2652, 0.2500
0.2826, 0.2500
0.3043, 0.2500
0.3304, 0.2587
0.3435, 0.2630
0.3565, 0.2674
0.3696, 0.2761
0.3783, 0.2804
0.3913, 0.2848
0.4000, 0.2935
0.4043, 0.2978
0.4130, 0.3065
0.4174, 0.3109
0.4304, 0.3152
0.4348, 0.3283
0.4435, 0.3370
0.4522, 0.3457
0.4565, 0.3587
0.4696, 0.3717
0.4739, 0.3848
0.4826, 0.3935
0.4870, 0.4109
0.4913, 0.4196
0.5043, 0.4413
0.5087, 0.4587
0.5130, 0.4848
0.5391, 0.5500
0.5478, 0.5717
0.5565, 0.5935
0.5696, 0.6065
0.5739, 0.6239
0.5826, 0.6370
0.5870, 0.6456
0.5957, 0.6587
0.6087, 0.6674
0.6174, 0.6761
0.6261, 0.6935
0.6435, 0.7022
0.6522, 0.7109
0.6652, 0.7152
0.6826, 0.7283
0.7000, 0.7326
0.7174, 0.7370
0.7304, 0.7413
0.7391, 0.7456
0.7522, 0.7456
0.7609, 0.7456
0.7696, 0.7456
0.7783, 0.7456
0.7913, 0.7456
0.8000, 0.7500
0.8087, 0.7500
0.8217, 0.7500
0.8261, 0.7500
0.8348, 0.7500
0.8435, 0.7500
0.8565, 0.7500
0.8652, 0.7500
0.8783, 0.7500
0.8870, 0.7500
0.8956, 0.7500
0.9043, 0.7500
0.9087, 0.7500
0.9130, 0.7500
0.9174, 0.7500
0.9304, 0.7456
0.9391, 0.7413
0.9478, 0.7326
0.9565, 0.7283
0.9652, 0.7152
0.9739, 0.7109
0.9783, 0.7065
0.9783, 0.6978
0.9870, 0.6848
0.9913, 0.6761
0.9913, 0.6674
1.0000, 0.6500
1.0000, 0.6370
1.0000, 0.6283
1.0000, 0.6109
0.9956, 0.6022
0.9913, 0.5935
0.9870, 0.5848
0.9783, 0.5761
0.9696, 0.5674
0.9565, 0.5630
0.9478, 0.5587
0.9391, 0.5543
0.9261, 0.5500
0.9130, 0.5500
0.9043, 0.5500
0.8913, 0.5413
0.8826, 0.5413
0.8783, 0.5413
0.8696, 0.5413
0.8609, 0.5413
0.8435, 0.5413
0.8304, 0.5457
0.8174, 0.5500
0.8043, 0.5543
0.7913, 0.5587
0.7783, 0.5674
0.7696, 0.5804
0.7652, 0.5891
0.7565, 0.5978
0.7478, 0.6022
0.7435, 0.6065
0.7391, 0.6196
0.7348, 0.6283
0.7304, 0.6326
0.7304, 0.6370
